contractID,symbol,expiration,strike,type,last,mark,bid,bid_size,ask,ask_size,volume,open_interest,date,implied_volatility,delta,gamma,theta,vega,rho
NVDA240517C00005000,NVDA,2024-05-17,5.00,call,929.18,919.80,918.60,1,921.00,5,9,939,2024-05-17,9.99024,1.00000,0.00000,-0.00073,0.00000,0.00014
NVDA240517P00005000,NVDA,2024-05-17,5.00,put,0.01,0.01,0.00,0,0.01,52,0,83,2024-05-17,9.99024,0.00000,0.00000,-0.00000,0.00000,-0.00000
NVDA240517C00010000,NVDA,2024-05-17,10.00,call,933.30,914.80,913.60,1,916.00,5,0,1002,2024-05-17,9.99024,1.00000,0.00000,-0.00146,0.00000,0.00027
NVDA240517P00010000,NVDA,2024-05-17,10.00,put,0.01,0.01,0.00,0,0.01,36,0,174,2024-05-17,9.99024,0.00000,0.00000,-0.00000,0.00000,-0.00000
NVDA240517C00015000,NVDA,2024-05-17,15.00,call,866.58,909.83,908.65,1,911.00,1,0,3,2024-05-17,9.99024,1.00000,0.00000,-0.00219,0.00000,0.00041
NVDA240517P00015000,NVDA,2024-05-17,15.00,put,0.00,0.01,0.00,0,0.01,10,0,0,2024-05-17,9.99024,-0.00000,0.00000,-0.00000,0.00000,-0.00000
NVDA240517C00020000,NVDA,2024-05-17,20.00,call,853.83,904.80,903.60,1,906.00,1,0,829,2024-05-17,9.99024,1.00000,0.00000,-0.00292,0.00000,0.00055
NVDA240517P00020000,NVDA,2024-05-17,20.00,put,0.01,0.01,0.00,0,0.01,10,0,2,2024-05-17,9.99024,-0.00000,0.00000,-0.00000,0.00000,-0.00000
NVDA240517C00025000,NVDA,2024-05-17,25.00,call,889.74,899.80,898.60,1,901.00,1,0,197,2024-05-17,9.99024,1.00000,0.00000,-0.00365,0.00000,0.00068
NVDA240517P00025000,NVDA,2024-05-17,25.00,put,0.01,0.01,0.00,0,0.01,11,0,18,2024-05-17,9.99024,-0.00000,0.00000,-0.00000,0.00000,-0.00000
NVDA240517C00030000,NVDA,2024-05-17,30.00,call,883.16,894.80,893.60,1,896.00,1,0,726,2024-05-17,9.99024,1.00000,0.00000,-0.00438,0.00000,0.00082
NVDA240517P00030000,NVDA,2024-05-17,30.00,put,0.00,0.01,0.00,0,0.01,10,0,0,2024-05-17,9.99024,-0.00000,0.00000,-0.00000,0.00000,-0.00000
NVDA240517C00035000,NVDA,2024-05-17,35.00,call,764.61,889.88,888.75,3,891.00,1,0,35,2024-05-17,9.99024,1.00000,0.00000,-0.00511,0.00000,0.00096
NVDA240517P00035000,NVDA,2024-05-17,35.00,put,0.01,0.01,0.00,0,0.01,10,0,1,2024-05-17,9.99024,-0.00000,0.00000,-0.00000,0.00000,-0.00000
NVDA240517C00040000,NVDA,2024-05-17,40.00,call,835.75,884.80,883.60,1,886.00,1,0,6,2024-05-17,9.99024,1.00000,0.00000,-0.00584,0.00000,0.00110
NVDA240517P00040000,NVDA,2024-05-17,40.00,put,0.00,0.01,0.00,0,0.01,10,0,0,2024-05-17,9.99024,-0.00000,0.00000,-0.00000,0.00000,-0.00000
NVDA240517C00045000,NVDA,2024-05-17,45.00,call,900.00,879.80,878.60,1,881.00,1,0,1,2024-05-17,9.99024,1.00000,0.00000,-0.00657,0.00000,0.00123
NVDA240517P00045000,NVDA,2024-05-17,45.00,put,0.00,0.01,0.00,0,0.01,10,0,0,2024-05-17,9.99024,-0.00000,0.00000,-0.00000,0.00000,-0.00000
NVDA240517C00050000,NVDA,2024-05-17,50.00,call,761.17,874.80,873.65,1,875.95,1,0,60,2024-05-17,9.99024,1.00000,0.00000,-0.00730,0.00000,0.00137
NVDA240517P00050000,NVDA,2024-05-17,50.00,put,0.01,0.01,0.00,0,0.01,10,0,3,2024-05-17,9.99024,-0.00000,0.00000,-0.00000,0.00000,-0.00000
NVDA240517C00055000,NVDA,2024-05-17,55.00,call,851.55,869.88,868.75,3,871.00,1,0,6,2024-05-17,9.99024,1.00000,0.00000,-0.00804,0.00000,0.00151
NVDA240517P00055000,NVDA,2024-05-17,55.00,put,0.00,0.01,0.00,0,0.01,10,0,0,2024-05-17,9.99024,-0.00000,0.00000,-0.00001,0.00000,-0.00000
NVDA240517C00060000,NVDA,2024-05-17,60.00,call,816.75,864.83,863.65,1,866.00,1,0,7,2024-05-17,9.99024,1.00000,0.00000,-0.00879,0.00000,0.00164
NVDA240517P00060000,NVDA,2024-05-17,60.00,put,0.03,0.01,0.00,0,0.01,10,0,1,2024-05-17,9.99024,-0.00000,0.00000,-0.00003,0.00000,-0.00000
NVDA240517C00065000,NVDA,2024-05-17,65.00,call,890.80,859.88,858.75,3,861.00,1,0,1,2024-05-17,9.99024,1.00000,0.00000,-0.00955,0.00000,0.00178
NVDA240517P00065000,NVDA,2024-05-17,65.00,put,0.02,0.01,0.00,0,0.01,10,0,3,2024-05-17,9.99024,-0.00000,0.00000,-0.00006,0.00000,-0.00000
NVDA240517C00070000,NVDA,2024-05-17,70.00,call,741.20,854.80,853.60,1,856.00,5,0,3,2024-05-17,0.01976,1.00000,0.00000,-0.01022,0.00000,0.00192
NVDA240517P00070000,NVDA,2024-05-17,70.00,put,0.03,0.01,0.00,0,0.01,36,0,109,2024-05-17,9.99024,-0.00000,0.00000,-0.00013,0.00000,-0.00000
NVDA240517C00075000,NVDA,2024-05-17,75.00,call,794.88,849.80,848.60,1,851.00,1,0,17,2024-05-17,0.01976,1.00000,0.00000,-0.01095,0.00000,0.00205
NVDA240517P00075000,NVDA,2024-05-17,75.00,put,0.01,0.01,0.00,0,0.01,100,0,521,2024-05-17,9.99024,-0.00000,0.00000,-0.00026,0.00000,-0.00000
NVDA240517C00080000,NVDA,2024-05-17,80.00,call,463.08,844.80,843.60,1,846.00,1,0,1,2024-05-17,0.01976,1.00000,0.00000,-0.01168,0.00000,0.00219
NVDA240517P00080000,NVDA,2024-05-17,80.00,put,0.01,0.01,0.00,0,0.01,10,0,2,2024-05-17,9.99024,-0.00000,0.00000,-0.00048,0.00000,-0.00000
NVDA240517C00085000,NVDA,2024-05-17,85.00,call,791.98,839.88,838.75,3,841.00,3,0,6,2024-05-17,9.99024,1.00000,0.00000,-0.01325,0.00000,0.00233
NVDA240517P00085000,NVDA,2024-05-17,85.00,put,0.03,0.01,0.00,0,0.01,10,0,3,2024-05-17,9.99024,-0.00000,0.00000,-0.00084,0.00000,-0.00000
NVDA240517C00090000,NVDA,2024-05-17,90.00,call,0.00,834.88,833.75,3,836.00,3,0,0,2024-05-17,9.99024,1.00000,0.00000,-0.01456,0.00000,0.00247
NVDA240517P00090000,NVDA,2024-05-17,90.00,put,0.04,0.01,0.00,0,0.01,10,0,7,2024-05-17,9.99024,-0.00000,0.00000,-0.00142,0.00000,-0.00000
NVDA240517C00095000,NVDA,2024-05-17,95.00,call,676.50,829.88,828.75,3,831.00,1,0,1,2024-05-17,9.99024,1.00000,0.00000,-0.01617,0.00000,0.00260
NVDA240517P00095000,NVDA,2024-05-17,95.00,put,0.02,0.01,0.00,0,0.01,36,0,143,2024-05-17,9.99024,-0.00000,0.00000,-0.00230,0.00000,-0.00000
NVDA240517C00150000,NVDA,2024-05-17,150.00,call,799.30,774.80,773.65,1,775.95,5,0,14,2024-05-17,0.01976,1.00000,0.00000,-0.02190,0.00000,0.00411
NVDA240517P00150000,NVDA,2024-05-17,150.00,put,0.01,0.01,0.00,0,0.01,36,0,1119,2024-05-17,9.87317,-0.00008,0.00000,-0.07571,0.00015,-0.00000
NVDA240517C00155000,NVDA,2024-05-17,155.00,call,754.50,769.80,768.60,1,771.00,1,0,16,2024-05-17,0.01976,1.00000,0.00000,-0.02263,0.00000,0.00425
NVDA240517P00155000,NVDA,2024-05-17,155.00,put,0.02,0.01,0.00,0,0.01,18,0,12,2024-05-17,9.69757,-0.00008,0.00000,-0.07591,0.00016,-0.00000
NVDA240517C00160000,NVDA,2024-05-17,160.00,call,738.08,764.80,763.60,1,766.00,1,0,5,2024-05-17,0.01976,1.00000,0.00000,-0.02336,0.00000,0.00438
NVDA240517P00160000,NVDA,2024-05-17,160.00,put,0.06,0.01,0.00,0,0.01,18,0,36,2024-05-17,9.52196,-0.00008,0.00000,-0.07549,0.00016,-0.00000
NVDA240517C00165000,NVDA,2024-05-17,165.00,call,729.44,759.80,758.60,1,761.00,1,0,8,2024-05-17,0.01976,1.00000,0.00000,-0.02409,0.00000,0.00452
NVDA240517P00165000,NVDA,2024-05-17,165.00,put,0.01,0.01,0.00,0,0.01,30,3,73,2024-05-17,9.34636,-0.00008,0.00000,-0.07448,0.00016,-0.00000
NVDA240517C00170000,NVDA,2024-05-17,170.00,call,746.80,754.88,753.75,3,756.00,3,0,8,2024-05-17,9.99024,0.99977,0.00000,-0.23518,0.00042,0.00465
NVDA240517P00170000,NVDA,2024-05-17,170.00,put,0.01,0.01,0.00,0,0.01,18,0,9,2024-05-17,9.19026,-0.00008,0.00000,-0.07499,0.00016,-0.00000
NVDA240517C00175000,NVDA,2024-05-17,175.00,call,768.05,749.88,748.75,3,751.00,1,0,3,2024-05-17,9.99024,0.99971,0.00000,-0.28057,0.00051,0.00479
NVDA240517P00175000,NVDA,2024-05-17,175.00,put,0.01,0.01,0.00,0,0.01,36,0,74,2024-05-17,9.03417,-0.00009,0.00000,-0.07499,0.00017,-0.00000
NVDA240517C00180000,NVDA,2024-05-17,180.00,call,762.05,744.80,743.60,1,746.00,5,0,7,2024-05-17,0.01976,1.00000,0.00000,-0.02628,0.00000,0.00493
NVDA240517P00180000,NVDA,2024-05-17,180.00,put,0.01,0.01,0.00,0,0.01,18,0,28,2024-05-17,8.87808,-0.00009,0.00000,-0.07447,0.00017,-0.00000
NVDA240517C00185000,NVDA,2024-05-17,185.00,call,683.70,739.80,738.60,1,741.00,1,0,4,2024-05-17,0.01976,1.00000,0.00000,-0.02701,0.00000,0.00507
NVDA240517P00185000,NVDA,2024-05-17,185.00,put,0.01,0.01,0.00,0,0.01,18,0,20,2024-05-17,8.74149,-0.00009,0.00000,-0.07568,0.00017,-0.00000
NVDA240517C00190000,NVDA,2024-05-17,190.00,call,713.88,734.80,733.60,1,736.00,5,0,13,2024-05-17,0.01976,1.00000,0.00000,-0.02774,0.00000,0.00520
NVDA240517P00190000,NVDA,2024-05-17,190.00,put,0.01,0.01,0.00,0,0.01,36,0,332,2024-05-17,8.58540,-0.00009,0.00000,-0.07419,0.00017,-0.00000
NVDA240517C00195000,NVDA,2024-05-17,195.00,call,763.00,729.80,728.60,1,731.00,1,0,41,2024-05-17,0.01976,1.00000,0.00000,-0.02847,0.00000,0.00534
NVDA240517P00195000,NVDA,2024-05-17,195.00,put,0.01,0.01,0.00,0,0.01,36,0,91,2024-05-17,8.44882,-0.00009,0.00000,-0.07449,0.00018,-0.00000
NVDA240517C00200000,NVDA,2024-05-17,200.00,call,747.69,724.80,723.65,5,725.95,1,0,10,2024-05-17,0.01976,1.00000,0.00000,-0.02920,0.00000,0.00548
NVDA240517P00200000,NVDA,2024-05-17,200.00,put,0.01,0.01,0.00,0,0.01,534,0,1438,2024-05-17,8.31224,-0.00009,0.00000,-0.07437,0.00018,-0.00000
NVDA240517C00205000,NVDA,2024-05-17,205.00,call,640.67,719.80,718.60,1,721.00,5,0,5,2024-05-17,0.01976,1.00000,0.00000,-0.02993,0.00000,0.00562
NVDA240517P00205000,NVDA,2024-05-17,205.00,put,0.01,0.01,0.00,0,0.01,18,0,73,2024-05-17,8.17565,-0.00009,0.00000,-0.07383,0.00018,-0.00000
NVDA240517C00210000,NVDA,2024-05-17,210.00,call,696.10,714.88,713.75,3,716.00,3,0,4,2024-05-17,9.19026,0.99955,0.00000,-0.38612,0.00077,0.00574
NVDA240517P00210000,NVDA,2024-05-17,210.00,put,0.01,0.01,0.00,0,0.06,32,0,12,2024-05-17,8.05858,-0.00010,0.00000,-0.07527,0.00019,-0.00000
NVDA240517C00215000,NVDA,2024-05-17,215.00,call,661.94,709.88,708.75,3,711.00,1,0,16,2024-05-17,9.03417,0.99955,0.00000,-0.38150,0.00078,0.00588
NVDA240517P00215000,NVDA,2024-05-17,215.00,put,0.01,0.01,0.00,0,0.01,36,0,977,2024-05-17,7.92200,-0.00010,0.00000,-0.07391,0.00019,-0.00000
NVDA240517C00220000,NVDA,2024-05-17,220.00,call,708.24,704.83,703.65,1,706.00,1,4,29,2024-05-17,7.68786,0.99992,0.00000,-0.09297,0.00016,0.00602
NVDA240517P00220000,NVDA,2024-05-17,220.00,put,0.02,0.01,0.00,0,0.01,36,0,160,2024-05-17,7.80493,-0.00010,0.00000,-0.07462,0.00019,-0.00000
NVDA240517C00225000,NVDA,2024-05-17,225.00,call,720.15,699.80,698.60,1,701.00,5,0,12,2024-05-17,0.01976,1.00000,0.00000,-0.03285,0.00000,0.00616
NVDA240517P00225000,NVDA,2024-05-17,225.00,put,0.01,0.01,0.00,0,0.01,36,0,998,2024-05-17,7.68786,-0.00010,0.00000,-0.07499,0.00020,-0.00000
NVDA240517C00230000,NVDA,2024-05-17,230.00,call,703.15,694.80,693.60,1,696.00,5,3,8,2024-05-17,0.01976,1.00000,0.00000,-0.03358,0.00000,0.00630
NVDA240517P00230000,NVDA,2024-05-17,230.00,put,0.02,0.01,0.00,0,0.01,36,0,283,2024-05-17,7.57079,-0.00010,0.00000,-0.07501,0.00020,-0.00000
NVDA240517C00235000,NVDA,2024-05-17,235.00,call,699.79,689.83,688.65,1,691.00,1,1,5,2024-05-17,7.18056,0.99994,0.00000,-0.07897,0.00012,0.00644
NVDA240517P00235000,NVDA,2024-05-17,235.00,put,0.01,0.01,0.00,0,0.01,36,0,94,2024-05-17,7.45372,-0.00010,0.00000,-0.07468,0.00020,-0.00000
NVDA240517C00240000,NVDA,2024-05-17,240.00,call,707.61,684.80,683.60,1,686.00,1,0,5,2024-05-17,0.01976,1.00000,0.00000,-0.03504,0.00000,0.00657
NVDA240517P00240000,NVDA,2024-05-17,240.00,put,0.01,0.01,0.00,0,0.01,18,0,108,2024-05-17,7.33665,-0.00011,0.00000,-0.07401,0.00020,-0.00000
NVDA240517C00245000,NVDA,2024-05-17,245.00,call,604.63,679.83,678.65,1,681.00,1,0,11,2024-05-17,6.84886,0.99995,0.00000,-0.07068,0.00010,0.00671
NVDA240517P00245000,NVDA,2024-05-17,245.00,put,0.02,0.01,0.00,0,0.01,36,0,44,2024-05-17,7.23909,-0.00011,0.00000,-0.07568,0.00021,-0.00000
NVDA240517C00250000,NVDA,2024-05-17,250.00,call,685.50,674.80,673.65,1,675.95,1,5,34,2024-05-17,0.01976,1.00000,0.00000,-0.03650,0.00000,0.00685
NVDA240517P00250000,NVDA,2024-05-17,250.00,put,0.01,0.01,0.00,0,0.01,500,0,3273,2024-05-17,7.12202,-0.00011,0.00000,-0.07435,0.00021,-0.00000
NVDA240517C00255000,NVDA,2024-05-17,255.00,call,689.32,669.88,668.75,3,671.00,1,1,50,2024-05-17,7.94151,0.99953,0.00000,-0.36018,0.00081,0.00697
NVDA240517P00255000,NVDA,2024-05-17,255.00,put,0.01,0.01,0.00,0,0.01,36,0,460,2024-05-17,7.02446,-0.00011,0.00000,-0.07544,0.00021,-0.00000
NVDA240517C00260000,NVDA,2024-05-17,260.00,call,688.56,664.80,663.60,1,666.00,1,0,7,2024-05-17,0.01976,1.00000,0.00000,-0.03796,0.00000,0.00712
NVDA240517P00260000,NVDA,2024-05-17,260.00,put,0.01,0.01,0.00,0,0.01,36,0,348,2024-05-17,6.90739,-0.00011,0.00000,-0.07347,0.00021,-0.00000
NVDA240517C00265000,NVDA,2024-05-17,265.00,call,603.72,659.83,658.65,1,661.00,1,0,4,2024-05-17,6.02937,0.99998,0.00000,-0.05076,0.00004,0.00726
NVDA240517P00265000,NVDA,2024-05-17,265.00,put,0.01,0.01,0.00,0,0.01,36,0,209,2024-05-17,6.80983,-0.00011,0.00000,-0.07397,0.00022,-0.00000
NVDA240517C00270000,NVDA,2024-05-17,270.00,call,652.00,654.83,653.65,1,656.00,1,4,19,2024-05-17,5.69767,0.99999,0.00000,-0.04527,0.00002,0.00740
NVDA240517P00270000,NVDA,2024-05-17,270.00,put,0.01,0.01,0.00,0,0.01,18,0,323,2024-05-17,6.71228,-0.00012,0.00000,-0.07421,0.00022,-0.00000
NVDA240517C00275000,NVDA,2024-05-17,275.00,call,649.00,649.80,648.60,1,651.00,5,3,11,2024-05-17,0.01976,1.00000,0.00000,-0.04015,0.00000,0.00753
NVDA240517P00275000,NVDA,2024-05-17,275.00,put,0.02,0.01,0.00,0,0.01,18,0,131,2024-05-17,6.61472,-0.00012,0.00000,-0.07417,0.00022,-0.00000
NVDA240517C00280000,NVDA,2024-05-17,280.00,call,635.98,644.83,643.65,1,646.00,1,0,24,2024-05-17,0.01976,1.00000,0.00000,-0.04088,0.00000,0.00767
NVDA240517P00280000,NVDA,2024-05-17,280.00,put,0.01,0.01,0.00,0,0.01,18,1,225,2024-05-17,6.51716,-0.00012,0.00000,-0.07387,0.00023,-0.00000
NVDA240517C00285000,NVDA,2024-05-17,285.00,call,647.03,639.80,638.60,1,641.00,1,1,6,2024-05-17,0.01976,1.00000,0.00000,-0.04161,0.00000,0.00781
NVDA240517P00285000,NVDA,2024-05-17,285.00,put,0.02,0.01,0.00,0,0.01,18,0,68,2024-05-17,6.41960,-0.00012,0.00000,-0.07330,0.00023,-0.00000
NVDA240517C00290000,NVDA,2024-05-17,290.00,call,600.69,634.80,633.60,1,636.00,5,0,25,2024-05-17,0.01976,1.00000,0.00000,-0.04234,0.00000,0.00794
NVDA240517P00290000,NVDA,2024-05-17,290.00,put,0.05,0.01,0.00,0,0.01,18,0,282,2024-05-17,6.34155,-0.00013,0.00000,-0.07548,0.00024,-0.00000
NVDA240517C00295000,NVDA,2024-05-17,295.00,call,625.10,629.83,628.65,1,631.00,1,1,9,2024-05-17,0.01976,1.00000,0.00000,-0.04307,0.00000,0.00808
NVDA240517P00295000,NVDA,2024-05-17,295.00,put,0.01,0.01,0.00,0,0.01,18,0,560,2024-05-17,6.24399,-0.00013,0.00000,-0.07439,0.00024,-0.00000
NVDA240517C00300000,NVDA,2024-05-17,300.00,call,631.95,624.80,623.65,1,625.95,1,7,106,2024-05-17,0.01976,1.00000,0.00000,-0.04380,0.00000,0.00822
NVDA240517P00300000,NVDA,2024-05-17,300.00,put,0.01,0.01,0.00,0,0.01,500,0,2421,2024-05-17,6.14644,-0.00013,0.00000,-0.07304,0.00024,-0.00000
NVDA240517C00305000,NVDA,2024-05-17,305.00,call,627.20,619.80,618.60,1,621.00,1,1,21,2024-05-17,0.01976,1.00000,0.00000,-0.04453,0.00000,0.00835
NVDA240517P00305000,NVDA,2024-05-17,305.00,put,0.02,0.01,0.00,0,0.02,35,0,175,2024-05-17,6.06839,-0.00013,0.00000,-0.07454,0.00025,-0.00000
NVDA240517C00310000,NVDA,2024-05-17,310.00,call,615.00,614.80,613.60,1,616.00,5,11,20,2024-05-17,0.01976,1.00000,0.00000,-0.04526,0.00000,0.00849
NVDA240517P00310000,NVDA,2024-05-17,310.00,put,0.03,0.01,0.00,0,0.01,62,0,495,2024-05-17,5.97083,-0.00013,0.00000,-0.07268,0.00024,-0.00000
NVDA240517C00315000,NVDA,2024-05-17,315.00,call,551.91,609.83,608.65,1,611.00,1,0,7,2024-05-17,0.01976,1.00000,0.00000,-0.04599,0.00000,0.00863
NVDA240517P00315000,NVDA,2024-05-17,315.00,put,0.01,0.01,0.00,0,0.06,32,0,105,2024-05-17,5.89278,-0.00013,0.00000,-0.07374,0.00025,-0.00000
NVDA240517C00320000,NVDA,2024-05-17,320.00,call,625.67,604.83,603.65,1,606.00,1,0,45,2024-05-17,0.01976,1.00000,0.00000,-0.04672,0.00000,0.00877
NVDA240517P00320000,NVDA,2024-05-17,320.00,put,0.02,0.01,0.00,0,0.06,32,0,188,2024-05-17,5.81474,-0.00014,0.00000,-0.07462,0.00026,-0.00000
NVDA240517C00325000,NVDA,2024-05-17,325.00,call,601.00,599.80,598.60,1,601.00,5,2,6,2024-05-17,0.01976,1.00000,0.00000,-0.04745,0.00000,0.00890
NVDA240517P00325000,NVDA,2024-05-17,325.00,put,0.01,0.01,0.00,0,0.06,40,0,296,2024-05-17,5.73669,-0.00014,0.00000,-0.07531,0.00026,-0.00000
NVDA240517C00330000,NVDA,2024-05-17,330.00,call,593.72,594.80,593.60,1,596.00,1,1,34,2024-05-17,0.01976,1.00000,0.00000,-0.04818,0.00000,0.00904
NVDA240517P00330000,NVDA,2024-05-17,330.00,put,0.01,0.01,0.00,0,0.05,1,0,353,2024-05-17,5.63913,-0.00014,0.00000,-0.07243,0.00026,-0.00000
NVDA240517C00335000,NVDA,2024-05-17,335.00,call,598.77,589.83,588.65,1,591.00,1,1,45,2024-05-17,0.01976,1.00000,0.00000,-0.04891,0.00000,0.00918
NVDA240517P00335000,NVDA,2024-05-17,335.00,put,0.01,0.01,0.00,0,0.01,24,0,425,2024-05-17,5.56108,-0.00014,0.00000,-0.07266,0.00026,-0.00000
NVDA240517C00340000,NVDA,2024-05-17,340.00,call,587.19,584.80,583.60,1,586.00,5,8,34,2024-05-17,0.01976,1.00000,0.00000,-0.04964,0.00000,0.00931
NVDA240517P00340000,NVDA,2024-05-17,340.00,put,0.01,0.01,0.00,0,0.06,32,0,406,2024-05-17,5.48304,-0.00014,0.00000,-0.07269,0.00027,-0.00000
NVDA240517C00345000,NVDA,2024-05-17,345.00,call,586.64,579.83,578.65,1,581.00,1,3,36,2024-05-17,0.01976,1.00000,0.00000,-0.05037,0.00000,0.00945
NVDA240517P00345000,NVDA,2024-05-17,345.00,put,0.02,0.01,0.00,0,0.06,32,0,300,2024-05-17,5.40499,-0.00014,0.00000,-0.07252,0.00027,-0.00000
NVDA240517C00350000,NVDA,2024-05-17,350.00,call,603.72,574.80,573.65,1,575.95,1,0,80,2024-05-17,0.01976,1.00000,0.00000,-0.05110,0.00000,0.00959
NVDA240517P00350000,NVDA,2024-05-17,350.00,put,0.01,0.01,0.00,0,0.01,164,0,1704,2024-05-17,5.32694,-0.00014,0.00000,-0.07214,0.00027,-0.00000
NVDA240517C00355000,NVDA,2024-05-17,355.00,call,585.52,569.80,568.60,1,571.00,5,6,40,2024-05-17,0.01976,1.00000,0.00000,-0.05183,0.00000,0.00972
NVDA240517P00355000,NVDA,2024-05-17,355.00,put,0.01,0.01,0.00,0,0.06,32,0,363,2024-05-17,5.26841,-0.00015,0.00000,-0.07512,0.00029,-0.00000
NVDA240517C00360000,NVDA,2024-05-17,360.00,call,562.66,564.83,563.65,1,566.00,1,2,69,2024-05-17,0.01976,1.00000,0.00000,-0.05256,0.00000,0.00986
NVDA240517P00360000,NVDA,2024-05-17,360.00,put,0.01,0.01,0.00,0,0.01,500,0,1541,2024-05-17,5.19036,-0.00015,0.00000,-0.07436,0.00029,-0.00000
NVDA240517C00365000,NVDA,2024-05-17,365.00,call,524.80,559.88,558.75,3,561.00,3,0,11,2024-05-17,5.61962,0.99953,0.00001,-0.28128,0.00081,0.00999
NVDA240517P00365000,NVDA,2024-05-17,365.00,put,0.01,0.01,0.00,0,0.01,20,0,197,2024-05-17,5.11231,-0.00015,0.00000,-0.07339,0.00029,-0.00000
NVDA240517C00370000,NVDA,2024-05-17,370.00,call,568.50,554.80,553.60,1,556.00,5,6,46,2024-05-17,0.01976,1.00000,0.00000,-0.05402,0.00000,0.01014
NVDA240517P00370000,NVDA,2024-05-17,370.00,put,0.02,0.01,0.00,0,0.06,31,0,528,2024-05-17,5.03427,-0.00015,0.00000,-0.07222,0.00029,-0.00000
NVDA240517C00375000,NVDA,2024-05-17,375.00,call,532.07,549.83,548.65,1,551.00,1,0,8,2024-05-17,0.01976,1.00000,0.00000,-0.05475,0.00000,0.01027
NVDA240517P00375000,NVDA,2024-05-17,375.00,put,0.01,0.01,0.00,0,0.01,30,0,665,2024-05-17,4.97573,-0.00016,0.00000,-0.07458,0.00030,-0.00000
NVDA240517C00380000,NVDA,2024-05-17,380.00,call,517.15,544.88,543.75,5,546.00,5,0,47,2024-05-17,5.36597,0.99953,0.00001,-0.27361,0.00081,0.01040
NVDA240517P00380000,NVDA,2024-05-17,380.00,put,0.01,0.01,0.00,0,0.01,50,0,1298,2024-05-17,4.89769,-0.00016,0.00000,-0.07300,0.00030,-0.00000
NVDA240517C00385000,NVDA,2024-05-17,385.00,call,553.52,539.83,538.65,1,541.00,1,0,31,2024-05-17,0.01976,1.00000,0.00000,-0.05621,0.00000,0.01055
NVDA240517P00385000,NVDA,2024-05-17,385.00,put,0.01,0.01,0.00,0,0.06,31,0,266,2024-05-17,4.83915,-0.00017,0.00000,-0.07508,0.00031,-0.00000
NVDA240517C00390000,NVDA,2024-05-17,390.00,call,487.17,534.83,533.65,1,536.00,1,0,50,2024-05-17,0.01976,1.00000,0.00000,-0.05694,0.00000,0.01068
NVDA240517P00390000,NVDA,2024-05-17,390.00,put,0.01,0.01,0.00,0,0.01,22,0,572,2024-05-17,4.76110,-0.00017,0.00000,-0.07311,0.00031,-0.00000
NVDA240517C00395000,NVDA,2024-05-17,395.00,call,550.25,529.80,528.60,1,531.00,5,0,41,2024-05-17,0.01976,1.00000,0.00000,-0.05767,0.00000,0.01082
NVDA240517P00395000,NVDA,2024-05-17,395.00,put,0.02,0.01,0.00,0,0.01,500,0,1031,2024-05-17,4.70257,-0.00017,0.00000,-0.07488,0.00032,-0.00000
NVDA240517C00400000,NVDA,2024-05-17,400.00,call,523.67,524.80,523.65,1,525.95,1,7,301,2024-05-17,0.01976,1.00000,0.00000,-0.05840,0.00000,0.01096
NVDA240517P00400000,NVDA,2024-05-17,400.00,put,0.01,0.01,0.00,0,0.01,525,0,2767,2024-05-17,4.62452,-0.00017,0.00000,-0.07251,0.00031,-0.00000
NVDA240517C00405000,NVDA,2024-05-17,405.00,call,487.67,519.80,518.60,1,521.00,5,0,16,2024-05-17,0.01976,1.00000,0.00000,-0.05913,0.00000,0.01109
NVDA240517P00405000,NVDA,2024-05-17,405.00,put,0.01,0.01,0.00,0,0.01,2,0,782,2024-05-17,4.56599,-0.00018,0.00000,-0.07396,0.00032,-0.00000
NVDA240517C00410000,NVDA,2024-05-17,410.00,call,524.03,514.80,513.60,1,516.00,1,1,33,2024-05-17,0.01976,1.00000,0.00000,-0.05986,0.00000,0.01123
NVDA240517P00410000,NVDA,2024-05-17,410.00,put,0.11,0.01,0.00,0,0.01,1,0,688,2024-05-17,4.48794,-0.00017,0.00000,-0.07120,0.00032,-0.00000
NVDA240517C00415000,NVDA,2024-05-17,415.00,call,518.37,509.82,508.65,1,511.00,1,20,50,2024-05-17,0.01976,1.00000,0.00000,-0.06059,0.00000,0.01137
NVDA240517P00415000,NVDA,2024-05-17,415.00,put,0.02,0.01,0.00,0,0.06,31,0,458,2024-05-17,4.42940,-0.00018,0.00000,-0.07233,0.00033,-0.00000
NVDA240517C00420000,NVDA,2024-05-17,420.00,call,507.08,504.80,503.60,1,506.00,1,1,86,2024-05-17,0.01976,1.00000,0.00000,-0.06132,0.00000,0.01151
NVDA240517P00420000,NVDA,2024-05-17,420.00,put,0.01,0.01,0.00,0,0.01,1,0,893,2024-05-17,4.37087,-0.00018,0.00000,-0.07333,0.00034,-0.00000
NVDA240517C00425000,NVDA,2024-05-17,425.00,call,519.95,499.82,498.65,1,501.00,1,1,48,2024-05-17,0.01976,1.00000,0.00000,-0.06205,0.00000,0.01164
NVDA240517P00425000,NVDA,2024-05-17,425.00,put,0.01,0.01,0.00,0,0.01,2,0,948,2024-05-17,4.31233,-0.00019,0.00000,-0.07420,0.00034,-0.00001
NVDA240517C00430000,NVDA,2024-05-17,430.00,call,518.20,494.80,493.60,1,496.00,5,0,403,2024-05-17,0.01976,1.00000,0.00000,-0.06278,0.00000,0.01178
NVDA240517P00430000,NVDA,2024-05-17,430.00,put,0.01,0.01,0.00,0,0.01,200,0,376,2024-05-17,4.23429,-0.00018,0.00000,-0.07064,0.00033,-0.00000
NVDA240517C00435000,NVDA,2024-05-17,435.00,call,498.14,489.82,488.65,1,491.00,1,1,192,2024-05-17,0.01976,1.00000,0.00000,-0.06351,0.00000,0.01192
NVDA240517P00435000,NVDA,2024-05-17,435.00,put,0.01,0.01,0.00,0,0.01,200,0,187,2024-05-17,4.17575,-0.00018,0.00000,-0.07117,0.00034,-0.00000
NVDA240517C00440000,NVDA,2024-05-17,440.00,call,485.65,484.82,483.65,1,486.00,1,8,454,2024-05-17,0.01976,1.00000,0.00000,-0.06424,0.00000,0.01205
NVDA240517P00440000,NVDA,2024-05-17,440.00,put,0.01,0.01,0.00,0,0.01,1,0,854,2024-05-17,4.11722,-0.00019,0.00000,-0.07155,0.00035,-0.00001
NVDA240517C00445000,NVDA,2024-05-17,445.00,call,494.00,479.80,478.60,1,481.00,5,1,157,2024-05-17,0.01976,1.00000,0.00000,-0.06497,0.00000,0.01219
NVDA240517P00445000,NVDA,2024-05-17,445.00,put,0.01,0.01,0.00,0,0.06,31,0,301,2024-05-17,4.05868,-0.00019,0.00000,-0.07180,0.00035,-0.00001
NVDA240517C00450000,NVDA,2024-05-17,450.00,call,471.37,474.80,473.65,1,475.95,1,19,140,2024-05-17,0.01976,1.00000,0.00000,-0.06570,0.00000,0.01233
NVDA240517P00450000,NVDA,2024-05-17,450.00,put,0.01,0.01,0.00,0,0.01,500,2,3087,2024-05-17,4.00015,-0.00020,0.00000,-0.07190,0.00036,-0.00001
NVDA240517C00455000,NVDA,2024-05-17,455.00,call,476.85,469.80,468.60,1,471.00,1,8,115,2024-05-17,0.01976,1.00000,0.00000,-0.06643,0.00000,0.01246
NVDA240517P00455000,NVDA,2024-05-17,455.00,put,0.01,0.01,0.00,0,0.06,31,0,340,2024-05-17,3.94161,-0.00020,0.00000,-0.07186,0.00036,-0.00001
NVDA240517C00460000,NVDA,2024-05-17,460.00,call,473.46,464.80,463.60,1,466.00,5,1,138,2024-05-17,0.01976,1.00000,0.00000,-0.06716,0.00000,0.01260
NVDA240517P00460000,NVDA,2024-05-17,460.00,put,0.01,0.01,0.00,0,0.01,500,0,1259,2024-05-17,3.88308,-0.00020,0.00000,-0.07167,0.00037,-0.00001
NVDA240517C00465000,NVDA,2024-05-17,465.00,call,468.00,459.82,458.65,1,461.00,1,1,116,2024-05-17,0.01976,1.00000,0.00000,-0.06789,0.00000,0.01274
NVDA240517P00465000,NVDA,2024-05-17,465.00,put,0.01,0.01,0.00,0,0.01,16,0,1120,2024-05-17,3.82454,-0.00020,0.00000,-0.07132,0.00037,-0.00001
NVDA240517C00470000,NVDA,2024-05-17,470.00,call,464.65,454.80,453.60,1,456.00,1,1,419,2024-05-17,0.01976,1.00000,0.00000,-0.06862,0.00000,0.01287
NVDA240517P00470000,NVDA,2024-05-17,470.00,put,0.01,0.01,0.00,0,0.01,1,0,647,2024-05-17,3.76601,-0.00021,0.00000,-0.07083,0.00038,-0.00001
NVDA240517C00475000,NVDA,2024-05-17,475.00,call,459.58,449.82,448.65,1,451.00,1,2,98,2024-05-17,0.01976,1.00000,0.00000,-0.06935,0.00000,0.01301
NVDA240517P00475000,NVDA,2024-05-17,475.00,put,0.01,0.01,0.00,0,0.06,31,0,1597,2024-05-17,3.70747,-0.00021,0.00000,-0.07018,0.00038,-0.00001
NVDA240517C00480000,NVDA,2024-05-17,480.00,call,447.30,444.82,443.65,1,446.00,1,10,753,2024-05-17,0.01976,1.00000,0.00000,-0.07008,0.00000,0.01315
NVDA240517P00480000,NVDA,2024-05-17,480.00,put,0.01,0.01,0.00,0,0.01,1,6,1635,2024-05-17,3.66845,-0.00022,0.00000,-0.07425,0.00040,-0.00001
NVDA240517C00485000,NVDA,2024-05-17,485.00,call,458.50,439.80,438.60,1,441.00,5,0,114,2024-05-17,0.01976,1.00000,0.00000,-0.07081,0.00000,0.01329
NVDA240517P00485000,NVDA,2024-05-17,485.00,put,0.01,0.01,0.00,0,0.01,1,0,259,2024-05-17,3.60991,-0.00022,0.00000,-0.07332,0.00041,-0.00001
NVDA240517C00490000,NVDA,2024-05-17,490.00,call,436.75,434.82,433.65,1,436.00,1,4,600,2024-05-17,0.01976,1.00000,0.00000,-0.07154,0.00000,0.01342
NVDA240517P00490000,NVDA,2024-05-17,490.00,put,0.01,0.01,0.00,0,0.01,300,0,885,2024-05-17,3.55138,-0.00022,0.00000,-0.07223,0.00041,-0.00001
NVDA240517C00495000,NVDA,2024-05-17,495.00,call,445.01,429.80,428.60,1,431.00,1,2,364,2024-05-17,0.01976,1.00000,0.00000,-0.07227,0.00000,0.01356
NVDA240517P00495000,NVDA,2024-05-17,495.00,put,0.01,0.01,0.00,0,0.01,300,0,383,2024-05-17,3.49284,-0.00022,0.00000,-0.07099,0.00041,-0.00001
NVDA240517C00500000,NVDA,2024-05-17,500.00,call,426.41,424.80,423.65,1,425.95,1,68,2850,2024-05-17,0.01976,1.00000,0.00000,-0.07300,0.00000,0.01370
NVDA240517P00500000,NVDA,2024-05-17,500.00,put,0.01,0.01,0.00,0,0.01,905,0,4021,2024-05-17,3.43431,-0.00022,0.00001,-0.06959,0.00041,-0.00001
NVDA240517C00505000,NVDA,2024-05-17,505.00,call,426.64,419.82,418.65,1,421.00,1,3,268,2024-05-17,0.01976,1.00000,0.00000,-0.07373,0.00000,0.01383
NVDA240517P00505000,NVDA,2024-05-17,505.00,put,0.01,0.01,0.00,0,0.51,6,0,431,2024-05-17,3.39528,-0.00024,0.00001,-0.07320,0.00043,-0.00001
NVDA240517C00510000,NVDA,2024-05-17,510.00,call,410.34,414.80,413.60,1,416.00,5,15,215,2024-05-17,0.01976,1.00000,0.00000,-0.07446,0.00000,0.01397
NVDA240517P00510000,NVDA,2024-05-17,510.00,put,0.01,0.01,0.00,0,0.06,32,0,679,2024-05-17,3.33675,-0.00024,0.00001,-0.07149,0.00043,-0.00001
NVDA240517C00515000,NVDA,2024-05-17,515.00,call,411.61,409.82,408.65,1,411.00,1,9,208,2024-05-17,0.01976,1.00000,0.00000,-0.07519,0.00000,0.01411
NVDA240517P00515000,NVDA,2024-05-17,515.00,put,0.01,0.01,0.00,0,0.01,1,0,595,2024-05-17,3.27821,-0.00023,0.00001,-0.06963,0.00042,-0.00001
NVDA240517C00520000,NVDA,2024-05-17,520.00,call,406.36,404.82,403.65,1,406.00,1,8,311,2024-05-17,0.01976,1.00000,0.00000,-0.07592,0.00000,0.01424
NVDA240517P00520000,NVDA,2024-05-17,520.00,put,0.01,0.01,0.00,0,0.01,100,0,1061,2024-05-17,3.23919,-0.00025,0.00001,-0.07298,0.00045,-0.00001
NVDA240517C00525000,NVDA,2024-05-17,525.00,call,401.82,399.80,398.60,1,401.00,1,11,271,2024-05-17,0.01976,1.00000,0.00000,-0.07665,0.00000,0.01438
NVDA240517P00525000,NVDA,2024-05-17,525.00,put,0.01,0.01,0.00,0,0.06,32,10,976,2024-05-17,3.18065,-0.00025,0.00001,-0.07079,0.00045,-0.00001
NVDA240517C00530000,NVDA,2024-05-17,530.00,call,390.39,394.82,393.65,1,396.00,1,10,1118,2024-05-17,0.01976,1.00000,0.00000,-0.07738,0.00000,0.01452
NVDA240517P00530000,NVDA,2024-05-17,530.00,put,0.01,0.01,0.00,0,0.01,1,0,1469,2024-05-17,3.12212,-0.00024,0.00001,-0.06847,0.00044,-0.00001
NVDA240517C00535000,NVDA,2024-05-17,535.00,call,386.29,389.80,388.60,1,391.00,1,1,231,2024-05-17,0.01976,1.00000,0.00000,-0.07811,0.00000,0.01466
NVDA240517P00535000,NVDA,2024-05-17,535.00,put,0.01,0.01,0.00,0,0.06,32,0,642,2024-05-17,3.08310,-0.00026,0.00001,-0.07150,0.00046,-0.00001
NVDA240517C00540000,NVDA,2024-05-17,540.00,call,384.33,384.80,383.60,1,386.00,5,18,459,2024-05-17,0.01976,1.00000,0.00000,-0.07884,0.00000,0.01479
NVDA240517P00540000,NVDA,2024-05-17,540.00,put,0.02,0.01,0.00,0,0.01,10,0,1788,2024-05-17,3.02456,-0.00025,0.00001,-0.06885,0.00046,-0.00001
NVDA240517C00545000,NVDA,2024-05-17,545.00,call,388.65,379.88,378.75,3,381.00,1,1,480,2024-05-17,2.98554,0.99973,0.00001,-0.15131,0.00048,0.01492
NVDA240517P00545000,NVDA,2024-05-17,545.00,put,0.01,0.01,0.00,0,0.03,1,0,723,2024-05-17,2.98554,-0.00027,0.00001,-0.07173,0.00048,-0.00001
NVDA240517C00550000,NVDA,2024-05-17,550.00,call,376.87,374.80,373.65,1,375.95,1,78,6570,2024-05-17,0.01976,1.00000,0.00000,-0.08030,0.00000,0.01507
NVDA240517P00550000,NVDA,2024-05-17,550.00,put,0.01,0.01,0.00,0,0.01,493,0,8161,2024-05-17,2.92700,-0.00026,0.00001,-0.06875,0.00047,-0.00001
NVDA240517C00555000,NVDA,2024-05-17,555.00,call,377.62,369.80,368.60,1,371.00,5,13,553,2024-05-17,0.01976,1.00000,0.00000,-0.08103,0.00000,0.01520
NVDA240517P00555000,NVDA,2024-05-17,555.00,put,0.01,0.01,0.00,0,0.01,499,1,681,2024-05-17,2.88798,-0.00028,0.00001,-0.07146,0.00050,-0.00001
NVDA240517C00560000,NVDA,2024-05-17,560.00,call,360.00,364.82,363.65,1,366.00,5,6,330,2024-05-17,0.01976,1.00000,0.00000,-0.08176,0.00000,0.01534
NVDA240517P00560000,NVDA,2024-05-17,560.00,put,0.01,0.01,0.00,0,0.01,500,0,1456,2024-05-17,2.82944,-0.00027,0.00001,-0.06814,0.00048,-0.00001
NVDA240517C00565000,NVDA,2024-05-17,565.00,call,362.74,359.80,358.60,1,361.00,5,5,243,2024-05-17,0.01976,1.00000,0.00000,-0.08249,0.00000,0.01548
NVDA240517P00565000,NVDA,2024-05-17,565.00,put,0.01,0.01,0.00,0,0.06,32,0,691,2024-05-17,2.79042,-0.00028,0.00001,-0.07065,0.00051,-0.00001
NVDA240517C00570000,NVDA,2024-05-17,570.00,call,351.73,354.80,353.60,1,356.00,5,31,336,2024-05-17,0.01976,1.00000,0.00000,-0.08322,0.00000,0.01561
NVDA240517P00570000,NVDA,2024-05-17,570.00,put,0.01,0.01,0.00,0,0.01,16,0,742,2024-05-17,2.75140,-0.00030,0.00001,-0.07319,0.00053,-0.00001
NVDA240517C00575000,NVDA,2024-05-17,575.00,call,344.31,349.80,348.60,1,351.00,1,6,197,2024-05-17,0.01976,1.00000,0.00000,-0.08395,0.00000,0.01575
NVDA240517P00575000,NVDA,2024-05-17,575.00,put,0.01,0.01,0.00,0,0.02,1,0,849,2024-05-17,2.69286,-0.00029,0.00001,-0.06931,0.00052,-0.00001
NVDA240517C00580000,NVDA,2024-05-17,580.00,call,346.80,344.80,343.60,1,346.00,5,2,1051,2024-05-17,0.01976,1.00000,0.00000,-0.08468,0.00000,0.01589
NVDA240517P00580000,NVDA,2024-05-17,580.00,put,0.01,0.01,0.00,0,0.01,1,0,1207,2024-05-17,2.65384,-0.00030,0.00001,-0.07161,0.00054,-0.00001
NVDA240517C00585000,NVDA,2024-05-17,585.00,call,365.13,339.88,338.75,3,341.00,1,0,268,2024-05-17,2.45872,0.99985,0.00000,-0.11879,0.00027,0.01602
NVDA240517P00585000,NVDA,2024-05-17,585.00,put,0.01,0.01,0.00,0,0.01,1,0,1362,2024-05-17,2.59530,-0.00029,0.00001,-0.06742,0.00052,-0.00001
NVDA240517C00590000,NVDA,2024-05-17,590.00,call,343.30,334.88,333.75,3,336.00,3,11,955,2024-05-17,2.40019,0.99986,0.00000,-0.11672,0.00025,0.01616
NVDA240517P00590000,NVDA,2024-05-17,590.00,put,0.01,0.01,0.00,0,0.06,32,1,1109,2024-05-17,2.55628,-0.00031,0.00001,-0.06948,0.00054,-0.00001
NVDA240517C00595000,NVDA,2024-05-17,595.00,call,331.70,329.80,328.60,1,331.00,1,1,373,2024-05-17,0.01976,1.00000,0.00000,-0.08687,0.00000,0.01630
NVDA240517P00595000,NVDA,2024-05-17,595.00,put,0.01,0.01,0.00,0,0.01,20,0,2416,2024-05-17,2.51726,-0.00032,0.00001,-0.07152,0.00057,-0.00001
NVDA240517C00600000,NVDA,2024-05-17,600.00,call,325.75,324.80,323.65,1,325.95,1,157,3159,2024-05-17,0.01976,1.00000,0.00000,-0.08760,0.00000,0.01644
NVDA240517P00600000,NVDA,2024-05-17,600.00,put,0.01,0.01,0.00,0,0.01,19,1,8361,2024-05-17,2.45872,-0.00030,0.00001,-0.06678,0.00054,-0.00001
NVDA240517C00605000,NVDA,2024-05-17,605.00,call,320.78,319.80,318.60,1,321.00,5,10,464,2024-05-17,0.01976,1.00000,0.00000,-0.08833,0.00000,0.01657
NVDA240517P00605000,NVDA,2024-05-17,605.00,put,0.01,0.01,0.00,0,0.02,1,0,976,2024-05-17,2.41970,-0.00032,0.00001,-0.06855,0.00057,-0.00001
NVDA240517C00610000,NVDA,2024-05-17,610.00,call,316.51,314.80,313.60,1,316.00,5,12,1260,2024-05-17,0.01976,1.00000,0.00000,-0.08906,0.00000,0.01671
NVDA240517P00610000,NVDA,2024-05-17,610.00,put,0.02,0.01,0.00,0,0.06,32,0,1696,2024-05-17,2.38067,-0.00033,0.00001,-0.07029,0.00059,-0.00001
NVDA240517C00615000,NVDA,2024-05-17,615.00,call,308.60,309.80,308.60,1,311.00,5,7,153,2024-05-17,0.01976,1.00000,0.00000,-0.08979,0.00000,0.01685
NVDA240517P00615000,NVDA,2024-05-17,615.00,put,0.01,0.01,0.00,0,0.01,1,0,910,2024-05-17,2.34165,-0.00035,0.00001,-0.07200,0.00062,-0.00001
NVDA240517C00620000,NVDA,2024-05-17,620.00,call,304.37,304.80,303.60,1,306.00,1,117,1241,2024-05-17,0.01976,1.00000,0.00000,-0.09052,0.00000,0.01698
NVDA240517P00620000,NVDA,2024-05-17,620.00,put,0.01,0.01,0.00,0,0.01,29,2,2064,2024-05-17,2.28312,-0.00033,0.00001,-0.06647,0.00058,-0.00001
NVDA240517C00625000,NVDA,2024-05-17,625.00,call,299.40,299.80,298.60,1,301.00,1,9,365,2024-05-17,0.01976,1.00000,0.00000,-0.09125,0.00000,0.01712
NVDA240517P00625000,NVDA,2024-05-17,625.00,put,0.01,0.01,0.00,0,0.01,1,2,2999,2024-05-17,2.24409,-0.00034,0.00001,-0.06787,0.00061,-0.00001
NVDA240517C00630000,NVDA,2024-05-17,630.00,call,294.39,294.82,293.65,1,296.00,5,4,940,2024-05-17,0.01976,1.00000,0.00000,-0.09198,0.00000,0.01726
NVDA240517P00630000,NVDA,2024-05-17,630.00,put,0.01,0.01,0.00,0,0.01,99,0,1465,2024-05-17,2.20507,-0.00036,0.00001,-0.06922,0.00063,-0.00001
NVDA240517C00635000,NVDA,2024-05-17,635.00,call,297.42,289.80,288.60,1,291.00,1,6,1576,2024-05-17,0.01976,1.00000,0.00000,-0.09271,0.00000,0.01739
NVDA240517P00635000,NVDA,2024-05-17,635.00,put,0.01,0.01,0.00,0,0.01,100,10,1069,2024-05-17,2.16604,-0.00037,0.00001,-0.07053,0.00065,-0.00001
NVDA240517C00640000,NVDA,2024-05-17,640.00,call,286.83,284.80,283.60,1,286.00,1,6,290,2024-05-17,0.01976,1.00000,0.00000,-0.09344,0.00000,0.01753
NVDA240517P00640000,NVDA,2024-05-17,640.00,put,0.01,0.01,0.00,0,0.01,299,1,2725,2024-05-17,2.12702,-0.00039,0.00001,-0.07178,0.00068,-0.00001
NVDA240517C00645000,NVDA,2024-05-17,645.00,call,288.15,279.80,278.60,1,281.00,1,2,277,2024-05-17,0.01976,1.00000,0.00000,-0.09417,0.00000,0.01767
NVDA240517P00645000,NVDA,2024-05-17,645.00,put,0.01,0.01,0.00,0,0.01,100,11,2177,2024-05-17,2.06849,-0.00036,0.00001,-0.06520,0.00063,-0.00001
NVDA240517C00650000,NVDA,2024-05-17,650.00,call,274.50,274.80,273.65,5,275.95,1,64,522,2024-05-17,0.01976,1.00000,0.00000,-0.09490,0.00000,0.01781
NVDA240517P00650000,NVDA,2024-05-17,650.00,put,0.01,0.01,0.00,0,0.01,114,5,3458,2024-05-17,2.02946,-0.00037,0.00001,-0.06610,0.00065,-0.00001
NVDA240517C00655000,NVDA,2024-05-17,655.00,call,270.30,269.82,268.65,1,271.00,1,2,442,2024-05-17,0.01976,1.00000,0.00000,-0.09563,0.00000,0.01794
NVDA240517P00655000,NVDA,2024-05-17,655.00,put,0.03,0.01,0.00,0,0.01,69,35,1228,2024-05-17,1.99044,-0.00038,0.00001,-0.06693,0.00067,-0.00001
NVDA240517C00660000,NVDA,2024-05-17,660.00,call,266.96,264.80,263.60,1,266.00,1,64,2346,2024-05-17,0.01976,1.00000,0.00000,-0.09636,0.00000,0.01808
NVDA240517P00660000,NVDA,2024-05-17,660.00,put,0.01,0.01,0.00,0,0.01,19,2,2680,2024-05-17,1.95142,-0.00040,0.00002,-0.06769,0.00069,-0.00001
NVDA240517C00665000,NVDA,2024-05-17,665.00,call,262.55,259.82,258.65,1,261.00,1,4,382,2024-05-17,0.01976,1.00000,0.00000,-0.09709,0.00000,0.01822
NVDA240517P00665000,NVDA,2024-05-17,665.00,put,0.01,0.01,0.00,0,0.06,31,1,1668,2024-05-17,1.91239,-0.00041,0.00002,-0.06836,0.00072,-0.00001
NVDA240517C00670000,NVDA,2024-05-17,670.00,call,255.40,254.80,253.60,1,256.00,1,14,1888,2024-05-17,0.01976,1.00000,0.00000,-0.09782,0.00000,0.01835
NVDA240517P00670000,NVDA,2024-05-17,670.00,put,0.01,0.01,0.00,0,0.01,45,9,1552,2024-05-17,1.87337,-0.00042,0.00002,-0.06895,0.00074,-0.00001
NVDA240517C00675000,NVDA,2024-05-17,675.00,call,250.42,249.80,248.60,1,251.00,1,7,903,2024-05-17,0.01976,1.00000,0.00000,-0.09855,0.00000,0.01849
NVDA240517P00675000,NVDA,2024-05-17,675.00,put,0.01,0.01,0.00,0,0.01,17,24,2639,2024-05-17,1.83435,-0.00044,0.00002,-0.06946,0.00076,-0.00001
NVDA240517C00680000,NVDA,2024-05-17,680.00,call,246.71,244.82,243.65,1,246.00,1,26,2112,2024-05-17,0.01976,1.00000,0.00000,-0.09928,0.00000,0.01863
NVDA240517P00680000,NVDA,2024-05-17,680.00,put,0.01,0.01,0.00,0,0.01,25,8,2861,2024-05-17,1.79532,-0.00045,0.00002,-0.06987,0.00078,-0.00001
NVDA240517C00685000,NVDA,2024-05-17,685.00,call,241.48,239.80,238.60,1,241.00,1,9,631,2024-05-17,0.01976,1.00000,0.00000,-0.10001,0.00000,0.01876
NVDA240517P00685000,NVDA,2024-05-17,685.00,put,0.01,0.01,0.00,0,0.01,11,22,1903,2024-05-17,1.75630,-0.00046,0.00002,-0.07018,0.00080,-0.00001
NVDA240517C00690000,NVDA,2024-05-17,690.00,call,243.18,234.80,233.60,1,236.00,1,14,1051,2024-05-17,0.01976,1.00000,0.00000,-0.10074,0.00000,0.01890
NVDA240517P00690000,NVDA,2024-05-17,690.00,put,0.01,0.01,0.00,0,0.51,2,38,3762,2024-05-17,1.71728,-0.00048,0.00002,-0.07039,0.00082,-0.00001
NVDA240517C00695000,NVDA,2024-05-17,695.00,call,231.88,229.80,228.60,1,231.00,5,5,1484,2024-05-17,0.01976,1.00000,0.00000,-0.10147,0.00000,0.01904
NVDA240517P00695000,NVDA,2024-05-17,695.00,put,0.01,0.01,0.00,0,0.01,24,72,4972,2024-05-17,1.67825,-0.00049,0.00002,-0.07049,0.00084,-0.00001
NVDA240517C00700000,NVDA,2024-05-17,700.00,call,223.54,224.80,223.65,5,225.95,1,212,7891,2024-05-17,0.01976,1.00000,0.00000,-0.10220,0.00000,0.01918
NVDA240517P00700000,NVDA,2024-05-17,700.00,put,0.01,0.01,0.00,0,0.01,36,178,11154,2024-05-17,1.63923,-0.00050,0.00002,-0.07049,0.00086,-0.00001
NVDA240517C00705000,NVDA,2024-05-17,705.00,call,220.93,219.80,218.60,1,221.00,1,21,1056,2024-05-17,0.01976,1.00000,0.00000,-0.10293,0.00000,0.01931
NVDA240517P00705000,NVDA,2024-05-17,705.00,put,0.01,0.01,0.00,0,0.01,5,26,2635,2024-05-17,1.60021,-0.00051,0.00002,-0.07036,0.00088,-0.00001
NVDA240517C00710000,NVDA,2024-05-17,710.00,call,233.05,214.88,213.75,3,216.00,3,12,663,2024-05-17,0.01976,1.00000,0.00000,-0.10366,0.00000,0.01945
NVDA240517P00710000,NVDA,2024-05-17,710.00,put,0.02,0.01,0.00,0,0.01,24,14,2344,2024-05-17,1.56118,-0.00052,0.00002,-0.07012,0.00090,-0.00001
NVDA240517C00715000,NVDA,2024-05-17,715.00,call,212.35,209.80,208.60,1,211.00,1,1,269,2024-05-17,0.01976,1.00000,0.00000,-0.10439,0.00000,0.01959
NVDA240517P00715000,NVDA,2024-05-17,715.00,put,0.01,0.01,0.00,0,0.01,25,49,1630,2024-05-17,1.52216,-0.00054,0.00003,-0.06975,0.00092,-0.00001
NVDA240517C00720000,NVDA,2024-05-17,720.00,call,206.50,204.80,203.60,1,206.00,1,157,18765,2024-05-17,0.01976,1.00000,0.00000,-0.10512,0.00000,0.01972
NVDA240517P00720000,NVDA,2024-05-17,720.00,put,0.02,0.01,0.00,0,0.01,26,58,2336,2024-05-17,1.48313,-0.00055,0.00003,-0.06926,0.00093,-0.00001
NVDA240517C00722500,NVDA,2024-05-17,722.50,call,176.25,202.30,201.10,1,203.50,5,0,5,2024-05-17,0.01976,1.00000,0.00000,-0.10549,0.00000,0.01979
NVDA240517P00722500,NVDA,2024-05-17,722.50,put,0.02,0.01,0.00,0,0.01,5,0,289,2024-05-17,1.46362,-0.00055,0.00003,-0.06896,0.00094,-0.00001
NVDA240517C00725000,NVDA,2024-05-17,725.00,call,202.40,199.80,198.60,1,201.00,1,12,474,2024-05-17,0.01976,1.00000,0.00000,-0.10585,0.00000,0.01986
NVDA240517P00725000,NVDA,2024-05-17,725.00,put,0.01,0.01,0.00,0,0.04,94,23,2389,2024-05-17,1.44411,-0.00056,0.00003,-0.06863,0.00095,-0.00001
NVDA240517C00727500,NVDA,2024-05-17,727.50,call,186.70,197.32,196.15,3,198.50,1,0,2,2024-05-17,0.01976,1.00000,0.00000,-0.10622,0.00000,0.01993
NVDA240517P00727500,NVDA,2024-05-17,727.50,put,0.01,0.01,0.00,0,0.02,42,3,231,2024-05-17,1.42460,-0.00056,0.00003,-0.06826,0.00096,-0.00001
NVDA240517C00730000,NVDA,2024-05-17,730.00,call,197.50,194.80,193.60,1,196.00,1,317,916,2024-05-17,0.01976,1.00000,0.00000,-0.10658,0.00000,0.02000
NVDA240517P00730000,NVDA,2024-05-17,730.00,put,0.01,0.01,0.00,0,0.01,47,328,3297,2024-05-17,1.40509,-0.00057,0.00003,-0.06787,0.00097,-0.00001
NVDA240517C00732500,NVDA,2024-05-17,732.50,call,216.35,192.32,191.15,3,193.50,1,0,6,2024-05-17,0.01976,1.00000,0.00000,-0.10695,0.00000,0.02007
NVDA240517P00732500,NVDA,2024-05-17,732.50,put,0.01,0.01,0.00,0,0.06,31,1,139,2024-05-17,1.38558,-0.00057,0.00003,-0.06743,0.00097,-0.00001
NVDA240517C00735000,NVDA,2024-05-17,735.00,call,191.93,189.80,188.60,1,191.00,5,12,568,2024-05-17,0.01976,1.00000,0.00000,-0.10731,0.00000,0.02013
NVDA240517P00735000,NVDA,2024-05-17,735.00,put,0.01,0.01,0.00,0,0.01,1,39,3002,2024-05-17,1.36606,-0.00058,0.00003,-0.06697,0.00098,-0.00001
NVDA240517C00737500,NVDA,2024-05-17,737.50,call,206.85,187.30,186.10,1,188.50,1,0,11,2024-05-17,0.01976,1.00000,0.00000,-0.10768,0.00000,0.02020
NVDA240517P00737500,NVDA,2024-05-17,737.50,put,0.01,0.01,0.00,0,0.01,27,117,339,2024-05-17,1.34655,-0.00058,0.00003,-0.06646,0.00099,-0.00002
NVDA240517C00740000,NVDA,2024-05-17,740.00,call,187.43,184.82,183.65,1,186.00,1,210,3017,2024-05-17,0.01976,1.00000,0.00000,-0.10804,0.00000,0.02027
NVDA240517P00740000,NVDA,2024-05-17,740.00,put,0.01,0.01,0.00,0,0.01,65,124,5136,2024-05-17,1.32704,-0.00059,0.00003,-0.06592,0.00099,-0.00002
NVDA240517C00742500,NVDA,2024-05-17,742.50,call,210.45,182.32,181.15,3,183.50,1,0,16,2024-05-17,0.01976,1.00000,0.00000,-0.10841,0.00000,0.02034
NVDA240517P00742500,NVDA,2024-05-17,742.50,put,0.01,0.01,0.00,0,0.01,5,16,154,2024-05-17,1.30753,-0.00059,0.00003,-0.06535,0.00100,-0.00002
NVDA240517C00745000,NVDA,2024-05-17,745.00,call,175.95,179.80,178.60,1,181.00,1,9,426,2024-05-17,0.01976,1.00000,0.00000,-0.10877,0.00000,0.02041
NVDA240517P00745000,NVDA,2024-05-17,745.00,put,0.01,0.01,0.00,0,0.01,5,27,3027,2024-05-17,1.28802,-0.00059,0.00003,-0.06474,0.00101,-0.00002
NVDA240517C00747500,NVDA,2024-05-17,747.50,call,198.40,177.30,176.10,1,178.50,1,0,9,2024-05-17,0.01976,1.00000,0.00000,-0.10914,0.00000,0.02048
NVDA240517P00747500,NVDA,2024-05-17,747.50,put,0.02,0.01,0.00,0,0.01,17,53,241,2024-05-17,1.26851,-0.00060,0.00003,-0.06409,0.00101,-0.00002
NVDA240517C00750000,NVDA,2024-05-17,750.00,call,173.51,174.32,173.65,1,175.00,191,321,5748,2024-05-17,0.01976,1.00000,0.00000,-0.10950,0.00000,0.02054
NVDA240517P00750000,NVDA,2024-05-17,750.00,put,0.01,0.01,0.00,0,0.01,5,484,9721,2024-05-17,1.24899,-0.00060,0.00003,-0.06340,0.00102,-0.00002
NVDA240517C00755000,NVDA,2024-05-17,755.00,call,169.00,169.80,168.60,1,171.00,5,56,661,2024-05-17,0.01976,1.00000,0.00000,-0.11023,0.00000,0.02068
NVDA240517P00755000,NVDA,2024-05-17,755.00,put,0.01,0.01,0.00,0,0.01,6,160,2592,2024-05-17,1.20997,-0.00060,0.00004,-0.06192,0.00102,-0.00002
NVDA240517C00760000,NVDA,2024-05-17,760.00,call,165.02,164.80,163.60,1,166.00,1,225,6347,2024-05-17,0.01976,1.00000,0.00000,-0.11096,0.00000,0.02082
NVDA240517P00760000,NVDA,2024-05-17,760.00,put,0.01,0.01,0.00,0,0.01,1,162,8513,2024-05-17,1.17095,-0.00061,0.00004,-0.06029,0.00103,-0.00002
NVDA240517C00765000,NVDA,2024-05-17,765.00,call,162.39,159.80,158.60,1,161.00,5,87,895,2024-05-17,0.01976,1.00000,0.00000,-0.11169,0.00000,0.02096
NVDA240517P00765000,NVDA,2024-05-17,765.00,put,0.01,0.01,0.00,0,0.01,5,292,2096,2024-05-17,1.13192,-0.00061,0.00004,-0.05851,0.00104,-0.00002
NVDA240517C00770000,NVDA,2024-05-17,770.00,call,157.41,154.82,153.65,1,156.00,1,47,3742,2024-05-17,0.01976,1.00000,0.00000,-0.11242,0.00000,0.02109
NVDA240517P00770000,NVDA,2024-05-17,770.00,put,0.01,0.01,0.00,0,0.06,32,212,3941,2024-05-17,1.11241,-0.00074,0.00005,-0.06885,0.00124,-0.00002
NVDA240517C00775000,NVDA,2024-05-17,775.00,call,149.93,149.80,148.60,1,151.00,5,89,10076,2024-05-17,0.01976,1.00000,0.00000,-0.11315,0.00000,0.02123
NVDA240517P00775000,NVDA,2024-05-17,775.00,put,0.01,0.01,0.00,0,0.01,192,654,3978,2024-05-17,1.07339,-0.00075,0.00005,-0.06680,0.00125,-0.00002
NVDA240517C00780000,NVDA,2024-05-17,780.00,call,144.00,144.80,143.60,1,146.00,1,577,2185,2024-05-17,0.01976,1.00000,0.00000,-0.11388,0.00000,0.02137
NVDA240517P00780000,NVDA,2024-05-17,780.00,put,0.01,0.01,0.00,0,0.01,16,344,3812,2024-05-17,1.03437,-0.00075,0.00005,-0.06458,0.00125,-0.00002
NVDA240517C00785000,NVDA,2024-05-17,785.00,call,142.00,139.80,138.60,1,141.00,5,42,907,2024-05-17,0.01976,1.00000,0.00000,-0.11461,0.00000,0.02150
NVDA240517P00785000,NVDA,2024-05-17,785.00,put,0.01,0.01,0.00,0,0.01,13,313,2411,2024-05-17,0.99534,-0.00075,0.00005,-0.06220,0.00125,-0.00002
NVDA240517C00790000,NVDA,2024-05-17,790.00,call,133.58,134.82,133.65,1,136.00,1,91,1722,2024-05-17,0.01976,1.00000,0.00000,-0.11534,0.00000,0.02164
NVDA240517P00790000,NVDA,2024-05-17,790.00,put,0.01,0.01,0.00,0,0.01,5,262,4087,2024-05-17,0.95632,-0.00075,0.00006,-0.05964,0.00125,-0.00002
NVDA240517C00795000,NVDA,2024-05-17,795.00,call,132.86,129.80,128.60,1,131.00,5,23,1075,2024-05-17,0.01976,1.00000,0.00000,-0.11607,0.00000,0.02178
NVDA240517P00795000,NVDA,2024-05-17,795.00,put,0.02,0.01,0.00,0,0.01,150,366,2714,2024-05-17,0.91729,-0.00074,0.00006,-0.05691,0.00124,-0.00002
NVDA240517C00800000,NVDA,2024-05-17,800.00,call,123.37,124.80,123.65,1,125.95,1,1391,6064,2024-05-17,0.01976,1.00000,0.00000,-0.11680,0.00000,0.02191
NVDA240517P00800000,NVDA,2024-05-17,800.00,put,0.01,0.01,0.00,0,0.01,607,640,23121,2024-05-17,0.89778,-0.00093,0.00007,-0.06842,0.00153,-0.00002
NVDA240517C00805000,NVDA,2024-05-17,805.00,call,119.85,119.80,118.60,1,121.00,5,47,690,2024-05-17,0.01976,1.00000,0.00000,-0.11753,0.00000,0.02205
NVDA240517P00805000,NVDA,2024-05-17,805.00,put,0.01,0.01,0.00,0,0.05,20,320,2384,2024-05-17,0.85876,-0.00093,0.00008,-0.06530,0.00152,-0.00002
NVDA240517C00810000,NVDA,2024-05-17,810.00,call,114.00,114.58,113.65,1,115.50,1,155,3407,2024-05-17,0.01976,1.00000,0.00000,-0.11826,0.00000,0.02219
NVDA240517P00810000,NVDA,2024-05-17,810.00,put,0.03,0.01,0.00,0,0.01,5,782,4642,2024-05-17,0.81974,-0.00092,0.00008,-0.06199,0.00152,-0.00002
NVDA240517C00815000,NVDA,2024-05-17,815.00,call,108.46,109.83,108.65,1,111.00,5,227,1274,2024-05-17,0.01976,1.00000,0.00000,-0.11899,0.00000,0.02233
NVDA240517P00815000,NVDA,2024-05-17,815.00,put,0.01,0.01,0.00,0,0.02,5,312,3072,2024-05-17,0.78071,-0.00091,0.00008,-0.05849,0.00150,-0.00002
NVDA240517C00820000,NVDA,2024-05-17,820.00,call,103.56,104.88,103.75,3,106.00,5,516,4746,2024-05-17,0.01976,1.00000,0.00000,-0.11972,0.00000,0.02246
NVDA240517P00820000,NVDA,2024-05-17,820.00,put,0.01,0.01,0.00,0,0.01,3,429,6584,2024-05-17,0.74169,-0.00090,0.00009,-0.05482,0.00148,-0.00002
NVDA240517C00825000,NVDA,2024-05-17,825.00,call,100.00,99.80,98.60,1,101.00,5,343,1446,2024-05-17,0.01976,1.00000,0.00000,-0.12046,0.00000,0.02260
NVDA240517P00825000,NVDA,2024-05-17,825.00,put,0.01,0.01,0.00,0,0.01,20,745,4289,2024-05-17,0.72218,-0.00117,0.00011,-0.06777,0.00188,-0.00003
NVDA240517C00830000,NVDA,2024-05-17,830.00,call,93.53,94.80,93.60,1,96.00,5,596,2260,2024-05-17,0.01976,1.00000,0.00000,-0.12119,0.00000,0.02274
NVDA240517P00830000,NVDA,2024-05-17,830.00,put,0.01,0.01,0.00,0,0.01,1,365,5456,2024-05-17,0.68315,-0.00116,0.00012,-0.06356,0.00187,-0.00003
NVDA240517C00835000,NVDA,2024-05-17,835.00,call,92.20,89.80,88.60,1,91.00,5,20,1615,2024-05-17,0.01976,1.00000,0.00000,-0.12192,0.00000,0.02287
NVDA240517P00835000,NVDA,2024-05-17,835.00,put,0.01,0.01,0.00,0,0.01,2,430,3590,2024-05-17,0.64413,-0.00114,0.00012,-0.05914,0.00184,-0.00003
NVDA240517C00840000,NVDA,2024-05-17,840.00,call,83.64,84.80,83.60,1,86.00,1,495,2861,2024-05-17,0.01976,1.00000,0.00000,-0.12265,0.00000,0.02301
NVDA240517P00840000,NVDA,2024-05-17,840.00,put,0.01,0.01,0.00,0,0.01,5,840,7149,2024-05-17,0.60511,-0.00112,0.00013,-0.05452,0.00181,-0.00003
NVDA240517C00845000,NVDA,2024-05-17,845.00,call,80.69,79.80,78.60,1,81.00,5,167,1128,2024-05-17,0.01976,1.00000,0.00000,-0.12338,0.00000,0.02315
NVDA240517P00845000,NVDA,2024-05-17,845.00,put,0.01,0.01,0.00,0,0.01,5,567,3713,2024-05-17,0.56608,-0.00109,0.00013,-0.04972,0.00176,-0.00003
NVDA240517C00850000,NVDA,2024-05-17,850.00,call,73.65,74.38,73.75,101,75.00,100,1084,10781,2024-05-17,0.01976,1.00000,0.00000,-0.12411,0.00000,0.02328
NVDA240517P00850000,NVDA,2024-05-17,850.00,put,0.01,0.01,0.00,0,0.02,5,3163,13322,2024-05-17,0.54657,-0.00150,0.00018,-0.06447,0.00237,-0.00004
NVDA240517C00855000,NVDA,2024-05-17,855.00,call,70.00,69.80,68.60,1,71.00,5,94,1337,2024-05-17,0.01976,1.00000,0.00000,-0.12484,0.00000,0.02342
NVDA240517P00855000,NVDA,2024-05-17,855.00,put,0.01,0.01,0.00,0,0.02,18,1276,3893,2024-05-17,0.50755,-0.00148,0.00020,-0.05893,0.00233,-0.00004
NVDA240517C00860000,NVDA,2024-05-17,860.00,call,64.34,64.80,63.60,1,66.00,1,478,3803,2024-05-17,0.01976,1.00000,0.00000,-0.12557,0.00000,0.02356
NVDA240517P00860000,NVDA,2024-05-17,860.00,put,0.02,0.01,0.00,0,0.01,188,1558,6138,2024-05-17,0.46853,-0.00144,0.00021,-0.05315,0.00228,-0.00004
NVDA240517C00865000,NVDA,2024-05-17,865.00,call,60.07,59.80,58.60,1,61.00,5,199,2368,2024-05-17,0.01976,1.00000,0.00000,-0.12630,0.00000,0.02370
NVDA240517P00865000,NVDA,2024-05-17,865.00,put,0.01,0.01,0.00,0,0.04,50,846,4465,2024-05-17,0.42950,-0.00139,0.00022,-0.04717,0.00221,-0.00004
NVDA240517C00870000,NVDA,2024-05-17,870.00,call,54.00,54.83,53.60,1,56.05,5,675,3360,2024-05-17,0.01976,1.00000,0.00000,-0.12703,0.00000,0.02383
NVDA240517P00870000,NVDA,2024-05-17,870.00,put,0.03,0.01,0.00,0,0.01,2,1522,3799,2024-05-17,0.40999,-0.00210,0.00033,-0.06534,0.00320,-0.00005
NVDA240517C00875000,NVDA,2024-05-17,875.00,call,50.19,49.88,48.70,7,51.05,17,553,4017,2024-05-17,0.01976,1.00000,0.00000,-0.12776,0.00000,0.02397
NVDA240517P00875000,NVDA,2024-05-17,875.00,put,0.01,0.01,0.00,0,0.02,5,1177,3957,2024-05-17,0.37097,-0.00207,0.00036,-0.05843,0.00317,-0.00005
NVDA240517C00880000,NVDA,2024-05-17,880.00,call,43.75,44.90,43.75,16,46.05,17,1080,8788,2024-05-17,0.01976,1.00000,0.00000,-0.12849,0.00000,0.02411
NVDA240517P00880000,NVDA,2024-05-17,880.00,put,0.01,0.01,0.00,0,0.01,17,2159,11648,2024-05-17,0.33194,-0.00202,0.00040,-0.05122,0.00310,-0.00005
NVDA240517C00885000,NVDA,2024-05-17,885.00,call,39.02,39.90,38.75,6,41.05,6,669,3073,2024-05-17,0.01976,1.00000,0.00000,-0.12922,0.00000,0.02424
NVDA240517P00885000,NVDA,2024-05-17,885.00,put,0.02,0.01,0.00,0,0.02,5,1656,3457,2024-05-17,0.29292,-0.00195,0.00044,-0.04373,0.00300,-0.00005
NVDA240517C00890000,NVDA,2024-05-17,890.00,call,34.66,34.92,33.80,6,36.05,16,1155,7819,2024-05-17,0.17585,0.99999,0.00001,-0.13021,0.00003,0.02438
NVDA240517P00890000,NVDA,2024-05-17,890.00,put,0.01,0.01,0.00,0,0.01,200,4983,9563,2024-05-17,0.27341,-0.00350,0.00079,-0.06908,0.00509,-0.00009
NVDA240517C00895000,NVDA,2024-05-17,895.00,call,28.63,29.90,28.75,6,31.05,16,1136,2486,2024-05-17,0.01976,1.00000,0.00000,-0.13068,0.00000,0.02452
NVDA240517P00895000,NVDA,2024-05-17,895.00,put,0.01,0.01,0.00,0,0.01,190,4590,4305,2024-05-17,0.23438,-0.00361,0.00095,-0.06074,0.00522,-0.00009
NVDA240517C00900000,NVDA,2024-05-17,900.00,call,24.00,24.58,23.85,6,25.30,50,4853,9452,2024-05-17,0.01976,1.00000,0.00000,-0.13141,0.00000,0.02465
NVDA240517P00900000,NVDA,2024-05-17,900.00,put,0.01,0.01,0.00,0,0.01,200,34931,15369,2024-05-17,0.19536,-0.00372,0.00117,-0.05197,0.00537,-0.00009
NVDA240517C00905000,NVDA,2024-05-17,905.00,call,19.45,19.90,18.75,6,21.05,16,2528,3371,2024-05-17,0.01976,1.00000,0.00000,-0.13214,0.00000,0.02479
NVDA240517P00905000,NVDA,2024-05-17,905.00,put,0.01,0.01,0.00,0,0.01,54,13279,5084,2024-05-17,0.15634,-0.00384,0.00151,-0.04275,0.00553,-0.00010
NVDA240517C00910000,NVDA,2024-05-17,910.00,call,14.05,15.00,14.00,6,16.00,7,4428,4452,2024-05-17,0.15634,0.97682,0.00725,-0.33726,0.02655,0.02434
NVDA240517P00910000,NVDA,2024-05-17,910.00,put,0.01,0.01,0.00,0,0.01,32,30015,6565,2024-05-17,0.11731,-0.00400,0.00208,-0.03307,0.00573,-0.00010
NVDA240517C00915000,NVDA,2024-05-17,915.00,call,9.50,9.82,8.90,5,10.75,5,10554,7790,2024-05-17,0.01976,1.00000,0.00000,-0.13360,0.00000,0.02506
NVDA240517P00915000,NVDA,2024-05-17,915.00,put,0.01,0.01,0.01,302,0.02,243,42832,6099,2024-05-17,0.07829,-0.00421,0.00327,-0.02293,0.00600,-0.00011
NVDA240517C00920000,NVDA,2024-05-17,920.00,call,4.80,4.50,4.00,11,5.00,2,37746,14288,2024-05-17,0.01976,1.00000,0.00000,-0.13433,0.00000,0.02520
NVDA240517P00920000,NVDA,2024-05-17,920.00,put,0.01,0.01,0.00,0,0.01,58,82172,7888,2024-05-17,0.03927,-0.00468,0.00717,-0.01232,0.00660,-0.00012
NVDA240517C00925000,NVDA,2024-05-17,925.00,call,0.19,0.12,0.05,125,0.19,19,53613,7681,2024-05-17,0.01976,0.46898,0.41591,-0.25346,0.19253,0.01187
NVDA240517P00925000,NVDA,2024-05-17,925.00,put,0.27,0.50,0.25,10,0.75,3,67839,7278,2024-05-17,0.01976,-0.53102,0.41591,-0.11840,0.19253,-0.01347
NVDA240517C00930000,NVDA,2024-05-17,930.00,call,0.01,0.01,0.01,937,0.02,49,99245,9180,2024-05-17,0.03927,0.00389,0.00608,-0.01151,0.00560,0.00010
NVDA240517P00930000,NVDA,2024-05-17,930.00,put,5.34,4.90,3.90,6,5.90,32,79954,7843,2024-05-17,0.01976,-1.00000,0.00000,0.13579,0.00000,-0.02548
NVDA240517C00935000,NVDA,2024-05-17,935.00,call,0.02,0.01,0.01,267,0.02,15,89037,6196,2024-05-17,0.07829,0.00412,0.00321,-0.02363,0.00589,0.00010
NVDA240517P00935000,NVDA,2024-05-17,935.00,put,11.00,10.10,9.20,16,11.00,58,47350,5105,2024-05-17,0.09780,-0.98273,0.00903,0.03304,0.02068,-0.02518
NVDA240517C00940000,NVDA,2024-05-17,940.00,call,0.01,0.01,0.01,187,0.02,979,89232,6496,2024-05-17,0.11731,0.00427,0.00221,-0.03625,0.00608,0.00011
NVDA240517P00940000,NVDA,2024-05-17,940.00,put,15.41,15.03,14.00,7,16.05,12,34568,5268,2024-05-17,0.01976,-1.00000,0.00000,0.13725,0.00000,-0.02575
NVDA240517C00945000,NVDA,2024-05-17,945.00,call,0.01,0.01,0.00,0,0.01,34,56659,9259,2024-05-17,0.15634,0.00440,0.00170,-0.04939,0.00624,0.00011
NVDA240517P00945000,NVDA,2024-05-17,945.00,put,21.02,20.48,19.95,12,21.00,6,16331,4046,2024-05-17,0.27341,-0.93232,0.00989,-0.73685,0.06333,-0.02418
NVDA240517C00950000,NVDA,2024-05-17,950.00,call,0.01,0.01,0.00,0,0.01,267,81115,19898,2024-05-17,0.19536,0.00452,0.00140,-0.06305,0.00639,0.00011
NVDA240517P00950000,NVDA,2024-05-17,950.00,put,25.79,26.25,24.05,6,28.45,54,5889,3600,2024-05-17,0.42950,-0.88072,0.00958,-1.94783,0.09642,-0.02303
NVDA240517C00955000,NVDA,2024-05-17,955.00,call,0.01,0.01,0.00,0,0.01,35,28029,5715,2024-05-17,0.21487,0.00226,0.00068,-0.03713,0.00343,0.00006
NVDA240517P00955000,NVDA,2024-05-17,955.00,put,31.69,30.45,27.45,54,33.45,58,1634,1450,2024-05-17,0.37097,-0.94931,0.00581,-0.80347,0.05047,-0.02489
NVDA240517C00960000,NVDA,2024-05-17,960.00,call,0.01,0.01,0.00,0,0.01,5,29986,10393,2024-05-17,0.25390,0.00260,0.00065,-0.04980,0.00390,0.00007
NVDA240517P00960000,NVDA,2024-05-17,960.00,put,35.68,35.50,35.00,1,36.00,6,1147,1111,2024-05-17,0.42950,-0.94995,0.00496,-0.93945,0.04996,-0.02504
NVDA240517C00965000,NVDA,2024-05-17,965.00,call,0.01,0.01,0.01,62,0.02,91,15190,7815,2024-05-17,0.29292,0.00290,0.00063,-0.06332,0.00430,0.00007
NVDA240517P00965000,NVDA,2024-05-17,965.00,put,40.00,40.45,37.45,54,43.45,54,182,574,2024-05-17,0.46853,-0.95704,0.00403,-0.90026,0.04420,-0.02536
NVDA240517C00970000,NVDA,2024-05-17,970.00,call,0.01,0.01,0.00,0,0.01,81,19757,10991,2024-05-17,0.31243,0.00186,0.00039,-0.04506,0.00287,0.00005
NVDA240517P00970000,NVDA,2024-05-17,970.00,put,45.60,45.30,42.15,58,48.45,58,939,1121,2024-05-17,0.46853,-0.97307,0.00274,-0.56716,0.03010,-0.02590
NVDA240517C00975000,NVDA,2024-05-17,975.00,call,0.01,0.01,0.00,0,0.01,9,14089,10352,2024-05-17,0.35146,0.00214,0.00040,-0.05761,0.00326,0.00005
NVDA240517P00975000,NVDA,2024-05-17,975.00,put,49.71,50.98,48.50,5,53.45,40,1655,874,2024-05-17,0.66364,-0.93325,0.00403,-1.94536,0.06265,-0.02504
NVDA240517C00980000,NVDA,2024-05-17,980.00,call,0.01,0.01,0.00,0,0.01,27,10285,10524,2024-05-17,0.37097,0.00149,0.00027,-0.04384,0.00235,0.00004
NVDA240517P00980000,NVDA,2024-05-17,980.00,put,52.80,55.98,53.50,1,58.45,40,128,1056,2024-05-17,0.70267,-0.93994,0.00351,-1.89247,0.05771,-0.02535
NVDA240517C00985000,NVDA,2024-05-17,985.00,call,0.01,0.01,0.00,0,0.01,5,4727,5254,2024-05-17,0.40999,0.00174,0.00028,-0.05569,0.00271,0.00004
NVDA240517P00985000,NVDA,2024-05-17,985.00,put,59.08,60.53,57.60,41,63.45,40,84,216,2024-05-17,0.66364,-0.96361,0.00248,-1.14234,0.03861,-0.02607
NVDA240517C00990000,NVDA,2024-05-17,990.00,call,0.01,0.01,0.00,0,0.01,131,4709,6235,2024-05-17,0.44901,0.00198,0.00029,-0.06856,0.00304,0.00005
NVDA240517P00990000,NVDA,2024-05-17,990.00,put,65.77,65.20,61.95,40,68.45,40,44,679,2024-05-17,0.58560,-0.98620,0.00124,-0.35687,0.01706,-0.02677
NVDA240517C00995000,NVDA,2024-05-17,995.00,call,0.01,0.01,0.00,0,0.01,14,2066,4487,2024-05-17,0.46853,0.00151,0.00022,-0.05588,0.00238,0.00004
NVDA240517P00995000,NVDA,2024-05-17,995.00,put,68.00,70.33,67.20,40,73.45,40,12,288,2024-05-17,0.68315,-0.97854,0.00155,-0.70740,0.02488,-0.02672
NVDA240517C01000000,NVDA,2024-05-17,1000.00,call,0.01,0.01,0.00,0,0.01,262,18491,34830,2024-05-17,0.50755,0.00173,0.00023,-0.06834,0.00268,0.00004
NVDA240517P01000000,NVDA,2024-05-17,1000.00,put,76.80,75.58,71.90,40,79.25,40,152,627,2024-05-17,0.80022,-0.96728,0.00189,-1.27409,0.03538,-0.02658
NVDA240517C01005000,NVDA,2024-05-17,1005.00,call,0.01,0.01,0.00,0,0.01,31,1142,3119,2024-05-17,0.52706,0.00137,0.00018,-0.05742,0.00217,0.00003
NVDA240517P01005000,NVDA,2024-05-17,1005.00,put,68.15,80.93,77.20,41,84.65,40,36,25,2024-05-17,0.93681,-0.95242,0.00219,-2.10713,0.04798,-0.02635
NVDA240517C01010000,NVDA,2024-05-17,1010.00,call,0.03,0.01,0.00,0,0.01,5,1443,3888,2024-05-17,0.56608,0.00156,0.00018,-0.06966,0.00245,0.00004
NVDA240517P01010000,NVDA,2024-05-17,1010.00,put,64.55,85.85,82.10,41,89.60,40,0,10,2024-05-17,0.95632,-0.95844,0.00192,-1.91548,0.04303,-0.02664
NVDA240517C01020000,NVDA,2024-05-17,1020.00,call,0.01,0.01,0.00,0,0.01,258,1584,4712,2024-05-17,0.60511,0.00106,0.00012,-0.05208,0.00172,0.00003
NVDA240517P01020000,NVDA,2024-05-17,1020.00,put,95.76,95.82,92.10,40,99.55,40,2,1,2024-05-17,1.03437,-0.96247,0.00163,-1.90400,0.03960,-0.02701
NVDA240517C01030000,NVDA,2024-05-17,1030.00,call,0.01,0.01,0.00,0,0.01,19,1646,4543,2024-05-17,0.66364,0.00103,0.00011,-0.05591,0.00168,0.00003
NVDA240517P01030000,NVDA,2024-05-17,1030.00,put,109.76,105.38,101.15,40,109.60,40,2,0,2024-05-17,0.97583,-0.98129,0.00097,-0.93276,0.02215,-0.02775
NVDA240517C01040000,NVDA,2024-05-17,1040.00,call,0.01,0.01,0.00,0,0.01,5,891,2657,2024-05-17,0.72218,0.00102,0.00010,-0.06027,0.00167,0.00003
NVDA240517P01040000,NVDA,2024-05-17,1040.00,put,106.30,116.00,110.25,41,121.75,40,4,1,2024-05-17,1.24899,-0.96088,0.00140,-2.41149,0.04096,-0.02752
NVDA240517C01050000,NVDA,2024-05-17,1050.00,call,0.01,0.01,0.00,0,0.01,3132,1223,14856,2024-05-17,0.78071,0.00102,0.00009,-0.06513,0.00167,0.00003
NVDA240517P01050000,NVDA,2024-05-17,1050.00,put,116.20,125.40,119.00,40,131.80,40,2,2,2024-05-17,1.13192,-0.98262,0.00078,-1.02612,0.02080,-0.02833
NVDA240517C01060000,NVDA,2024-05-17,1060.00,call,0.01,0.01,0.00,0,0.01,7,1216,2710,2024-05-17,0.83925,0.00103,0.00009,-0.07049,0.00168,0.00003
NVDA240517P01060000,NVDA,2024-05-17,1060.00,put,126.25,136.15,130.50,41,141.80,40,2,4,2024-05-17,1.44411,-0.96126,0.00120,-2.78454,0.04064,-0.02808
NVDA240517C01070000,NVDA,2024-05-17,1070.00,call,0.01,0.01,0.00,0,0.01,5,202,3359,2024-05-17,0.87827,0.00083,0.00007,-0.06018,0.00137,0.00002
NVDA240517P01070000,NVDA,2024-05-17,1070.00,put,135.95,145.45,139.15,41,151.75,40,21,0,2024-05-17,1.30753,-0.98190,0.00070,-1.25364,0.02153,-0.02886
NVDA240517C01080000,NVDA,2024-05-17,1080.00,call,0.01,0.01,0.00,0,0.01,5,248,2693,2024-05-17,0.93681,0.00085,0.00006,-0.06620,0.00141,0.00002
NVDA240517P01080000,NVDA,2024-05-17,1080.00,put,146.20,156.40,151.05,41,161.75,40,17,4,2024-05-17,1.67825,-0.95734,0.00112,-3.53565,0.04395,-0.02854
NVDA240517C01090000,NVDA,2024-05-17,1090.00,call,0.01,0.01,0.00,0,0.01,2,188,2144,2024-05-17,0.97583,0.00071,0.00005,-0.05831,0.00119,0.00002
NVDA240517P01090000,NVDA,2024-05-17,1090.00,put,142.50,165.27,159.10,40,171.45,40,0,0,2024-05-17,1.32704,-0.99008,0.00041,-0.69193,0.01281,-0.02961
NVDA240517C01100000,NVDA,2024-05-17,1100.00,call,0.01,0.01,0.00,0,0.01,4940,4442,7259,2024-05-17,1.03437,0.00075,0.00005,-0.06478,0.00125,0.00002
NVDA240517P01100000,NVDA,2024-05-17,1100.00,put,179.45,175.45,169.05,40,181.85,40,3,1,2024-05-17,1.50265,-0.98480,0.00053,-1.23481,0.01855,-0.02976
NVDA240517C01110000,NVDA,2024-05-17,1110.00,call,0.01,0.01,0.00,0,0.01,15,12,2024,2024-05-17,1.09290,0.00079,0.00005,-0.07173,0.00131,0.00002
NVDA240517P01110000,NVDA,2024-05-17,1110.00,put,166.30,185.25,179.00,40,191.50,40,0,0,2024-05-17,1.44411,-0.99123,0.00034,-0.66934,0.01150,-0.03019
NVDA240517C01120000,NVDA,2024-05-17,1120.00,call,0.01,0.01,0.00,0,0.01,5,246,1856,2024-05-17,1.13192,0.00069,0.00004,-0.06532,0.00115,0.00002
NVDA240517P01120000,NVDA,2024-05-17,1120.00,put,163.15,195.32,189.15,40,201.50,40,0,0,2024-05-17,1.56118,-0.98931,0.00037,-0.90564,0.01368,-0.03042
NVDA240517C01130000,NVDA,2024-05-17,1130.00,call,0.01,0.01,0.00,0,0.01,27,46,1762,2024-05-17,1.17095,0.00060,0.00004,-0.06011,0.00103,0.00002
NVDA240517P01130000,NVDA,2024-05-17,1130.00,put,188.05,205.43,199.05,40,211.80,40,0,0,2024-05-17,1.69776,-0.98642,0.00042,-1.26552,0.01683,-0.03062
NVDA240517C01140000,NVDA,2024-05-17,1140.00,call,0.01,0.01,0.00,0,0.01,26,41,872,2024-05-17,1.22948,0.00065,0.00004,-0.06735,0.00109,0.00002
NVDA240517P01140000,NVDA,2024-05-17,1140.00,put,187.20,215.12,208.45,40,221.80,40,0,0,2024-05-17,1.46362,-0.99644,0.00015,-0.21250,0.00517,-0.03114
NVDA240517C01150000,NVDA,2024-05-17,1150.00,call,0.01,0.01,0.00,0,0.01,52,141,3626,2024-05-17,1.26851,0.00058,0.00003,-0.06295,0.00099,0.00001
NVDA240517P01150000,NVDA,2024-05-17,1150.00,put,200.90,225.18,218.50,40,231.85,40,0,0,2024-05-17,1.61972,-0.99424,0.00021,-0.47544,0.00793,-0.03136
NVDA240517C01160000,NVDA,2024-05-17,1160.00,call,0.01,0.01,0.00,0,0.01,103,206,1577,2024-05-17,1.32704,0.00063,0.00003,-0.07062,0.00106,0.00002
NVDA240517P01160000,NVDA,2024-05-17,1160.00,put,226.00,235.07,228.45,40,241.70,40,0,0,2024-05-17,1.44411,-0.99845,0.00007,-0.00627,0.00243,-0.03174
NVDA240517C01170000,NVDA,2024-05-17,1170.00,call,0.01,0.01,0.00,0,0.01,8857,3995,683,2024-05-17,1.36606,0.00057,0.00003,-0.06684,0.00098,0.00001
NVDA240517P01170000,NVDA,2024-05-17,1170.00,put,215.80,245.07,238.40,40,251.75,40,0,0,2024-05-17,1.50265,-0.99841,0.00007,-0.01691,0.00250,-0.03201
NVDA240517C01180000,NVDA,2024-05-17,1180.00,call,0.01,0.01,0.00,0,0.06,31,1,1183,2024-05-17,1.40509,0.00053,0.00003,-0.06369,0.00091,0.00001
NVDA240517P01180000,NVDA,2024-05-17,1180.00,put,246.50,255.07,248.40,40,261.75,40,0,0,2024-05-17,1.54167,-0.99855,0.00006,-0.00456,0.00229,-0.03229
NVDA240517C01190000,NVDA,2024-05-17,1190.00,call,0.01,0.01,0.00,0,0.01,5,1,637,2024-05-17,1.46362,0.00057,0.00003,-0.07171,0.00098,0.00001
NVDA240517P01190000,NVDA,2024-05-17,1190.00,put,240.75,265.10,258.45,40,271.75,40,0,0,2024-05-17,1.69776,-0.99738,0.00010,-0.15987,0.00393,-0.03253
NVDA240517C01200000,NVDA,2024-05-17,1200.00,call,0.01,0.01,0.00,0,0.01,7772,323,7731,2024-05-17,1.50265,0.00054,0.00003,-0.06898,0.00092,0.00001
NVDA240517P01200000,NVDA,2024-05-17,1200.00,put,247.70,275.05,268.35,40,281.75,40,0,0,2024-05-17,1.54167,-0.99928,0.00003,0.08214,0.00121,-0.03285
NVDA240517C01210000,NVDA,2024-05-17,1210.00,call,0.01,0.01,0.00,0,0.01,132,10,2886,2024-05-17,1.54167,0.00050,0.00002,-0.06671,0.00086,0.00001
NVDA240517P01210000,NVDA,2024-05-17,1210.00,put,274.95,285.10,278.45,40,291.75,40,2,0,2024-05-17,1.81483,-0.99729,0.00010,-0.19055,0.00404,-0.03308
NVDA240517C01220000,NVDA,2024-05-17,1220.00,call,0.01,0.01,0.00,0,0.01,101,0,451,2024-05-17,1.58069,0.00047,0.00002,-0.06482,0.00082,0.00001
NVDA240517P01220000,NVDA,2024-05-17,1220.00,put,388.91,295.05,288.35,40,301.75,40,0,0,2024-05-17,1.65874,-0.99917,0.00004,0.06434,0.00137,-0.03340
NVDA240517C01230000,NVDA,2024-05-17,1230.00,call,0.01,0.01,0.00,0,0.01,92,1,1233,2024-05-17,1.63923,0.00052,0.00002,-0.07320,0.00089,0.00001
NVDA240517P01230000,NVDA,2024-05-17,1230.00,put,330.75,305.10,298.45,40,311.75,40,0,0,2024-05-17,1.91239,-0.99743,0.00009,-0.18949,0.00386,-0.03363
NVDA240517C01240000,NVDA,2024-05-17,1240.00,call,0.02,0.01,0.00,0,0.01,101,0,573,2024-05-17,1.67825,0.00050,0.00002,-0.07160,0.00085,0.00001
NVDA240517P01240000,NVDA,2024-05-17,1240.00,put,352.06,315.05,308.35,40,321.75,40,0,0,2024-05-17,1.77581,-0.99906,0.00004,0.04371,0.00155,-0.03394
NVDA240517C01250000,NVDA,2024-05-17,1250.00,call,0.02,0.01,0.00,0,0.01,100,0,1876,2024-05-17,1.71728,0.00047,0.00002,-0.07030,0.00082,0.00001
NVDA240517P01250000,NVDA,2024-05-17,1250.00,put,361.67,325.05,318.45,40,331.65,40,0,0,2024-05-17,1.81483,-0.99911,0.00003,0.04886,0.00147,-0.03422
NVDA240517C01260000,NVDA,2024-05-17,1260.00,call,0.01,0.01,0.00,0,0.01,8892,1,8882,2024-05-17,1.75630,0.00045,0.00002,-0.06928,0.00079,0.00001
NVDA240517P01260000,NVDA,2024-05-17,1260.00,put,355.29,335.05,328.35,40,341.75,40,0,0,2024-05-17,1.87337,-0.99904,0.00004,0.03745,0.00156,-0.03449
NVDA240517C01270000,NVDA,2024-05-17,1270.00,call,0.01,0.01,0.00,0,0.01,7904,0,543,2024-05-17,1.79532,0.00044,0.00002,-0.06850,0.00076,0.00001
NVDA240517P01270000,NVDA,2024-05-17,1270.00,put,371.30,345.02,338.35,40,351.70,40,0,0,2024-05-17,0.01976,-1.00000,0.00000,0.18543,0.00000,-0.03479
NVDA240517C01280000,NVDA,2024-05-17,1280.00,call,0.01,0.01,0.00,0,0.01,5928,8204,866,2024-05-17,1.83435,0.00043,0.00002,-0.06794,0.00074,0.00001
NVDA240517P01280000,NVDA,2024-05-17,1280.00,put,334.45,355.15,348.55,40,361.75,40,0,0,2024-05-17,2.28312,-0.99608,0.00011,-0.45630,0.00563,-0.03497
NVDA240517C01290000,NVDA,2024-05-17,1290.00,call,0.01,0.01,0.00,0,0.01,7904,0,794,2024-05-17,1.87337,0.00041,0.00002,-0.06759,0.00072,0.00001
NVDA240517P01290000,NVDA,2024-05-17,1290.00,put,343.65,365.05,358.35,40,371.75,40,0,0,2024-05-17,2.02946,-0.99896,0.00004,0.01684,0.00169,-0.03531
NVDA240517C01300000,NVDA,2024-05-17,1300.00,call,0.01,0.01,0.00,0,0.01,7902,2,2273,2024-05-17,1.91239,0.00040,0.00002,-0.06743,0.00070,0.00001
NVDA240517P01300000,NVDA,2024-05-17,1300.00,put,384.25,375.08,368.35,40,381.80,40,0,0,2024-05-17,2.20507,-0.99808,0.00006,-0.13593,0.00295,-0.03556
NVDA240517C01310000,NVDA,2024-05-17,1310.00,call,0.01,0.01,0.00,0,0.01,301,1,341,2024-05-17,1.95142,0.00039,0.00002,-0.06743,0.00069,0.00001
NVDA240517P01310000,NVDA,2024-05-17,1310.00,put,405.71,385.02,378.35,40,391.70,40,0,0,2024-05-17,1.71728,-0.99994,0.00000,0.18033,0.00013,-0.03588
NVDA240517C01320000,NVDA,2024-05-17,1320.00,call,0.01,0.01,0.00,0,0.01,300,0,1417,2024-05-17,1.99044,0.00039,0.00001,-0.06760,0.00068,0.00001
NVDA240517P01320000,NVDA,2024-05-17,1320.00,put,420.65,395.08,388.35,40,401.80,40,0,0,2024-05-17,2.30263,-0.99808,0.00005,-0.14823,0.00296,-0.03611
NVDA240517C01330000,NVDA,2024-05-17,1330.00,call,0.01,0.01,0.00,0,0.01,300,0,618,2024-05-17,2.02946,0.00038,0.00001,-0.06791,0.00067,0.00001
NVDA240517P01330000,NVDA,2024-05-17,1330.00,put,414.25,405.08,398.35,40,411.80,40,0,0,2024-05-17,2.36116,-0.99799,0.00006,-0.16945,0.00308,-0.03638
NVDA240517C01340000,NVDA,2024-05-17,1340.00,call,0.01,0.01,0.00,0,0.01,7904,0,1403,2024-05-17,2.06849,0.00038,0.00001,-0.06837,0.00066,0.00001
NVDA240517P01340000,NVDA,2024-05-17,1340.00,put,438.37,414.77,408.35,40,421.20,40,0,0,2024-05-17,0.01976,-1.00000,0.00000,0.19565,0.00000,-0.03671
NVDA240517C01350000,NVDA,2024-05-17,1350.00,call,0.01,0.01,0.00,0,0.01,7904,0,1200,2024-05-17,2.10751,0.00037,0.00001,-0.06896,0.00065,0.00001
NVDA240517P01350000,NVDA,2024-05-17,1350.00,put,476.29,424.95,418.35,40,431.55,40,0,0,2024-05-17,0.01976,-1.00000,0.00000,0.19711,0.00000,-0.03698
NVDA240517C01360000,NVDA,2024-05-17,1360.00,call,0.01,0.01,0.00,0,0.01,102,0,10903,2024-05-17,2.14653,0.00037,0.00001,-0.06968,0.00065,0.00001
NVDA240517P01360000,NVDA,2024-05-17,1360.00,put,451.48,434.85,428.35,40,441.35,40,0,0,2024-05-17,0.01976,-1.00000,0.00000,0.19857,0.00000,-0.03725
NVDA240517C01370000,NVDA,2024-05-17,1370.00,call,0.01,0.01,0.00,0,0.01,8892,0,8656,2024-05-17,2.18556,0.00037,0.00001,-0.07053,0.00064,0.00001
NVDA240517P01370000,NVDA,2024-05-17,1370.00,put,497.80,444.73,438.35,40,451.10,40,0,0,2024-05-17,0.01976,-1.00000,0.00000,0.20003,0.00000,-0.03753
NVDA240517C01380000,NVDA,2024-05-17,1380.00,call,0.01,0.01,0.00,0,0.01,4950,0,1545,2024-05-17,2.22458,0.00036,0.00001,-0.07150,0.00064,0.00001
NVDA240517P01380000,NVDA,2024-05-17,1380.00,put,508.06,454.98,448.35,40,461.60,40,0,0,2024-05-17,0.01976,-1.00000,0.00000,0.20149,0.00000,-0.03780
NVDA240517C01390000,NVDA,2024-05-17,1390.00,call,0.01,0.01,0.00,0,0.01,1,50,615,2024-05-17,2.26360,0.00036,0.00001,-0.07259,0.00064,0.00001
NVDA240517P01390000,NVDA,2024-05-17,1390.00,put,495.32,464.85,458.35,40,471.35,40,0,0,2024-05-17,0.01976,-1.00000,0.00000,0.20295,0.00000,-0.03808
NVDA240517C01400000,NVDA,2024-05-17,1400.00,call,0.01,0.01,0.00,0,0.01,7914,1,1958,2024-05-17,2.30263,0.00036,0.00001,-0.07379,0.00064,0.00001
NVDA240517P01400000,NVDA,2024-05-17,1400.00,put,531.87,474.95,468.35,40,481.55,40,0,0,2024-05-17,0.01976,-1.00000,0.00000,0.20441,0.00000,-0.03835
NVDA240517C01410000,NVDA,2024-05-17,1410.00,call,0.01,0.01,0.00,0,0.01,7904,0,402,2024-05-17,2.34165,0.00036,0.00001,-0.07511,0.00064,0.00001
NVDA240517P01410000,NVDA,2024-05-17,1410.00,put,530.59,484.90,478.35,40,491.45,40,0,0,2024-05-17,0.01976,-1.00000,0.00000,0.20587,0.00000,-0.03862
NVDA240517C01420000,NVDA,2024-05-17,1420.00,call,0.02,0.01,0.00,0,0.01,107,0,583,2024-05-17,2.38067,0.00037,0.00001,-0.07654,0.00064,0.00001
NVDA240517P01420000,NVDA,2024-05-17,1420.00,put,505.93,495.00,488.40,40,501.60,40,0,0,2024-05-17,0.01976,-1.00000,0.00000,0.20733,0.00000,-0.03890
NVDA240517C01430000,NVDA,2024-05-17,1430.00,call,0.01,0.01,0.00,0,0.01,95,0,669,2024-05-17,2.40019,0.00033,0.00001,-0.07032,0.00059,0.00001
NVDA240517P01430000,NVDA,2024-05-17,1430.00,put,536.01,504.88,498.40,40,511.35,40,0,0,2024-05-17,0.01976,-1.00000,0.00000,0.20879,0.00000,-0.03917
NVDA240517C01440000,NVDA,2024-05-17,1440.00,call,0.02,0.01,0.00,0,0.01,100,0,246,2024-05-17,2.43921,0.00033,0.00001,-0.07193,0.00059,0.00001
NVDA240517P01440000,NVDA,2024-05-17,1440.00,put,545.90,514.83,508.35,40,521.30,40,0,0,2024-05-17,0.01976,-1.00000,0.00000,0.21025,0.00000,-0.03945
NVDA240517C01450000,NVDA,2024-05-17,1450.00,call,0.01,0.01,0.00,0,0.01,50,0,833,2024-05-17,2.47823,0.00034,0.00001,-0.07365,0.00059,0.00001
NVDA240517P01450000,NVDA,2024-05-17,1450.00,put,550.48,524.92,518.40,40,531.45,40,0,0,2024-05-17,0.01976,-1.00000,0.00000,0.21171,0.00000,-0.03972
NVDA240517C01460000,NVDA,2024-05-17,1460.00,call,0.01,0.01,0.00,0,0.01,20,0,277,2024-05-17,2.51726,0.00034,0.00001,-0.07547,0.00060,0.00001
NVDA240517P01460000,NVDA,2024-05-17,1460.00,put,559.46,534.75,528.35,40,541.15,40,0,0,2024-05-17,0.01976,-1.00000,0.00000,0.21317,0.00000,-0.03999
NVDA240517C01470000,NVDA,2024-05-17,1470.00,call,0.01,0.01,0.00,0,0.01,5928,0,150,2024-05-17,2.55628,0.00034,0.00001,-0.07740,0.00061,0.00001
NVDA240517P01470000,NVDA,2024-05-17,1470.00,put,572.92,544.90,538.35,40,551.45,40,0,0,2024-05-17,0.01976,-1.00000,0.00000,0.21463,0.00000,-0.04027
NVDA240517C01480000,NVDA,2024-05-17,1480.00,call,0.01,0.01,0.00,0,0.01,5928,0,495,2024-05-17,2.57579,0.00031,0.00001,-0.07198,0.00056,0.00001
NVDA240517P01480000,NVDA,2024-05-17,1480.00,put,573.13,554.92,548.35,40,561.50,40,0,0,2024-05-17,0.01976,-1.00000,0.00000,0.21609,0.00000,-0.04054
NVDA240517C01490000,NVDA,2024-05-17,1490.00,call,0.01,0.01,0.00,0,0.01,5928,0,9358,2024-05-17,2.61481,0.00032,0.00001,-0.07403,0.00057,0.00001
NVDA240517P01490000,NVDA,2024-05-17,1490.00,put,587.76,564.75,558.35,40,571.15,40,0,0,2024-05-17,0.01976,-1.00000,0.00000,0.21755,0.00000,-0.04082
NVDA240517C01500000,NVDA,2024-05-17,1500.00,call,0.01,0.01,0.00,0,0.01,71,0,3798,2024-05-17,2.65384,0.00032,0.00001,-0.07620,0.00057,0.00001
NVDA240517P01500000,NVDA,2024-05-17,1500.00,put,565.00,574.75,568.30,40,581.20,40,0,0,2024-05-17,0.01976,-1.00000,0.00000,0.21901,0.00000,-0.04109
NVDA240517C01520000,NVDA,2024-05-17,1520.00,call,0.01,0.01,0.00,0,0.01,8892,0,619,2024-05-17,2.71237,0.00030,0.00001,-0.07357,0.00054,0.00001
NVDA240517P01520000,NVDA,2024-05-17,1520.00,put,616.53,594.62,588.30,40,600.95,40,0,0,2024-05-17,0.01976,-1.00000,0.00000,0.22193,0.00000,-0.04164
NVDA240517C01540000,NVDA,2024-05-17,1540.00,call,0.01,0.01,0.00,0,0.01,1,0,242,2024-05-17,2.77091,0.00029,0.00001,-0.07146,0.00052,0.00001
NVDA240517P01540000,NVDA,2024-05-17,1540.00,put,593.61,614.72,608.30,40,621.15,40,0,0,2024-05-17,0.01976,-1.00000,0.00000,0.22485,0.00000,-0.04219
NVDA240517C01560000,NVDA,2024-05-17,1560.00,call,0.01,0.01,0.00,0,0.01,20,0,498,2024-05-17,2.84896,0.00030,0.00001,-0.07651,0.00054,0.00001
NVDA240517P01560000,NVDA,2024-05-17,1560.00,put,651.34,634.77,628.30,40,641.25,40,0,0,2024-05-17,0.01976,-1.00000,0.00000,0.22777,0.00000,-0.04273
NVDA240517C01580000,NVDA,2024-05-17,1580.00,call,0.03,0.01,0.00,0,0.01,4940,0,391,2024-05-17,2.90749,0.00029,0.00001,-0.07503,0.00052,0.00001
NVDA240517P01580000,NVDA,2024-05-17,1580.00,put,676.27,654.90,648.50,40,661.30,40,0,0,2024-05-17,0.01976,-1.00000,0.00000,0.23069,0.00000,-0.04328
NVDA240517C01600000,NVDA,2024-05-17,1600.00,call,0.01,0.01,0.00,0,0.01,5938,6,1569,2024-05-17,2.96603,0.00028,0.00001,-0.07393,0.00050,0.00001
NVDA240517P01600000,NVDA,2024-05-17,1600.00,put,693.19,675.00,668.30,40,681.70,40,0,0,2024-05-17,3.16114,-0.99938,0.00001,0.06762,0.00105,-0.04381
NVDA240517C01620000,NVDA,2024-05-17,1620.00,call,0.01,0.01,0.00,0,0.01,6286,0,546,2024-05-17,3.02456,0.00027,0.00001,-0.07318,0.00048,0.00001
NVDA240517P01620000,NVDA,2024-05-17,1620.00,put,717.25,694.95,688.30,40,701.60,40,0,0,2024-05-17,0.01976,-1.00000,0.00000,0.23653,0.00000,-0.04438
NVDA240517C01640000,NVDA,2024-05-17,1640.00,call,0.01,0.01,0.00,0,0.01,72,0,1386,2024-05-17,3.10261,0.00028,0.00001,-0.07921,0.00051,0.00001
NVDA240517P01640000,NVDA,2024-05-17,1640.00,put,729.25,715.10,708.45,40,721.75,40,0,0,2024-05-17,3.76601,-0.99750,0.00004,-0.46843,0.00376,-0.04487
NVDA240517C01650000,NVDA,2024-05-17,1650.00,call,0.01,0.01,0.00,0,0.01,7904,0,279,2024-05-17,3.12212,0.00027,0.00001,-0.07577,0.00049,0.00001
NVDA240517P01650000,NVDA,2024-05-17,1650.00,put,778.00,725.05,718.30,40,731.80,40,0,0,2024-05-17,3.64894,-0.99833,0.00003,-0.23389,0.00260,-0.04516
NVDA240517C01660000,NVDA,2024-05-17,1660.00,call,0.03,0.01,0.00,0,0.01,7904,0,163,2024-05-17,3.16114,0.00028,0.00001,-0.07893,0.00050,0.00001
NVDA240517P01660000,NVDA,2024-05-17,1660.00,put,782.05,735.05,728.30,40,741.80,40,0,0,2024-05-17,3.68796,-0.99832,0.00003,-0.24003,0.00261,-0.04543
NVDA240517C01670000,NVDA,2024-05-17,1670.00,call,0.01,0.01,0.00,0,0.01,3952,0,111,2024-05-17,3.18065,0.00026,0.00001,-0.07570,0.00048,0.00001
NVDA240517P01670000,NVDA,2024-05-17,1670.00,put,770.45,745.05,738.30,40,751.80,40,0,0,2024-05-17,3.72698,-0.99831,0.00003,-0.24647,0.00263,-0.04571
NVDA240517C01680000,NVDA,2024-05-17,1680.00,call,0.06,0.01,0.00,0,0.01,4940,0,63,2024-05-17,3.21968,0.00027,0.00001,-0.07894,0.00049,0.00001
NVDA240517P01680000,NVDA,2024-05-17,1680.00,put,761.30,754.58,747.35,40,761.80,40,0,0,2024-05-17,0.01976,-1.00000,0.00000,0.24529,0.00000,-0.04602
NVDA240517C01690000,NVDA,2024-05-17,1690.00,call,0.02,0.01,0.00,0,0.01,4940,0,341,2024-05-17,3.23919,0.00026,0.00001,-0.07588,0.00047,0.00001
NVDA240517P01690000,NVDA,2024-05-17,1690.00,put,797.43,765.05,758.30,40,771.80,40,0,0,2024-05-17,3.80503,-0.99829,0.00003,-0.26030,0.00266,-0.04625
NVDA240517C01700000,NVDA,2024-05-17,1700.00,call,0.01,0.01,0.00,0,0.01,7904,0,323,2024-05-17,3.27821,0.00027,0.00001,-0.07922,0.00048,0.00001
NVDA240517P01700000,NVDA,2024-05-17,1700.00,put,822.15,775.05,768.30,40,781.80,40,0,0,2024-05-17,3.84405,-0.99827,0.00003,-0.26769,0.00268,-0.04653
NVDA240517C01710000,NVDA,2024-05-17,1710.00,call,0.03,0.01,0.00,0,0.01,4940,0,71,2024-05-17,3.29772,0.00026,0.00001,-0.07631,0.00046,0.00001
NVDA240517P01710000,NVDA,2024-05-17,1710.00,put,817.38,785.02,778.30,40,791.75,40,0,0,2024-05-17,3.74649,-0.99880,0.00002,-0.11127,0.00193,-0.04681
NVDA240517C01720000,NVDA,2024-05-17,1720.00,call,0.01,0.01,0.00,0,0.01,8892,0,249,2024-05-17,3.33675,0.00027,0.00001,-0.07974,0.00048,0.00001
NVDA240517P01720000,NVDA,2024-05-17,1720.00,put,827.40,795.02,788.30,40,801.75,40,0,0,2024-05-17,3.78552,-0.99878,0.00002,-0.11790,0.00195,-0.04709
NVDA240517C01730000,NVDA,2024-05-17,1730.00,call,0.16,0.01,0.00,0,0.01,8892,0,45,2024-05-17,3.35626,0.00025,0.00001,-0.07698,0.00046,0.00001
NVDA240517P01730000,NVDA,2024-05-17,1730.00,put,840.20,805.02,798.30,40,811.75,40,0,0,2024-05-17,3.82454,-0.99877,0.00002,-0.12480,0.00197,-0.04736
NVDA240517C01740000,NVDA,2024-05-17,1740.00,call,0.01,0.01,0.00,0,0.01,3952,0,547,2024-05-17,3.37577,0.00024,0.00001,-0.07438,0.00044,0.00001
NVDA240517P01740000,NVDA,2024-05-17,1740.00,put,847.90,815.02,808.30,40,821.75,40,0,0,2024-05-17,3.86356,-0.99875,0.00002,-0.13197,0.00200,-0.04763
NVDA240517C01750000,NVDA,2024-05-17,1750.00,call,0.01,0.01,0.00,0,0.01,3962,0,412,2024-05-17,3.41479,0.00025,0.00001,-0.07786,0.00046,0.00001
NVDA240517P01750000,NVDA,2024-05-17,1750.00,put,856.27,824.45,817.15,40,831.75,40,0,0,2024-05-17,0.01976,-1.00000,0.00000,0.25551,0.00000,-0.04794
NVDA240517C01760000,NVDA,2024-05-17,1760.00,call,0.01,0.01,0.00,0,0.01,4,0,244,2024-05-17,3.43431,0.00024,0.00001,-0.07539,0.00044,0.00001
NVDA240517P01760000,NVDA,2024-05-17,1760.00,put,0.00,834.47,828.30,40,840.65,40,0,0,2024-05-17,0.01976,-1.00000,0.00000,0.25697,0.00000,-0.04821
NVDA240517C01770000,NVDA,2024-05-17,1770.00,call,0.01,0.01,0.00,0,0.01,40,1,262,2024-05-17,3.47333,0.00025,0.00001,-0.07896,0.00045,0.00001
NVDA240517P01770000,NVDA,2024-05-17,1770.00,put,874.70,844.50,838.35,40,850.65,40,0,0,2024-05-17,0.01976,-1.00000,0.00000,0.25843,0.00000,-0.04849
NVDA240517C01780000,NVDA,2024-05-17,1780.00,call,0.02,0.01,0.00,0,0.01,1,3,286,2024-05-17,3.49284,0.00024,0.00001,-0.07659,0.00044,0.00001
NVDA240517P01780000,NVDA,2024-05-17,1780.00,put,860.05,854.50,848.35,40,860.65,40,0,0,2024-05-17,0.01976,-1.00000,0.00000,0.25989,0.00000,-0.04876
NVDA240517C01790000,NVDA,2024-05-17,1790.00,call,0.01,0.01,0.00,0,0.01,623,0,2214,2024-05-17,3.53187,0.00025,0.00001,-0.08027,0.00045,0.00001
NVDA240517P01790000,NVDA,2024-05-17,1790.00,put,896.85,864.38,858.30,40,870.45,40,0,0,2024-05-17,0.01976,-1.00000,0.00000,0.26135,0.00000,-0.04903
NVDA240517C01800000,NVDA,2024-05-17,1800.00,call,0.01,0.01,0.00,0,0.01,6916,1,1115,2024-05-17,3.55138,0.00024,0.00001,-0.07799,0.00044,0.00001
NVDA240517P01800000,NVDA,2024-05-17,1800.00,put,0.00,874.42,868.30,40,880.55,40,0,0,2024-05-17,0.01976,-1.00000,0.00000,0.26281,0.00000,-0.04931
NVDA240517C01810000,NVDA,2024-05-17,1810.00,call,0.02,0.01,0.00,0,0.01,1,0,101,2024-05-17,3.57089,0.00023,0.00001,-0.07585,0.00042,0.00001
NVDA240517P01810000,NVDA,2024-05-17,1810.00,put,0.00,884.60,878.45,40,890.75,40,0,0,2024-05-17,0.01976,-1.00000,0.00000,0.26427,0.00000,-0.04958
NVDA240517C01820000,NVDA,2024-05-17,1820.00,call,0.01,0.01,0.00,0,0.06,40,0,27,2024-05-17,3.60991,0.00024,0.00001,-0.07959,0.00044,0.00001
NVDA240517P01820000,NVDA,2024-05-17,1820.00,put,0.00,894.17,888.25,40,900.10,40,0,0,2024-05-17,0.01976,-1.00000,0.00000,0.26573,0.00000,-0.04986
NVDA240517C01830000,NVDA,2024-05-17,1830.00,call,0.03,0.01,0.00,0,0.06,40,0,43,2024-05-17,3.62942,0.00024,0.00001,-0.07753,0.00043,0.00001
NVDA240517P01830000,NVDA,2024-05-17,1830.00,put,956.36,904.38,898.30,40,910.45,40,0,0,2024-05-17,0.01976,-1.00000,0.00000,0.26719,0.00000,-0.05013
NVDA240517C01840000,NVDA,2024-05-17,1840.00,call,0.03,0.01,0.00,0,0.06,40,0,34,2024-05-17,3.64894,0.00023,0.00000,-0.07558,0.00041,0.00001
NVDA240517P01840000,NVDA,2024-05-17,1840.00,put,962.00,914.38,908.35,40,920.40,40,0,0,2024-05-17,0.01976,-1.00000,0.00000,0.26865,0.00000,-0.05040
NVDA240517C01850000,NVDA,2024-05-17,1850.00,call,0.03,0.01,0.00,0,0.01,8892,0,162,2024-05-17,3.68796,0.00024,0.00000,-0.07939,0.00043,0.00001
NVDA240517P01850000,NVDA,2024-05-17,1850.00,put,0.00,924.38,918.30,40,930.45,40,0,0,2024-05-17,0.01976,-1.00000,0.00000,0.27011,0.00000,-0.05068
NVDA240517C01860000,NVDA,2024-05-17,1860.00,call,0.01,0.01,0.00,0,0.01,2,0,40,2024-05-17,3.70747,0.00023,0.00000,-0.07751,0.00042,0.00001
NVDA240517P01860000,NVDA,2024-05-17,1860.00,put,0.00,934.27,928.30,40,940.25,40,0,0,2024-05-17,0.01976,-1.00000,0.00000,0.27157,0.00000,-0.05095
NVDA240517C01870000,NVDA,2024-05-17,1870.00,call,0.03,0.01,0.00,0,0.01,1,0,78,2024-05-17,3.72698,0.00022,0.00000,-0.07573,0.00041,0.00001
NVDA240517P01870000,NVDA,2024-05-17,1870.00,put,993.35,944.30,938.25,40,950.35,40,0,0,2024-05-17,0.01976,-1.00000,0.00000,0.27303,0.00000,-0.05123
NVDA240517C01880000,NVDA,2024-05-17,1880.00,call,0.01,0.01,0.00,0,0.01,1,0,77,2024-05-17,3.76601,0.00023,0.00000,-0.07963,0.00042,0.00001
NVDA240517P01880000,NVDA,2024-05-17,1880.00,put,1022.35,954.58,948.35,40,960.80,40,0,0,2024-05-17,0.01976,-1.00000,0.00000,0.27449,0.00000,-0.05150
NVDA240517C01890000,NVDA,2024-05-17,1890.00,call,0.02,0.01,0.00,0,0.01,2,0,195,2024-05-17,3.78552,0.00023,0.00000,-0.07791,0.00041,0.00001
NVDA240517P01890000,NVDA,2024-05-17,1890.00,put,0.00,964.40,958.30,40,970.50,40,0,0,2024-05-17,0.01976,-1.00000,0.00000,0.27595,0.00000,-0.05177
NVDA240517C01900000,NVDA,2024-05-17,1900.00,call,0.01,0.01,0.00,0,0.01,6916,10,302,2024-05-17,3.80503,0.00022,0.00000,-0.07628,0.00040,0.00001
NVDA240517P01900000,NVDA,2024-05-17,1900.00,put,0.00,974.45,968.30,40,980.60,40,0,0,2024-05-17,0.01976,-1.00000,0.00000,0.27741,0.00000,-0.05205
NVDA240517C01910000,NVDA,2024-05-17,1910.00,call,0.03,0.01,0.00,0,0.01,17,0,65,2024-05-17,3.84405,0.00023,0.00000,-0.08027,0.00042,0.00001
NVDA240517P01910000,NVDA,2024-05-17,1910.00,put,0.00,984.45,978.30,40,990.60,40,0,0,2024-05-17,0.01976,-1.00000,0.00000,0.27887,0.00000,-0.05232
NVDA240517C01920000,NVDA,2024-05-17,1920.00,call,0.01,0.01,0.00,0,0.01,257,0,426,2024-05-17,3.86356,0.00022,0.00000,-0.07869,0.00041,0.00001
NVDA240517P01920000,NVDA,2024-05-17,1920.00,put,0.00,994.30,988.25,40,1000.35,40,0,0,2024-05-17,0.01976,-1.00000,0.00000,0.28033,0.00000,-0.05260
NVDA240517C01930000,NVDA,2024-05-17,1930.00,call,0.01,0.01,0.00,0,0.01,506,0,595,2024-05-17,3.88308,0.00022,0.00000,-0.07719,0.00040,0.00001
NVDA240517P01930000,NVDA,2024-05-17,1930.00,put,1026.31,1004.58,998.25,40,1010.90,40,0,0,2024-05-17,0.01976,-1.00000,0.00000,0.28179,0.00000,-0.05287
NVDA240517C01940000,NVDA,2024-05-17,1940.00,call,0.01,0.01,0.00,0,0.01,468,0,8126,2024-05-17,3.92210,0.00023,0.00000,-0.08128,0.00041,0.00001
NVDA240517P01940000,NVDA,2024-05-17,1940.00,put,1036.33,1014.35,1008.25,40,1020.45,40,0,0,2024-05-17,0.01976,-1.00000,0.00000,0.28325,0.00000,-0.05314
NVDA240524C00260000,NVDA,2024-05-24,260.00,call,667.04,664.83,663.65,2,666.00,5,18,14,2024-05-17,0.01976,1.00000,0.00000,-0.03793,0.00000,0.04981
NVDA240524P00260000,NVDA,2024-05-24,260.00,put,0.01,0.01,0.00,0,0.01,100,0,132,2024-05-17,2.61481,-0.00011,0.00000,-0.01060,0.00057,-0.00002
NVDA240524C00280000,NVDA,2024-05-24,280.00,call,609.50,645.08,643.70,2,646.45,5,0,1,2024-05-17,2.32214,0.99995,0.00000,-0.04541,0.00028,0.05363
NVDA240524P00280000,NVDA,2024-05-24,280.00,put,0.03,0.01,0.00,0,0.01,100,0,0,2024-05-17,2.45872,-0.00012,0.00000,-0.01019,0.00058,-0.00002
NVDA240524C00290000,NVDA,2024-05-24,290.00,call,0.00,635.08,633.70,2,636.45,5,0,0,2024-05-17,0.01976,1.00000,0.00000,-0.04230,0.00000,0.05556
NVDA240524P00290000,NVDA,2024-05-24,290.00,put,0.05,0.01,0.00,0,0.01,100,0,1,2024-05-17,2.40019,-0.00013,0.00000,-0.01086,0.00063,-0.00002
NVDA240524C00300000,NVDA,2024-05-24,300.00,call,645.05,625.10,623.85,2,626.35,5,0,48,2024-05-17,2.18556,0.99995,0.00000,-0.04815,0.00028,0.05747
NVDA240524P00300000,NVDA,2024-05-24,300.00,put,0.02,0.01,0.00,0,0.01,100,1,103,2024-05-17,2.32214,-0.00012,0.00000,-0.01026,0.00062,-0.00002
NVDA240524C00310000,NVDA,2024-05-24,310.00,call,634.51,615.12,613.75,2,616.50,2,0,2,2024-05-17,2.30263,0.99983,0.00000,-0.05855,0.00081,0.05936
NVDA240524P00310000,NVDA,2024-05-24,310.00,put,0.17,0.01,0.00,0,0.01,5,0,2,2024-05-17,2.26360,-0.00013,0.00000,-0.01068,0.00066,-0.00003
NVDA240524C00320000,NVDA,2024-05-24,320.00,call,575.66,605.12,603.75,2,606.50,5,0,4,2024-05-17,2.04897,0.99995,0.00000,-0.05061,0.00027,0.06130
NVDA240524P00320000,NVDA,2024-05-24,320.00,put,0.01,0.01,0.00,0,0.01,5,1,13,2024-05-17,2.20507,-0.00014,0.00000,-0.01100,0.00070,-0.00003
NVDA240524C00330000,NVDA,2024-05-24,330.00,call,594.22,595.12,593.75,2,596.50,5,1,21,2024-05-17,0.01976,1.00000,0.00000,-0.04814,0.00000,0.06322
NVDA240524P00330000,NVDA,2024-05-24,330.00,put,0.01,0.01,0.00,0,0.01,2,104,24,2024-05-17,2.12702,-0.00013,0.00000,-0.00995,0.00066,-0.00003
NVDA240524C00340000,NVDA,2024-05-24,340.00,call,587.70,585.15,583.80,2,586.50,5,1,2,2024-05-17,2.10751,0.99983,0.00000,-0.06235,0.00085,0.06511
NVDA240524P00340000,NVDA,2024-05-24,340.00,put,0.01,0.01,0.00,0,0.01,3,4,41,2024-05-17,2.06849,-0.00014,0.00000,-0.01000,0.00068,-0.00003
NVDA240524C00350000,NVDA,2024-05-24,350.00,call,543.67,575.17,573.90,2,576.45,2,0,56,2024-05-17,2.14653,0.99969,0.00000,-0.07356,0.00147,0.06699
NVDA240524P00350000,NVDA,2024-05-24,350.00,put,0.01,0.01,0.00,0,0.01,100,22,950,2024-05-17,2.00995,-0.00014,0.00000,-0.00994,0.00069,-0.00003
NVDA240524C00360000,NVDA,2024-05-24,360.00,call,555.91,565.17,563.80,2,566.55,5,0,1,2024-05-17,1.99044,0.99982,0.00000,-0.06515,0.00089,0.06894
NVDA240524P00360000,NVDA,2024-05-24,360.00,put,0.01,0.01,0.00,0,0.01,84,81,128,2024-05-17,1.97093,-0.00016,0.00000,-0.01114,0.00079,-0.00003
NVDA240524C00370000,NVDA,2024-05-24,370.00,call,537.50,555.20,553.85,2,556.55,5,0,4,2024-05-17,2.06849,0.99959,0.00001,-0.08201,0.00190,0.07081
NVDA240524P00370000,NVDA,2024-05-24,370.00,put,0.02,0.01,0.01,10,0.02,4,11,40,2024-05-17,1.91239,-0.00016,0.00000,-0.01087,0.00080,-0.00003
NVDA240524C00380000,NVDA,2024-05-24,380.00,call,0.00,545.23,543.85,2,546.60,5,0,0,2024-05-17,2.10751,0.99931,0.00001,-0.10177,0.00308,0.07267
NVDA240524P00380000,NVDA,2024-05-24,380.00,put,0.01,0.01,0.00,0,0.02,100,4,151,2024-05-17,1.85386,-0.00016,0.00000,-0.01048,0.00079,-0.00003
NVDA240524C00390000,NVDA,2024-05-24,390.00,call,466.11,535.23,533.85,2,536.60,5,0,1,2024-05-17,2.00995,0.99941,0.00001,-0.09475,0.00264,0.07461
NVDA240524P00390000,NVDA,2024-05-24,390.00,put,0.03,0.01,0.00,0,0.02,100,9,163,2024-05-17,1.79532,-0.00016,0.00000,-0.00998,0.00078,-0.00003
NVDA240524C00400000,NVDA,2024-05-24,400.00,call,547.49,525.25,524.00,2,526.50,5,0,7,2024-05-17,1.99044,0.99927,0.00001,-0.10422,0.00323,0.07649
NVDA240524P00400000,NVDA,2024-05-24,400.00,put,0.01,0.01,0.00,0,0.01,1,120,23,2024-05-17,1.75630,-0.00018,0.00000,-0.01086,0.00087,-0.00003
NVDA240524C00410000,NVDA,2024-05-24,410.00,call,0.00,515.27,513.90,2,516.65,2,0,0,2024-05-17,1.95142,0.99918,0.00001,-0.10975,0.00359,0.07839
NVDA240524P00410000,NVDA,2024-05-24,410.00,put,0.02,0.02,0.01,3,0.03,100,10,10,2024-05-17,1.79532,-0.00034,0.00001,-0.02018,0.00158,-0.00006
NVDA240524C00420000,NVDA,2024-05-24,420.00,call,514.13,505.27,503.90,2,506.65,2,10,10,2024-05-17,1.87337,0.99925,0.00001,-0.10525,0.00330,0.08032
NVDA240524P00420000,NVDA,2024-05-24,420.00,put,0.02,0.02,0.01,3,0.03,100,1,43,2024-05-17,1.73679,-0.00033,0.00001,-0.01912,0.00155,-0.00006
NVDA240524C00430000,NVDA,2024-05-24,430.00,call,468.03,495.30,493.95,2,496.65,2,0,4,2024-05-17,1.87337,0.99898,0.00001,-0.12115,0.00438,0.08219
NVDA240524P00430000,NVDA,2024-05-24,430.00,put,0.03,0.02,0.01,3,0.03,98,3,530,2024-05-17,1.67825,-0.00032,0.00001,-0.01790,0.00150,-0.00006
NVDA240524C00440000,NVDA,2024-05-24,440.00,call,503.34,485.32,483.95,2,486.70,2,1,10,2024-05-17,1.83435,0.99887,0.00002,-0.12697,0.00480,0.08408
NVDA240524P00440000,NVDA,2024-05-24,440.00,put,0.03,0.03,0.01,3,0.05,2,190,314,2024-05-17,1.69776,-0.00052,0.00001,-0.02839,0.00235,-0.00010
NVDA240524C00450000,NVDA,2024-05-24,450.00,call,496.56,475.33,474.05,2,476.60,2,0,22,2024-05-17,1.77581,0.99888,0.00002,-0.12622,0.00479,0.08600
NVDA240524P00450000,NVDA,2024-05-24,450.00,put,0.03,0.03,0.01,3,0.04,100,53,595,2024-05-17,1.63923,-0.00050,0.00001,-0.02653,0.00227,-0.00009
NVDA240524C00460000,NVDA,2024-05-24,460.00,call,474.37,465.35,464.00,2,466.70,2,1,10,2024-05-17,1.75630,0.99864,0.00002,-0.13875,0.00573,0.08787
NVDA240524P00460000,NVDA,2024-05-24,460.00,put,0.07,0.03,0.01,3,0.06,1,0,24,2024-05-17,1.60021,-0.00054,0.00001,-0.02805,0.00246,-0.00010
NVDA240524C00470000,NVDA,2024-05-24,470.00,call,457.27,455.38,454.00,2,456.75,2,10,4,2024-05-17,1.73679,0.99835,0.00002,-0.15283,0.00681,0.08973
NVDA240524P00470000,NVDA,2024-05-24,470.00,put,0.04,0.04,0.01,3,0.07,1,9,1033,2024-05-17,1.58069,-0.00067,0.00001,-0.03371,0.00299,-0.00013
NVDA240524C00480000,NVDA,2024-05-24,480.00,call,455.28,445.38,444.00,2,446.75,2,2,6,2024-05-17,1.65874,0.99853,0.00002,-0.14246,0.00613,0.09168
NVDA240524P00480000,NVDA,2024-05-24,480.00,put,0.04,0.04,0.01,3,0.08,1,60,105,2024-05-17,1.54167,-0.00073,0.00001,-0.03538,0.00322,-0.00014
NVDA240524C00490000,NVDA,2024-05-24,490.00,call,395.71,435.40,434.05,2,436.75,5,0,1,2024-05-17,1.63923,0.99823,0.00003,-0.15643,0.00728,0.09354
NVDA240524P00490000,NVDA,2024-05-24,490.00,put,0.03,0.03,0.01,3,0.05,2,863,74,2024-05-17,1.46362,-0.00060,0.00001,-0.02797,0.00268,-0.00011
NVDA240524C00500000,NVDA,2024-05-24,500.00,call,438.39,425.42,424.15,2,426.70,5,13,14,2024-05-17,1.60021,0.99808,0.00003,-0.16224,0.00784,0.09543
NVDA240524P00500000,NVDA,2024-05-24,500.00,put,0.05,0.06,0.02,5,0.09,10,1198,781,2024-05-17,1.50265,-0.00109,0.00002,-0.04999,0.00467,-0.00021
NVDA240524C00510000,NVDA,2024-05-24,510.00,call,422.44,415.45,414.10,2,416.80,2,10,1,2024-05-17,1.58069,0.99769,0.00004,-0.17838,0.00924,0.09727
NVDA240524P00510000,NVDA,2024-05-24,510.00,put,0.04,0.04,0.01,1,0.07,1,22,245,2024-05-17,1.40509,-0.00079,0.00001,-0.03456,0.00345,-0.00015
NVDA240524C00520000,NVDA,2024-05-24,520.00,call,428.24,405.48,404.10,2,406.85,2,0,4,2024-05-17,1.54167,0.99751,0.00004,-0.18458,0.00991,0.09915
NVDA240524P00520000,NVDA,2024-05-24,520.00,put,0.03,0.01,0.00,0,0.15,50,76,46,2024-05-17,1.22948,-0.00026,0.00001,-0.01076,0.00123,-0.00005
NVDA240524C00530000,NVDA,2024-05-24,530.00,call,397.10,395.48,394.10,2,396.85,2,10,6,2024-05-17,1.48313,0.99758,0.00004,-0.17905,0.00964,0.10108
NVDA240524P00530000,NVDA,2024-05-24,530.00,put,0.07,0.04,0.02,1,0.06,20,65,214,2024-05-17,1.32704,-0.00088,0.00002,-0.03638,0.00385,-0.00017
NVDA240524C00540000,NVDA,2024-05-24,540.00,call,388.54,385.52,384.15,2,386.90,2,9,6,2024-05-17,1.46362,0.99712,0.00005,-0.19658,0.01131,0.10291
NVDA240524P00540000,NVDA,2024-05-24,540.00,put,0.09,0.06,0.01,1,0.11,1,8,47,2024-05-17,1.32704,-0.00124,0.00002,-0.04973,0.00527,-0.00023
NVDA240524C00550000,NVDA,2024-05-24,550.00,call,383.07,375.55,374.30,2,376.80,2,32,3,2024-05-17,1.44411,0.99657,0.00006,-0.21611,0.01322,0.10472
NVDA240524P00550000,NVDA,2024-05-24,550.00,put,0.06,0.06,0.02,52,0.09,1,531,378,2024-05-17,1.28802,-0.00131,0.00003,-0.05076,0.00554,-0.00025
NVDA240524C00560000,NVDA,2024-05-24,560.00,call,359.93,365.57,364.20,2,366.95,2,45,6,2024-05-17,1.40509,0.99632,0.00006,-0.22232,0.01406,0.10659
NVDA240524P00560000,NVDA,2024-05-24,560.00,put,0.07,0.08,0.06,19,0.10,1,221,204,2024-05-17,1.26851,-0.00159,0.00003,-0.05959,0.00660,-0.00030
NVDA240524C00570000,NVDA,2024-05-24,570.00,call,352.61,355.60,354.50,5,356.70,5,29,9,2024-05-17,1.36606,0.99607,0.00007,-0.22830,0.01493,0.10846
NVDA240524P00570000,NVDA,2024-05-24,570.00,put,0.08,0.11,0.08,1,0.13,1,19,179,2024-05-17,1.26851,-0.00220,0.00004,-0.07979,0.00884,-0.00041
NVDA240524C00580000,NVDA,2024-05-24,580.00,call,320.65,345.65,344.55,5,346.75,5,0,12,2024-05-17,1.34655,0.99535,0.00008,-0.25101,0.01737,0.11024
NVDA240524P00580000,NVDA,2024-05-24,580.00,put,0.11,0.01,0.00,0,0.10,5,238,270,2024-05-17,0.99534,-0.00027,0.00001,-0.00906,0.00128,-0.00005
NVDA240524C00590000,NVDA,2024-05-24,590.00,call,344.15,335.68,334.60,5,336.75,5,1,13,2024-05-17,1.30753,0.99504,0.00009,-0.25722,0.01840,0.11210
NVDA240524P00590000,NVDA,2024-05-24,590.00,put,0.10,0.07,0.05,36,0.09,10,46,390,2024-05-17,1.13192,-0.00158,0.00004,-0.05270,0.00655,-0.00029
NVDA240524C00592500,NVDA,2024-05-24,592.50,call,0.00,333.18,332.10,5,334.25,5,0,0,2024-05-17,1.30753,0.99469,0.00009,-0.26815,0.01954,0.11251
NVDA240524P00592500,NVDA,2024-05-24,592.50,put,0.10,0.09,0.07,77,0.10,8,13,0,2024-05-17,1.15144,-0.00200,0.00004,-0.06649,0.00812,-0.00037
NVDA240524C00595000,NVDA,2024-05-24,595.00,call,336.00,330.70,329.60,5,331.80,5,7,3,2024-05-17,1.30753,0.99432,0.00010,-0.27957,0.02073,0.11292
NVDA240524P00595000,NVDA,2024-05-24,595.00,put,0.10,0.09,0.04,84,0.13,1,104,1,2024-05-17,1.13192,-0.00188,0.00004,-0.06168,0.00766,-0.00035
NVDA240524C00600000,NVDA,2024-05-24,600.00,call,324.84,325.70,324.70,5,326.70,5,203,78,2024-05-17,1.26851,0.99471,0.00009,-0.26312,0.01946,0.11396
NVDA240524P00600000,NVDA,2024-05-24,600.00,put,0.11,0.11,0.08,30,0.13,250,2157,2092,2024-05-17,1.15144,-0.00256,0.00005,-0.08317,0.01016,-0.00048
NVDA240524C00605000,NVDA,2024-05-24,605.00,call,320.90,320.85,319.65,5,322.05,2,2,1,2024-05-17,1.30753,0.99265,0.00012,-0.33056,0.02606,0.11452
NVDA240524P00605000,NVDA,2024-05-24,605.00,put,0.11,0.17,0.10,1,0.23,34,15,3,2024-05-17,1.17095,-0.00342,0.00007,-0.10988,0.01320,-0.00064
NVDA240524C00607500,NVDA,2024-05-24,607.50,call,0.00,318.25,317.15,5,319.35,5,0,0,2024-05-17,1.26851,0.99354,0.00011,-0.29846,0.02326,0.11517
NVDA240524P00607500,NVDA,2024-05-24,607.50,put,0.12,0.14,0.08,96,0.21,46,14,0,2024-05-17,1.13192,-0.00284,0.00006,-0.08979,0.01116,-0.00053
NVDA240524C00610000,NVDA,2024-05-24,610.00,call,338.50,315.75,314.65,5,316.85,5,0,11,2024-05-17,1.24899,0.99376,0.00011,-0.28932,0.02256,0.11569
NVDA240524P00610000,NVDA,2024-05-24,610.00,put,0.17,0.15,0.08,38,0.23,66,122,153,2024-05-17,1.13192,-0.00308,0.00006,-0.09650,0.01199,-0.00057
NVDA240524C00615000,NVDA,2024-05-24,615.00,call,278.00,310.75,309.65,5,311.85,5,0,13,2024-05-17,1.22948,0.99356,0.00011,-0.29239,0.02318,0.11662
NVDA240524P00615000,NVDA,2024-05-24,615.00,put,0.12,0.18,0.12,19,0.24,39,47,368,2024-05-17,1.13192,-0.00360,0.00007,-0.11114,0.01381,-0.00067
NVDA240524C00620000,NVDA,2024-05-24,620.00,call,308.10,305.80,304.70,5,306.90,5,109,56,2024-05-17,1.22948,0.99265,0.00013,-0.31830,0.02606,0.11740
NVDA240524P00620000,NVDA,2024-05-24,620.00,put,0.17,0.01,0.00,0,0.24,44,114,442,2024-05-17,0.85876,-0.00030,0.00001,-0.00869,0.00142,-0.00006
NVDA240524C00625000,NVDA,2024-05-24,625.00,call,300.69,300.80,299.70,5,301.90,5,6,13,2024-05-17,1.19046,0.99315,0.00013,-0.29827,0.02447,0.11846
NVDA240524P00625000,NVDA,2024-05-24,625.00,put,0.17,0.15,0.05,125,0.26,35,239,214,2024-05-17,1.07339,-0.00329,0.00007,-0.09724,0.01274,-0.00061
NVDA240524C00630000,NVDA,2024-05-24,630.00,call,261.65,295.92,294.70,5,297.15,2,0,4,2024-05-17,1.20997,0.99136,0.00015,-0.35028,0.03004,0.11908
NVDA240524P00630000,NVDA,2024-05-24,630.00,put,0.25,0.16,0.11,10,0.21,1,613,948,2024-05-17,1.07339,-0.00387,0.00008,-0.11231,0.01472,-0.00072
NVDA240524C00635000,NVDA,2024-05-24,635.00,call,257.10,290.67,289.45,2,291.90,5,0,18,2024-05-17,1.09290,0.99486,0.00011,-0.24004,0.01898,0.12070
NVDA240524P00635000,NVDA,2024-05-24,635.00,put,0.18,0.19,0.15,1,0.23,1,24,177,2024-05-17,1.07339,-0.00452,0.00010,-0.12921,0.01694,-0.00084
NVDA240524C00640000,NVDA,2024-05-24,640.00,call,314.46,285.85,284.75,5,286.95,5,0,9,2024-05-17,1.15144,0.99168,0.00015,-0.33114,0.02905,0.12106
NVDA240524P00640000,NVDA,2024-05-24,640.00,put,0.21,0.20,0.10,41,0.29,1,133,657,2024-05-17,1.05388,-0.00463,0.00010,-0.12957,0.01730,-0.00086
NVDA240524C00645000,NVDA,2024-05-24,645.00,call,245.86,281.00,279.80,5,282.20,5,0,4,2024-05-17,1.17095,0.98954,0.00018,-0.38953,0.03550,0.12161
NVDA240524P00645000,NVDA,2024-05-24,645.00,put,0.20,0.24,0.15,2,0.33,12,185,127,2024-05-17,1.05388,-0.00540,0.00011,-0.14863,0.01985,-0.00101
NVDA240524C00650000,NVDA,2024-05-24,650.00,call,277.00,275.90,274.90,5,276.90,5,6,22,2024-05-17,1.11241,0.99116,0.00017,-0.33693,0.03063,0.12288
NVDA240524P00650000,NVDA,2024-05-24,650.00,put,0.21,0.23,0.16,1,0.30,1,371,1117,2024-05-17,1.03437,-0.00554,0.00012,-0.14907,0.02028,-0.00103
NVDA240524C00655000,NVDA,2024-05-24,655.00,call,268.74,270.90,269.80,5,272.00,5,3,7,2024-05-17,1.09290,0.99090,0.00018,-0.33967,0.03144,0.12379
NVDA240524P00655000,NVDA,2024-05-24,655.00,put,0.21,0.23,0.12,71,0.35,50,24,270,2024-05-17,1.01485,-0.00567,0.00012,-0.14940,0.02072,-0.00105
NVDA240524C00660000,NVDA,2024-05-24,660.00,call,261.55,265.95,264.85,5,267.05,5,1,7,2024-05-17,1.07339,0.99063,0.00018,-0.34228,0.03226,0.12470
NVDA240524P00660000,NVDA,2024-05-24,660.00,put,0.27,0.42,0.21,40,0.63,31,82,788,2024-05-17,1.05388,-0.00839,0.00017,-0.21926,0.02929,-0.00156
NVDA240524C00665000,NVDA,2024-05-24,665.00,call,267.00,260.95,259.85,5,262.05,5,1,6,2024-05-17,1.05388,0.99035,0.00019,-0.34477,0.03310,0.12560
NVDA240524P00665000,NVDA,2024-05-24,665.00,put,0.30,0.28,0.25,24,0.30,1,70,310,2024-05-17,0.99534,-0.00678,0.00015,-0.17150,0.02426,-0.00126
NVDA240524C00670000,NVDA,2024-05-24,670.00,call,256.55,256.12,254.90,5,257.35,5,14,16,2024-05-17,1.07339,0.98775,0.00023,-0.40812,0.04071,0.12607
NVDA240524P00670000,NVDA,2024-05-24,670.00,put,0.31,0.30,0.25,33,0.34,10,800,432,2024-05-17,0.97583,-0.00695,0.00015,-0.17180,0.02479,-0.00129
NVDA240524C00675000,NVDA,2024-05-24,675.00,call,271.66,251.12,249.90,5,252.35,2,0,20,2024-05-17,1.05388,0.98737,0.00024,-0.41150,0.04182,0.12696
NVDA240524P00675000,NVDA,2024-05-24,675.00,put,0.31,0.24,0.13,1,0.35,1,565,186,2024-05-17,0.93681,-0.00622,0.00015,-0.14946,0.02247,-0.00115
NVDA240524C00680000,NVDA,2024-05-24,680.00,call,247.96,246.05,244.95,5,247.15,5,23,20,2024-05-17,1.01485,0.98825,0.00024,-0.38218,0.03927,0.12809
NVDA240524P00680000,NVDA,2024-05-24,680.00,put,0.32,0.34,0.32,21,0.37,1,224,615,2024-05-17,0.95632,-0.00830,0.00018,-0.19681,0.02898,-0.00154
NVDA240524C00685000,NVDA,2024-05-24,685.00,call,236.68,241.05,239.95,5,242.15,5,1,24,2024-05-17,0.99534,0.98790,0.00025,-0.38471,0.04030,0.12898
NVDA240524P00685000,NVDA,2024-05-24,685.00,put,0.42,0.41,0.35,1,0.47,59,67,907,2024-05-17,0.95632,-0.00963,0.00021,-0.22433,0.03304,-0.00179
NVDA240524C00690000,NVDA,2024-05-24,690.00,call,252.05,236.10,235.00,5,237.20,5,4,14,2024-05-17,0.97583,0.98753,0.00026,-0.38712,0.04135,0.12987
NVDA240524P00690000,NVDA,2024-05-24,690.00,put,0.38,0.40,0.37,16,0.42,1,110,448,2024-05-17,0.93681,-0.00990,0.00022,-0.22493,0.03382,-0.00184
NVDA240524C00695000,NVDA,2024-05-24,695.00,call,253.10,231.07,229.90,8,232.25,5,0,11,2024-05-17,0.95632,0.98716,0.00027,-0.38939,0.04243,0.13076
NVDA240524P00695000,NVDA,2024-05-24,695.00,put,0.43,0.44,0.41,28,0.47,9,348,1161,2024-05-17,0.91729,-0.01016,0.00023,-0.22540,0.03462,-0.00188
NVDA240524C00700000,NVDA,2024-05-24,700.00,call,225.50,226.45,225.50,14,227.40,5,168,1174,2024-05-17,1.01485,0.98026,0.00037,-0.54392,0.06134,0.13042
NVDA240524P00700000,NVDA,2024-05-24,700.00,put,0.47,0.49,0.45,100,0.53,1,1299,3304,2024-05-17,0.91729,-0.01179,0.00026,-0.25649,0.03940,-0.00219
NVDA240524C00705000,NVDA,2024-05-24,705.00,call,219.24,220.07,217.75,40,222.40,5,1,825,2024-05-17,0.01976,1.00000,0.00000,-0.10284,0.00000,0.13507
NVDA240524P00705000,NVDA,2024-05-24,705.00,put,0.52,0.52,0.47,51,0.57,1,90,755,2024-05-17,0.89778,-0.01213,0.00027,-0.25718,0.04037,-0.00225
NVDA240524C00710000,NVDA,2024-05-24,710.00,call,224.00,216.38,215.35,5,217.40,6,5,28,2024-05-17,0.95632,0.98076,0.00038,-0.51077,0.06001,0.13244
NVDA240524P00710000,NVDA,2024-05-24,710.00,put,0.59,0.58,0.54,16,0.62,33,1085,926,2024-05-17,0.89778,-0.01404,0.00031,-0.29180,0.04581,-0.00260
NVDA240524C00715000,NVDA,2024-05-24,715.00,call,211.50,211.40,210.40,5,212.40,5,8,8,2024-05-17,0.93681,0.98010,0.00040,-0.51457,0.06173,0.13328
NVDA240524P00715000,NVDA,2024-05-24,715.00,put,0.62,0.45,0.27,39,0.63,1,623,856,2024-05-17,0.83925,-0.01129,0.00028,-0.22576,0.03793,-0.00208
NVDA240524C00720000,NVDA,2024-05-24,720.00,call,206.15,206.20,205.00,2,207.40,10,129,257,2024-05-17,0.87827,0.98330,0.00037,-0.43626,0.05317,0.13484
NVDA240524P00720000,NVDA,2024-05-24,720.00,put,0.66,0.67,0.63,26,0.71,1,289,758,2024-05-17,0.87827,-0.01670,0.00037,-0.33123,0.05317,-0.00310
NVDA240524C00725000,NVDA,2024-05-24,725.00,call,201.50,201.70,200.55,5,202.85,9,6,110,2024-05-17,0.93681,0.97434,0.00050,-0.61397,0.07649,0.13411
NVDA240524P00725000,NVDA,2024-05-24,725.00,put,0.77,0.64,0.44,40,0.83,29,259,930,2024-05-17,0.83925,-0.01534,0.00036,-0.29429,0.04945,-0.00284
NVDA240524C00730000,NVDA,2024-05-24,730.00,call,195.60,196.55,195.45,5,197.65,5,23,627,2024-05-17,0.87827,0.97799,0.00047,-0.52525,0.06725,0.13577
NVDA240524P00730000,NVDA,2024-05-24,730.00,put,0.90,0.84,0.78,24,0.91,40,537,706,2024-05-17,0.85876,-0.01985,0.00044,-0.37511,0.06161,-0.00368
NVDA240524C00735000,NVDA,2024-05-24,735.00,call,191.10,191.53,190.30,2,192.75,5,9,573,2024-05-17,0.85876,0.97722,0.00049,-0.52858,0.06922,0.13659
NVDA240524P00735000,NVDA,2024-05-24,735.00,put,0.97,0.94,0.88,6,1.00,44,524,600,2024-05-17,0.85876,-0.02278,0.00049,-0.42136,0.06922,-0.00423
NVDA240524C00740000,NVDA,2024-05-24,740.00,call,186.60,186.77,185.70,5,187.85,6,11,154,2024-05-17,0.87827,0.97141,0.00058,-0.62908,0.08371,0.13646
NVDA240524P00740000,NVDA,2024-05-24,740.00,put,1.11,1.02,0.99,1,1.06,10,1325,1305,2024-05-17,0.83925,-0.02358,0.00052,-0.42383,0.07126,-0.00437
NVDA240524C00745000,NVDA,2024-05-24,745.00,call,177.30,181.93,180.85,5,183.00,5,19,11,2024-05-17,0.85876,0.97034,0.00061,-0.63393,0.08631,0.13722
NVDA240524P00745000,NVDA,2024-05-24,745.00,put,1.16,1.15,1.05,7,1.24,4,599,1036,2024-05-17,0.83925,-0.02699,0.00058,-0.47460,0.07981,-0.00501
NVDA240524C00750000,NVDA,2024-05-24,750.00,call,177.39,177.05,176.05,5,178.05,5,179,434,2024-05-17,0.85876,0.96635,0.00068,-0.69241,0.09582,0.13743
NVDA240524P00750000,NVDA,2024-05-24,750.00,put,1.32,1.33,1.30,1,1.36,1,2196,2714,2024-05-17,0.83925,-0.03078,0.00065,-0.52929,0.08902,-0.00572
NVDA240524C00755000,NVDA,2024-05-24,755.00,call,171.20,172.23,171.55,1,172.90,1,40,191,2024-05-17,0.85876,0.96195,0.00075,-0.75475,0.10597,0.13756
NVDA240524P00755000,NVDA,2024-05-24,755.00,put,1.52,1.48,1.41,13,1.56,18,275,532,2024-05-17,0.83925,-0.03497,0.00072,-0.58792,0.09890,-0.00650
NVDA240524C00760000,NVDA,2024-05-24,760.00,call,167.80,167.43,166.75,1,168.10,1,156,145,2024-05-17,0.83925,0.96041,0.00080,-0.76134,0.10944,0.13824
NVDA240524P00760000,NVDA,2024-05-24,760.00,put,1.65,1.66,1.57,15,1.74,10,972,904,2024-05-17,0.81974,-0.03637,0.00076,-0.59277,0.10212,-0.00675
NVDA240524C00765000,NVDA,2024-05-24,765.00,call,162.35,162.68,162.00,1,163.35,1,13,72,2024-05-17,0.83925,0.95534,0.00088,-0.82850,0.12065,0.13825
NVDA240524P00765000,NVDA,2024-05-24,765.00,put,1.91,2.06,1.87,1,2.26,13,486,1839,2024-05-17,0.83925,-0.04466,0.00088,-0.71690,0.12065,-0.00831
NVDA240524C00770000,NVDA,2024-05-24,770.00,call,159.91,157.93,157.25,1,158.60,1,22,324,2024-05-17,0.83925,0.94981,0.00096,-0.89945,0.13249,0.13817
NVDA240524P00770000,NVDA,2024-05-24,770.00,put,2.20,2.16,1.98,40,2.34,10,1285,2196,2024-05-17,0.81974,-0.04654,0.00093,-0.72370,0.12472,-0.00866
NVDA240524C00775000,NVDA,2024-05-24,775.00,call,153.36,153.20,152.55,1,153.85,5,51,259,2024-05-17,0.83925,0.94378,0.00105,-0.97407,0.14496,0.13799
NVDA240524P00775000,NVDA,2024-05-24,775.00,put,2.28,2.46,2.29,7,2.62,5,767,1017,2024-05-17,0.81974,-0.05237,0.00102,-0.79495,0.13703,-0.00975
NVDA240524C00780000,NVDA,2024-05-24,780.00,call,149.50,148.55,147.90,1,149.20,5,376,525,2024-05-17,0.83925,0.93723,0.00115,-1.05218,0.15803,0.13772
NVDA240524P00780000,NVDA,2024-05-24,780.00,put,2.83,2.71,2.47,10,2.94,12,989,1768,2024-05-17,0.81974,-0.05871,0.00112,-0.86987,0.14998,-0.01094
NVDA240524C00785000,NVDA,2024-05-24,785.00,call,144.12,143.93,143.30,1,144.55,5,45,75,2024-05-17,0.83925,0.93016,0.00125,-1.13358,0.17166,0.13734
NVDA240524P00785000,NVDA,2024-05-24,785.00,put,3.17,3.15,3.00,50,3.30,28,630,627,2024-05-17,0.81974,-0.06560,0.00122,-0.94827,0.16354,-0.01224
NVDA240524C00790000,NVDA,2024-05-24,790.00,call,139.53,139.45,138.00,3,140.90,1,93,912,2024-05-17,0.83925,0.92254,0.00135,-1.21802,0.18580,0.13686
NVDA240524P00790000,NVDA,2024-05-24,790.00,put,3.59,3.58,3.45,49,3.70,7,1128,1294,2024-05-17,0.81974,-0.07305,0.00132,-1.02992,0.17767,-0.01364
NVDA240524C00795000,NVDA,2024-05-24,795.00,call,135.40,134.88,134.25,1,135.50,1,35,101,2024-05-17,0.83925,0.91435,0.00146,-1.30521,0.20042,0.13627
NVDA240524P00795000,NVDA,2024-05-24,795.00,put,4.10,4.05,3.85,3,4.25,3,651,944,2024-05-17,0.81974,-0.08107,0.00143,-1.11455,0.19232,-0.01516
NVDA240524C00800000,NVDA,2024-05-24,800.00,call,130.00,129.75,128.70,1,130.80,1,832,3765,2024-05-17,0.80022,0.91507,0.00152,-1.24301,0.19916,0.13740
NVDA240524P00800000,NVDA,2024-05-24,800.00,put,4.50,4.58,4.50,7,4.65,7,4402,5645,2024-05-17,0.81974,-0.08969,0.00154,-1.20184,0.20744,-0.01678
NVDA240524C00805000,NVDA,2024-05-24,805.00,call,126.75,126.03,125.45,1,126.60,1,25,206,2024-05-17,0.83925,0.89626,0.00168,-1.48648,0.23085,0.13475
NVDA240524P00805000,NVDA,2024-05-24,805.00,put,5.40,5.20,5.00,2,5.40,3,791,997,2024-05-17,0.81974,-0.09891,0.00166,-1.29143,0.22297,-0.01853
NVDA240524C00810000,NVDA,2024-05-24,810.00,call,121.65,121.72,120.20,1,123.25,1,133,869,2024-05-17,0.83925,0.88633,0.00179,-1.57980,0.24654,0.13383
NVDA240524P00810000,NVDA,2024-05-24,810.00,put,5.90,5.78,5.35,2,6.20,2,951,1311,2024-05-17,0.81974,-0.10874,0.00178,-1.38293,0.23884,-0.02039
NVDA240524C00815000,NVDA,2024-05-24,815.00,call,117.36,117.47,116.90,1,118.05,1,225,106,2024-05-17,0.83925,0.87581,0.00191,-1.67435,0.26244,0.13278
NVDA240524P00815000,NVDA,2024-05-24,815.00,put,6.80,6.62,6.35,7,6.90,9,696,989,2024-05-17,0.81974,-0.11919,0.00190,-1.47591,0.25498,-0.02238
NVDA240524C00820000,NVDA,2024-05-24,820.00,call,113.32,113.28,112.70,5,113.85,1,277,440,2024-05-17,0.83925,0.86470,0.00202,-1.76968,0.27849,0.13162
NVDA240524P00820000,NVDA,2024-05-24,820.00,put,7.45,7.45,7.25,2,7.65,3,6462,2180,2024-05-17,0.81974,-0.13026,0.00202,-1.56991,0.27130,-0.02449
NVDA240524C00825000,NVDA,2024-05-24,825.00,call,108.19,109.17,108.60,5,109.75,1,248,429,2024-05-17,0.83925,0.85299,0.00214,-1.86531,0.29461,0.13034
NVDA240524P00825000,NVDA,2024-05-24,825.00,put,8.32,8.35,8.10,2,8.60,3,967,1502,2024-05-17,0.83925,-0.14701,0.00214,-1.74496,0.29461,-0.02772
NVDA240524C00830000,NVDA,2024-05-24,830.00,call,104.50,105.17,104.60,5,105.75,2,521,806,2024-05-17,0.83925,0.84071,0.00226,-1.96075,0.31071,0.12894
NVDA240524P00830000,NVDA,2024-05-24,830.00,put,9.40,9.32,9.10,2,9.55,2,1792,2746,2024-05-17,0.83925,-0.15929,0.00226,-1.83967,0.31071,-0.03007
NVDA240524C00835000,NVDA,2024-05-24,835.00,call,100.32,101.25,100.70,5,101.80,1,1089,292,2024-05-17,0.83925,0.82785,0.00237,-2.05550,0.32670,0.12743
NVDA240524P00835000,NVDA,2024-05-24,835.00,put,10.68,10.38,10.15,3,10.60,2,1256,1047,2024-05-17,0.83925,-0.17215,0.00237,-1.93369,0.32670,-0.03254
NVDA240524C00840000,NVDA,2024-05-24,840.00,call,98.00,97.40,96.85,1,97.95,1,1432,307,2024-05-17,0.83925,0.81442,0.00249,-2.14904,0.34251,0.12581
NVDA240524P00840000,NVDA,2024-05-24,840.00,put,11.60,11.55,11.30,2,11.80,2,1742,2411,2024-05-17,0.83925,-0.18558,0.00249,-2.02650,0.34251,-0.03512
NVDA240524C00845000,NVDA,2024-05-24,845.00,call,94.80,93.65,93.10,1,94.20,1,68,316,2024-05-17,0.83925,0.80046,0.00260,-2.24086,0.35805,0.12407
NVDA240524P00845000,NVDA,2024-05-24,845.00,put,13.09,12.78,12.50,2,13.05,2,1015,1182,2024-05-17,0.83925,-0.19954,0.00260,-2.11759,0.35805,-0.03782
NVDA240524C00850000,NVDA,2024-05-24,850.00,call,90.05,90.15,89.80,1,90.50,1,1773,3092,2024-05-17,0.85876,0.78147,0.00268,-2.40946,0.37775,0.12129
NVDA240524P00850000,NVDA,2024-05-24,850.00,put,14.10,14.07,13.85,2,14.30,5,3427,4234,2024-05-17,0.83925,-0.21404,0.00271,-2.20645,0.37323,-0.04062
NVDA240524C00855000,NVDA,2024-05-24,855.00,call,86.11,86.40,85.85,1,86.95,1,58,392,2024-05-17,0.85876,0.76665,0.00278,-2.49561,0.39203,0.11937
NVDA240524P00855000,NVDA,2024-05-24,855.00,put,15.85,15.50,15.25,2,15.75,2,493,1313,2024-05-17,0.83925,-0.22903,0.00282,-2.29256,0.38796,-0.04353
NVDA240524C00860000,NVDA,2024-05-24,860.00,call,84.00,82.88,82.35,5,83.40,1,68,413,2024-05-17,0.85876,0.75137,0.00288,-2.57844,0.40579,0.11735
NVDA240524P00860000,NVDA,2024-05-24,860.00,put,17.05,17.27,16.85,1,17.70,2,879,1214,2024-05-17,0.85876,-0.24863,0.00288,-2.45299,0.40579,-0.04742
NVDA240524C00865000,NVDA,2024-05-24,865.00,call,81.30,79.58,78.45,5,80.70,1,33,1741,2024-05-17,0.85876,0.73567,0.00297,-2.65752,0.41894,0.11524
NVDA240524P00865000,NVDA,2024-05-24,865.00,put,18.65,18.50,17.75,2,19.25,1,465,936,2024-05-17,0.85876,-0.26433,0.00297,-2.53134,0.41894,-0.05048
NVDA240524C00870000,NVDA,2024-05-24,870.00,call,76.08,76.15,75.55,1,76.75,1,212,2099,2024-05-17,0.85876,0.71958,0.00306,-2.73242,0.43142,0.11304
NVDA240524P00870000,NVDA,2024-05-24,870.00,put,20.35,20.30,19.95,62,20.65,54,1829,1699,2024-05-17,0.85876,-0.28042,0.00306,-2.60551,0.43142,-0.05364
NVDA240524C00875000,NVDA,2024-05-24,875.00,call,72.25,72.93,72.45,1,73.40,1,306,646,2024-05-17,0.85876,0.70313,0.00315,-2.80274,0.44317,0.11076
NVDA240524P00875000,NVDA,2024-05-24,875.00,put,21.88,22.02,21.65,115,22.40,18,1107,998,2024-05-17,0.85876,-0.29687,0.00315,-2.67510,0.44317,-0.05687
NVDA240524C00880000,NVDA,2024-05-24,880.00,call,69.34,69.72,69.10,1,70.35,1,1229,1583,2024-05-17,0.85876,0.68634,0.00322,-2.86812,0.45412,0.10841
NVDA240524P00880000,NVDA,2024-05-24,880.00,put,23.87,23.90,23.50,115,24.30,90,1665,1454,2024-05-17,0.85876,-0.31366,0.00322,-2.73975,0.45412,-0.06018
NVDA240524C00885000,NVDA,2024-05-24,885.00,call,66.00,66.68,66.20,1,67.15,1,357,518,2024-05-17,0.85876,0.66926,0.00330,-2.92823,0.46422,0.10599
NVDA240524P00885000,NVDA,2024-05-24,885.00,put,25.94,25.90,25.60,1,26.20,86,614,551,2024-05-17,0.85876,-0.33074,0.00330,-2.79912,0.46422,-0.06356
NVDA240524C00890000,NVDA,2024-05-24,890.00,call,63.35,63.67,63.30,1,64.05,1,1020,1003,2024-05-17,0.87827,0.64969,0.00329,-3.05522,0.47452,0.10293
NVDA240524P00890000,NVDA,2024-05-24,890.00,put,27.84,27.75,27.25,5,28.25,49,1116,1173,2024-05-17,0.85876,-0.34809,0.00336,-2.85292,0.47342,-0.06701
NVDA240524C00892500,NVDA,2024-05-24,892.50,call,62.75,62.20,61.85,1,62.55,1,93,148,2024-05-17,0.87827,0.64111,0.00332,-3.07999,0.47862,0.10170
NVDA240524P00892500,NVDA,2024-05-24,892.50,put,29.25,28.88,28.30,7,29.45,24,178,219,2024-05-17,0.85876,-0.35685,0.00339,-2.87765,0.47767,-0.06875
NVDA240524C00895000,NVDA,2024-05-24,895.00,call,60.27,60.77,60.40,1,61.15,1,219,712,2024-05-17,0.87827,0.63248,0.00335,-3.10330,0.48249,0.10045
NVDA240524P00895000,NVDA,2024-05-24,895.00,put,30.45,29.95,29.60,5,30.30,29,876,808,2024-05-17,0.85876,-0.36566,0.00342,-2.90089,0.48167,-0.07051
NVDA240524C00897500,NVDA,2024-05-24,897.50,call,59.25,59.33,58.95,1,59.70,1,76,352,2024-05-17,0.87827,0.62381,0.00337,-3.12513,0.48612,0.09919
NVDA240524P00897500,NVDA,2024-05-24,897.50,put,30.95,30.85,30.10,7,31.60,8,491,330,2024-05-17,0.85876,-0.37451,0.00345,-2.92262,0.48543,-0.07228
NVDA240524C00900000,NVDA,2024-05-24,900.00,call,57.85,57.95,57.60,1,58.30,1,2982,4410,2024-05-17,0.87827,0.61509,0.00340,-3.14544,0.48951,0.09792
NVDA240524P00900000,NVDA,2024-05-24,900.00,put,31.94,32.08,31.85,30,32.30,1,4583,5482,2024-05-17,0.87827,-0.38491,0.00340,-3.01415,0.48951,-0.07451
NVDA240524C00902500,NVDA,2024-05-24,902.50,call,55.82,56.55,56.20,7,56.90,1,15,138,2024-05-17,0.87827,0.60635,0.00342,-3.16422,0.49266,0.09664
NVDA240524P00902500,NVDA,2024-05-24,902.50,put,33.46,33.08,32.35,7,33.80,13,172,180,2024-05-17,0.85876,-0.39235,0.00349,-2.96143,0.49221,-0.07585
NVDA240524C00905000,NVDA,2024-05-24,905.00,call,55.70,55.10,54.60,16,55.60,1,174,924,2024-05-17,0.87827,0.59757,0.00344,-3.18146,0.49556,0.09535
NVDA240524P00905000,NVDA,2024-05-24,905.00,put,34.29,34.27,33.75,9,34.80,61,597,762,2024-05-17,0.87827,-0.40243,0.00344,-3.04944,0.49556,-0.07804
NVDA240524C00907500,NVDA,2024-05-24,907.50,call,53.69,53.88,53.55,3,54.20,1,37,268,2024-05-17,0.87827,0.58877,0.00346,-3.19714,0.49822,0.09405
NVDA240524P00907500,NVDA,2024-05-24,907.50,put,35.56,35.60,35.10,62,36.10,7,256,233,2024-05-17,0.87827,-0.41123,0.00346,-3.06475,0.49822,-0.07982
NVDA240524C00910000,NVDA,2024-05-24,910.00,call,52.20,52.53,52.10,1,52.95,1,371,1297,2024-05-17,0.87827,0.57995,0.00348,-3.21124,0.50063,0.09274
NVDA240524P00910000,NVDA,2024-05-24,910.00,put,37.08,36.60,36.30,95,36.90,1,1106,1324,2024-05-17,0.87827,-0.42005,0.00348,-3.07849,0.50063,-0.08160
NVDA240524C00912500,NVDA,2024-05-24,912.50,call,51.10,51.30,51.00,7,51.60,1,53,203,2024-05-17,0.87827,0.57112,0.00349,-3.22376,0.50278,0.09142
NVDA240524P00912500,NVDA,2024-05-24,912.50,put,38.00,37.70,37.00,7,38.40,8,204,148,2024-05-17,0.85876,-0.42836,0.00357,-3.02005,0.50266,-0.08312
NVDA240524C00915000,NVDA,2024-05-24,915.00,call,49.95,49.95,49.55,4,50.35,1,481,1105,2024-05-17,0.87827,0.56227,0.00350,-3.23470,0.50469,0.09010
NVDA240524P00915000,NVDA,2024-05-24,915.00,put,39.50,39.08,38.50,106,39.65,19,1169,685,2024-05-17,0.87827,-0.43773,0.00350,-3.10122,0.50469,-0.08520
NVDA240524C00917500,NVDA,2024-05-24,917.50,call,48.12,48.72,48.40,5,49.05,1,143,177,2024-05-17,0.87827,0.55341,0.00351,-3.24404,0.50634,0.08878
NVDA240524P00917500,NVDA,2024-05-24,917.50,put,41.00,40.17,39.45,7,40.90,21,342,281,2024-05-17,0.87827,-0.44659,0.00351,-3.11019,0.50634,-0.08700
NVDA240524C00920000,NVDA,2024-05-24,920.00,call,47.10,47.52,47.25,3,47.80,1,4198,2443,2024-05-17,0.87827,0.54455,0.00352,-3.25178,0.50773,0.08745
NVDA240524P00920000,NVDA,2024-05-24,920.00,put,41.50,41.75,41.30,12,42.20,8,4660,2248,2024-05-17,0.87827,-0.45545,0.00352,-3.11758,0.50773,-0.08881
NVDA240524C00925000,NVDA,2024-05-24,925.00,call,45.10,45.10,45.00,1,45.20,1,3872,1667,2024-05-17,0.87827,0.52685,0.00354,-3.26250,0.50977,0.08477
NVDA240524P00925000,NVDA,2024-05-24,925.00,put,44.39,44.12,43.80,6,44.45,1,3542,1103,2024-05-17,0.87827,-0.47315,0.00354,-3.12756,0.50977,-0.09244
NVDA240524C00930000,NVDA,2024-05-24,930.00,call,42.50,42.75,42.50,5,43.00,2,5870,2085,2024-05-17,0.87827,0.50919,0.00355,-3.26687,0.51079,0.08209
NVDA240524P00930000,NVDA,2024-05-24,930.00,put,47.45,46.90,46.30,1,47.50,7,4990,1478,2024-05-17,0.87827,-0.49081,0.00355,-3.13120,0.51079,-0.09608
NVDA240524C00935000,NVDA,2024-05-24,935.00,call,40.24,40.40,40.25,1,40.55,1,3660,872,2024-05-17,0.87827,0.49160,0.00355,-3.26496,0.51081,0.07940
NVDA240524P00935000,NVDA,2024-05-24,935.00,put,49.62,49.60,49.05,3,50.15,26,2548,418,2024-05-17,0.87827,-0.50840,0.00355,-3.12856,0.51081,-0.09973
NVDA240524C00940000,NVDA,2024-05-24,940.00,call,38.35,38.28,37.95,1,38.60,2,5980,2564,2024-05-17,0.87827,0.47412,0.00354,-3.25688,0.50985,0.07672
NVDA240524P00940000,NVDA,2024-05-24,940.00,put,52.72,52.15,51.45,6,52.85,5,3462,893,2024-05-17,0.85876,-0.52755,0.00362,-3.04774,0.50970,-0.10348
NVDA240524C00945000,NVDA,2024-05-24,945.00,call,36.19,36.17,35.85,1,36.50,2,3205,1363,2024-05-17,0.87827,0.45679,0.00353,-3.24277,0.50792,0.07405
NVDA240524P00945000,NVDA,2024-05-24,945.00,put,56.05,55.33,54.80,65,55.85,13,980,693,2024-05-17,0.87827,-0.54321,0.00353,-3.10492,0.50792,-0.10700
NVDA240524C00950000,NVDA,2024-05-24,950.00,call,33.95,34.05,33.85,11,34.25,3,10407,7973,2024-05-17,0.87827,0.43963,0.00351,-3.22280,0.50506,0.07139
NVDA240524P00950000,NVDA,2024-05-24,950.00,put,58.00,58.27,57.75,7,58.80,5,1804,1352,2024-05-17,0.87827,-0.56037,0.00351,-3.08421,0.50506,-0.11062
NVDA240524C00955000,NVDA,2024-05-24,955.00,call,32.04,32.22,31.90,1,32.55,2,1363,1356,2024-05-17,0.87827,0.42267,0.00348,-3.19715,0.50129,0.06875
NVDA240524P00955000,NVDA,2024-05-24,955.00,put,61.59,61.12,60.35,10,61.90,6,376,467,2024-05-17,0.85876,-0.58013,0.00355,-2.98336,0.50058,-0.11453
NVDA240524C00960000,NVDA,2024-05-24,960.00,call,30.30,30.32,30.00,1,30.65,2,2738,2418,2024-05-17,0.87827,0.40594,0.00345,-3.16606,0.49666,0.06613
NVDA240524P00960000,NVDA,2024-05-24,960.00,put,64.46,64.30,63.55,91,65.05,20,425,438,2024-05-17,0.85876,-0.59721,0.00352,-2.95051,0.49568,-0.11816
NVDA240524C00965000,NVDA,2024-05-24,965.00,call,28.05,28.43,28.25,2,28.60,1,870,606,2024-05-17,0.87827,0.38946,0.00341,-3.12976,0.49118,0.06355
NVDA240524P00965000,NVDA,2024-05-24,965.00,put,66.65,67.47,66.70,2,68.25,12,94,74,2024-05-17,0.85876,-0.61403,0.00348,-2.91238,0.48991,-0.12177
NVDA240524C00970000,NVDA,2024-05-24,970.00,call,26.70,26.88,26.60,41,27.15,4,2194,2583,2024-05-17,0.87827,0.37327,0.00337,-3.08854,0.48492,0.06100
NVDA240524P00970000,NVDA,2024-05-24,970.00,put,70.95,70.92,70.35,7,71.50,2,165,318,2024-05-17,0.87827,-0.62673,0.00337,-2.94704,0.48492,-0.12484
NVDA240524C00975000,NVDA,2024-05-24,975.00,call,25.11,25.20,24.85,2,25.55,2,4194,1309,2024-05-17,0.87827,0.35738,0.00332,-3.04267,0.47792,0.05848
NVDA240524P00975000,NVDA,2024-05-24,975.00,put,74.57,74.30,73.70,48,74.90,5,1734,126,2024-05-17,0.87827,-0.64262,0.00332,-2.90044,0.47792,-0.12831
NVDA240524C00980000,NVDA,2024-05-24,980.00,call,23.60,23.60,23.30,2,23.90,2,4294,2476,2024-05-17,0.87827,0.34181,0.00326,-2.99245,0.47021,0.05602
NVDA240524P00980000,NVDA,2024-05-24,980.00,put,78.28,77.35,76.25,3,78.45,6,58,132,2024-05-17,0.85876,-0.66258,0.00332,-2.76923,0.46788,-0.13234
NVDA240524C00985000,NVDA,2024-05-24,985.00,call,21.94,22.10,21.80,2,22.40,6,381,634,2024-05-17,0.85876,0.32193,0.00326,-2.85666,0.45914,0.05294
NVDA240524P00985000,NVDA,2024-05-24,985.00,put,81.10,81.15,80.35,15,81.95,12,24,146,2024-05-17,0.85876,-0.67807,0.00326,-2.71297,0.45914,-0.13577
NVDA240524C00990000,NVDA,2024-05-24,990.00,call,20.60,20.67,20.40,2,20.95,2,1418,946,2024-05-17,0.85876,0.30682,0.00319,-2.79743,0.44978,0.05052
NVDA240524P00990000,NVDA,2024-05-24,990.00,put,83.21,84.72,83.90,19,85.55,4,39,190,2024-05-17,0.85876,-0.69318,0.00319,-2.65301,0.44978,-0.13915
NVDA240524C00995000,NVDA,2024-05-24,995.00,call,19.14,19.32,19.20,1,19.45,7,505,558,2024-05-17,0.85876,0.29210,0.00312,-2.73483,0.43987,0.04816
NVDA240524P00995000,NVDA,2024-05-24,995.00,put,88.41,88.15,87.10,9,89.20,9,35,70,2024-05-17,0.85876,-0.70790,0.00312,-2.58968,0.43987,-0.14247
NVDA240524C01000000,NVDA,2024-05-24,1000.00,call,17.90,17.93,17.85,1,18.00,2,12857,8940,2024-05-17,0.85876,0.27780,0.00305,-2.66921,0.42946,0.04586
NVDA240524P01000000,NVDA,2024-05-24,1000.00,put,92.69,92.70,89.85,4,95.55,1,373,858,2024-05-17,0.87827,-0.71689,0.00301,-2.60859,0.43341,-0.14494
NVDA240524C01005000,NVDA,2024-05-24,1005.00,call,16.60,16.73,16.55,7,16.90,3,659,738,2024-05-17,0.85876,0.26391,0.00297,-2.60093,0.41860,0.04362
NVDA240524P01005000,NVDA,2024-05-24,1005.00,put,94.55,95.57,94.35,3,96.80,8,84,53,2024-05-17,0.85876,-0.73609,0.00297,-2.45432,0.41860,-0.14892
NVDA240524C01010000,NVDA,2024-05-24,1010.00,call,15.57,15.65,15.30,6,16.00,7,733,1643,2024-05-17,0.85876,0.25045,0.00289,-2.53033,0.40736,0.04144
NVDA240524P01010000,NVDA,2024-05-24,1010.00,put,99.05,99.60,98.60,20,100.60,7,131,100,2024-05-17,0.85876,-0.74955,0.00289,-2.38299,0.40736,-0.15206
NVDA240524C01015000,NVDA,2024-05-24,1015.00,call,14.47,14.53,14.30,2,14.75,5,444,376,2024-05-17,0.85876,0.23743,0.00281,-2.45776,0.39580,0.03933
NVDA240524P01015000,NVDA,2024-05-24,1015.00,put,104.65,103.35,102.15,4,104.55,8,205,178,2024-05-17,0.85876,-0.76257,0.00281,-2.30969,0.39580,-0.15512
NVDA240524C01020000,NVDA,2024-05-24,1020.00,call,13.25,13.50,13.30,41,13.70,25,1233,1009,2024-05-17,0.85876,0.22485,0.00273,-2.38355,0.38395,0.03729
NVDA240524P01020000,NVDA,2024-05-24,1020.00,put,108.55,107.60,106.45,7,108.75,3,591,149,2024-05-17,0.85876,-0.77515,0.00273,-2.23476,0.38395,-0.15813
NVDA240524C01025000,NVDA,2024-05-24,1025.00,call,12.48,12.57,12.40,1,12.75,8,2686,1368,2024-05-17,0.85876,0.21272,0.00264,-2.30804,0.37189,0.03532
NVDA240524P01025000,NVDA,2024-05-24,1025.00,put,112.75,111.55,110.55,7,112.55,7,172,187,2024-05-17,0.85876,-0.78728,0.00264,-2.15852,0.37189,-0.16106
NVDA240524C01030000,NVDA,2024-05-24,1030.00,call,11.59,11.70,11.40,4,12.00,2,810,867,2024-05-17,0.85876,0.20103,0.00255,-2.23155,0.35965,0.03341
NVDA240524P01030000,NVDA,2024-05-24,1030.00,put,115.75,115.70,114.55,8,116.85,9,108,133,2024-05-17,0.85876,-0.79897,0.00255,-2.08129,0.35965,-0.16392
NVDA240524C01035000,NVDA,2024-05-24,1035.00,call,10.90,10.80,10.60,2,11.00,6,409,453,2024-05-17,0.85876,0.18979,0.00247,-2.15438,0.34730,0.03158
NVDA240524P01035000,NVDA,2024-05-24,1035.00,put,119.65,119.92,118.80,7,121.05,2,93,114,2024-05-17,0.85876,-0.81021,0.00247,-2.00339,0.34730,-0.16672
NVDA240524C01040000,NVDA,2024-05-24,1040.00,call,10.01,9.97,9.75,88,10.20,2,861,801,2024-05-17,0.85876,0.17900,0.00238,-2.07683,0.33488,0.02981
NVDA240524P01040000,NVDA,2024-05-24,1040.00,put,123.05,124.10,123.00,7,125.20,9,134,136,2024-05-17,0.85876,-0.82100,0.00238,-1.92511,0.33488,-0.16944
NVDA240524C01045000,NVDA,2024-05-24,1045.00,call,9.40,9.30,9.10,2,9.50,7,409,414,2024-05-17,0.85876,0.16865,0.00229,-1.99917,0.32243,0.02811
NVDA240524P01045000,NVDA,2024-05-24,1045.00,put,127.75,128.35,127.20,7,129.50,2,298,50,2024-05-17,0.85876,-0.83135,0.00229,-1.84673,0.32243,-0.17209
NVDA240524C01050000,NVDA,2024-05-24,1050.00,call,8.60,8.57,8.50,1,8.65,1,4171,3552,2024-05-17,0.85876,0.15874,0.00220,-1.92168,0.31000,0.02648
NVDA240524P01050000,NVDA,2024-05-24,1050.00,put,133.90,132.65,131.65,6,133.65,2,319,129,2024-05-17,0.85876,-0.84126,0.00220,-1.76851,0.31000,-0.17468
NVDA240524C01055000,NVDA,2024-05-24,1055.00,call,7.93,7.95,7.75,37,8.15,5,376,458,2024-05-17,0.85876,0.14926,0.00211,-1.84460,0.29762,0.02493
NVDA240524P01055000,NVDA,2024-05-24,1055.00,put,136.30,137.03,135.90,6,138.15,2,127,131,2024-05-17,0.85876,-0.85074,0.00211,-1.69070,0.29762,-0.17720
NVDA240524C01060000,NVDA,2024-05-24,1060.00,call,7.30,7.38,7.20,5,7.55,1,901,1529,2024-05-17,0.85876,0.14021,0.00203,-1.76816,0.28535,0.02344
NVDA240524P01060000,NVDA,2024-05-24,1060.00,put,142.45,141.45,140.35,6,142.55,2,349,77,2024-05-17,0.85876,-0.85979,0.00203,-1.61353,0.28535,-0.17964
NVDA240524C01065000,NVDA,2024-05-24,1065.00,call,6.82,6.83,6.65,52,7.00,5,712,340,2024-05-17,0.85876,0.13158,0.00194,-1.69258,0.27320,0.02201
NVDA240524P01065000,NVDA,2024-05-24,1065.00,put,145.45,145.90,144.80,7,147.00,2,157,44,2024-05-17,0.85876,-0.86842,0.00194,-1.53722,0.27320,-0.18203
NVDA240524C01070000,NVDA,2024-05-24,1070.00,call,6.30,6.30,6.10,6,6.50,5,663,919,2024-05-17,0.85876,0.12337,0.00185,-1.61806,0.26122,0.02065
NVDA240524P01070000,NVDA,2024-05-24,1070.00,put,151.80,150.43,149.35,6,151.50,2,127,69,2024-05-17,0.85876,-0.87663,0.00185,-1.46197,0.26122,-0.18434
NVDA240524C01075000,NVDA,2024-05-24,1075.00,call,6.00,5.83,5.65,2,6.00,5,954,1637,2024-05-17,0.85876,0.11555,0.00177,-1.54477,0.24943,0.01936
NVDA240524P01075000,NVDA,2024-05-24,1075.00,put,154.30,154.93,153.85,6,156.00,2,193,60,2024-05-17,0.85876,-0.88445,0.00177,-1.38795,0.24943,-0.18659
NVDA240524C01080000,NVDA,2024-05-24,1080.00,call,5.35,5.47,5.35,1,5.60,3,860,728,2024-05-17,0.85876,0.10813,0.00169,-1.47287,0.23787,0.01813
NVDA240524P01080000,NVDA,2024-05-24,1080.00,put,159.70,159.52,158.45,6,160.60,2,248,89,2024-05-17,0.85876,-0.89187,0.00169,-1.31532,0.23787,-0.18878
NVDA240524C01085000,NVDA,2024-05-24,1085.00,call,5.10,5.03,4.85,3,5.20,3,241,612,2024-05-17,0.85876,0.10109,0.00161,-1.40252,0.22654,0.01696
NVDA240524P01085000,NVDA,2024-05-24,1085.00,put,164.08,164.22,163.00,6,165.45,2,232,67,2024-05-17,0.85876,-0.89891,0.00161,-1.24424,0.22654,-0.19090
NVDA240524C01090000,NVDA,2024-05-24,1090.00,call,4.75,4.80,4.50,47,5.10,3,289,1262,2024-05-17,0.85876,0.09442,0.00153,-1.33383,0.21548,0.01586
NVDA240524P01090000,NVDA,2024-05-24,1090.00,put,168.35,168.57,167.35,2,169.80,6,199,67,2024-05-17,0.85876,-0.90558,0.00153,-1.17482,0.21548,-0.19297
NVDA240524C01095000,NVDA,2024-05-24,1095.00,call,4.31,4.35,4.20,39,4.50,3,215,254,2024-05-17,0.85876,0.08810,0.00145,-1.26692,0.20470,0.01481
NVDA240524P01095000,NVDA,2024-05-24,1095.00,put,174.75,173.53,172.30,6,174.75,2,256,475,2024-05-17,0.85876,-0.91190,0.00145,-1.10719,0.20470,-0.19498
NVDA240524C01100000,NVDA,2024-05-24,1100.00,call,4.07,4.07,4.05,1,4.10,5,5447,6851,2024-05-17,0.85876,0.08214,0.00138,-1.20189,0.19422,0.01381
NVDA240524P01100000,NVDA,2024-05-24,1100.00,put,179.00,178.20,177.05,5,179.35,2,155,658,2024-05-17,0.85876,-0.91786,0.00138,-1.04143,0.19422,-0.19693
NVDA240524C01105000,NVDA,2024-05-24,1105.00,call,3.75,3.80,3.70,1,3.90,12,162,338,2024-05-17,0.87827,0.08158,0.00134,-1.22259,0.19322,0.01371
NVDA240524P01105000,NVDA,2024-05-24,1105.00,put,183.60,183.97,181.10,1,186.85,15,91,935,2024-05-17,0.91729,-0.90823,0.00140,-1.23300,0.21100,-0.19634
NVDA240524C01110000,NVDA,2024-05-24,1110.00,call,3.49,3.48,3.35,41,3.60,5,690,796,2024-05-17,0.85876,0.07120,0.00124,-1.07776,0.17421,0.01199
NVDA240524P01110000,NVDA,2024-05-24,1110.00,put,187.65,187.68,186.50,6,188.85,2,78,334,2024-05-17,0.87827,-0.92388,0.00127,-0.99803,0.18335,-0.19986
NVDA240524C01115000,NVDA,2024-05-24,1115.00,call,3.25,3.22,3.05,3,3.40,5,240,215,2024-05-17,0.87827,0.07097,0.00121,-1.09929,0.17378,0.01194
NVDA240524P01115000,NVDA,2024-05-24,1115.00,put,191.95,192.45,191.20,6,193.70,2,110,122,2024-05-17,0.87827,-0.92903,0.00121,-0.93663,0.17378,-0.20168
NVDA240524C01120000,NVDA,2024-05-24,1120.00,call,3.05,3.07,2.93,15,3.20,6,636,803,2024-05-17,0.87827,0.06611,0.00114,-1.04064,0.16453,0.01113
NVDA240524P01120000,NVDA,2024-05-24,1120.00,put,195.80,196.97,195.75,2,198.20,6,140,235,2024-05-17,0.85876,-0.93850,0.00110,-0.79851,0.15553,-0.20420
NVDA240524C01125000,NVDA,2024-05-24,1125.00,call,2.83,2.84,2.72,54,2.96,4,182,414,2024-05-17,0.87827,0.06153,0.00108,-0.98403,0.15560,0.01037
NVDA240524P01125000,NVDA,2024-05-24,1125.00,put,201.65,202.07,200.85,6,203.30,2,117,228,2024-05-17,0.87827,-0.93847,0.00108,-0.81992,0.15560,-0.20517
NVDA240524C01130000,NVDA,2024-05-24,1130.00,call,2.65,2.66,2.55,10,2.77,4,273,420,2024-05-17,0.87827,0.05723,0.00102,-0.92951,0.14700,0.00965
NVDA240524P01130000,NVDA,2024-05-24,1130.00,put,206.45,206.90,205.65,6,208.15,2,104,361,2024-05-17,0.89778,-0.93840,0.00106,-0.84167,0.15573,-0.20613
NVDA240524C01140000,NVDA,2024-05-24,1140.00,call,2.35,2.29,2.22,18,2.37,13,365,496,2024-05-17,0.87827,0.04938,0.00091,-0.82671,0.13077,0.00833
NVDA240524P01140000,NVDA,2024-05-24,1140.00,put,217.70,216.60,215.35,6,217.85,2,161,550,2024-05-17,0.89778,-0.94656,0.00095,-0.73359,0.13926,-0.20940
NVDA240524C01150000,NVDA,2024-05-24,1150.00,call,2.00,2.00,2.00,68,2.01,1,2355,2690,2024-05-17,0.89778,0.04622,0.00084,-0.80138,0.12404,0.00780
NVDA240524P01150000,NVDA,2024-05-24,1150.00,put,227.30,226.07,224.90,2,227.25,5,200,260,2024-05-17,0.89778,-0.95378,0.00084,-0.63362,0.12404,-0.21253
NVDA240524C01160000,NVDA,2024-05-24,1160.00,call,1.85,1.79,1.72,21,1.86,17,707,577,2024-05-17,0.89778,0.03986,0.00075,-0.71090,0.11006,0.00673
NVDA240524P01160000,NVDA,2024-05-24,1160.00,put,235.35,236.15,234.85,5,237.45,2,134,229,2024-05-17,0.93681,-0.95293,0.00082,-0.67896,0.12585,-0.21432
NVDA240524C01170000,NVDA,2024-05-24,1170.00,call,1.60,1.60,1.54,1,1.66,16,617,305,2024-05-17,0.91729,0.03755,0.00070,-0.69160,0.10482,0.00634
NVDA240524P01170000,NVDA,2024-05-24,1170.00,put,238.90,245.97,244.70,5,247.25,2,24,275,2024-05-17,0.93681,-0.95908,0.00073,-0.58678,0.11241,-0.21726
NVDA240524C01180000,NVDA,2024-05-24,1180.00,call,1.41,1.39,1.36,28,1.42,4,265,504,2024-05-17,0.91729,0.03238,0.00062,-0.61237,0.09283,0.00547
NVDA240524P01180000,NVDA,2024-05-24,1180.00,put,254.57,255.82,254.50,5,257.15,2,70,640,2024-05-17,0.95632,-0.96132,0.00068,-0.56637,0.10739,-0.21956
NVDA240524C01190000,NVDA,2024-05-24,1190.00,call,1.28,1.32,1.21,12,1.43,30,841,1473,2024-05-17,0.93681,0.03069,0.00058,-0.59809,0.08879,0.00518
NVDA240524P01190000,NVDA,2024-05-24,1190.00,put,269.75,265.30,264.10,2,266.50,1,48,268,2024-05-17,0.93681,-0.96931,0.00058,-0.42450,0.08879,-0.22281
NVDA240524C01200000,NVDA,2024-05-24,1200.00,call,1.16,1.15,1.13,2,1.16,2,3077,3435,2024-05-17,0.93681,0.02648,0.00051,-0.52892,0.07853,0.00447
NVDA240524P01200000,NVDA,2024-05-24,1200.00,put,273.30,275.30,274.10,2,276.50,5,20,98,2024-05-17,0.95632,-0.97083,0.00054,-0.41024,0.08514,-0.22498
NVDA240524C01210000,NVDA,2024-05-24,1210.00,call,1.05,1.02,1.00,1,1.05,1,233,214,2024-05-17,0.93681,0.02279,0.00045,-0.46631,0.06925,0.00385
NVDA240524P01210000,NVDA,2024-05-24,1210.00,put,286.15,285.52,284.20,5,286.85,2,18,15,2024-05-17,1.01485,-0.96676,0.00057,-0.51537,0.09486,-0.22623
NVDA240524C01220000,NVDA,2024-05-24,1220.00,call,0.93,0.96,0.89,37,1.03,27,340,283,2024-05-17,0.95632,0.02180,0.00043,-0.45841,0.06670,0.00368
NVDA240524P01220000,NVDA,2024-05-24,1220.00,put,295.90,295.20,293.95,6,296.45,5,16,22,2024-05-17,0.99534,-0.97341,0.00048,-0.38570,0.07880,-0.22925
NVDA240524C01230000,NVDA,2024-05-24,1230.00,call,0.87,0.83,0.81,32,0.86,1,266,281,2024-05-17,0.95632,0.01878,0.00037,-0.40397,0.05879,0.00318
NVDA240524P01230000,NVDA,2024-05-24,1230.00,put,305.50,305.20,304.05,5,306.35,5,14,3,2024-05-17,1.01485,-0.97452,0.00046,-0.37520,0.07606,-0.23136
NVDA240524C01240000,NVDA,2024-05-24,1240.00,call,0.81,0.79,0.74,30,0.84,26,191,553,2024-05-17,0.97583,0.01807,0.00036,-0.39889,0.05689,0.00306
NVDA240524P01240000,NVDA,2024-05-24,1240.00,put,314.50,315.15,314.00,5,316.30,5,20,1,2024-05-17,1.03437,-0.97551,0.00043,-0.36575,0.07356,-0.23345
NVDA240524C01250000,NVDA,2024-05-24,1250.00,call,0.72,0.72,0.68,18,0.75,2,611,1169,2024-05-17,0.99534,0.01744,0.00034,-0.39457,0.05518,0.00295
NVDA240524P01250000,NVDA,2024-05-24,1250.00,put,324.55,324.98,323.75,2,326.20,5,40,0,2024-05-17,1.03437,-0.97856,0.00039,-0.30633,0.06577,-0.23587
NVDA240524C01260000,NVDA,2024-05-24,1260.00,call,0.70,0.67,0.62,29,0.72,29,82,183,2024-05-17,0.99534,0.01510,0.00030,-0.34865,0.04877,0.00255
NVDA240524P01260000,NVDA,2024-05-24,1260.00,put,325.60,334.98,333.65,4,336.30,5,4,0,2024-05-17,1.07339,-0.97723,0.00039,-0.34973,0.06921,-0.23757
NVDA240524C01270000,NVDA,2024-05-24,1270.00,call,0.63,0.65,0.60,2,0.69,52,50,121,2024-05-17,1.01485,0.01465,0.00029,-0.34636,0.04752,0.00247
NVDA240524P01270000,NVDA,2024-05-24,1270.00,put,327.15,344.98,343.65,2,346.30,5,2,0,2024-05-17,1.09290,-0.97796,0.00038,-0.34300,0.06731,-0.23961
NVDA240524C01280000,NVDA,2024-05-24,1280.00,call,0.58,0.56,0.52,38,0.61,23,119,247,2024-05-17,1.01485,0.01270,0.00025,-0.30619,0.04201,0.00215
NVDA240524P01280000,NVDA,2024-05-24,1280.00,put,353.90,354.65,347.50,40,361.80,40,32,0,2024-05-17,1.05388,-0.98411,0.00029,-0.19890,0.05096,-0.24255
NVDA240524C01290000,NVDA,2024-05-24,1290.00,call,0.52,0.53,0.46,31,0.60,38,58,121,2024-05-17,1.03437,0.01239,0.00024,-0.30547,0.04113,0.00209
NVDA240524P01290000,NVDA,2024-05-24,1290.00,put,337.16,364.55,357.35,40,371.75,40,0,0,2024-05-17,1.05388,-0.98612,0.00026,-0.15520,0.04538,-0.24480
NVDA240524C01300000,NVDA,2024-05-24,1300.00,call,0.46,0.47,0.47,500,0.48,9,3716,1334,2024-05-17,1.03437,0.01076,0.00021,-0.27024,0.03639,0.00182
NVDA240524P01300000,NVDA,2024-05-24,1300.00,put,367.82,375.12,368.40,40,381.85,40,4,0,2024-05-17,1.19046,-0.97598,0.00037,-0.42881,0.07237,-0.24505
NVDA240524C01310000,NVDA,2024-05-24,1310.00,call,0.38,0.45,0.35,72,0.55,91,46,174,2024-05-17,1.05388,0.01056,0.00021,-0.27074,0.03579,0.00178
NVDA240524P01310000,NVDA,2024-05-24,1310.00,put,364.74,384.38,376.90,40,391.85,40,0,0,2024-05-17,1.07339,-0.98813,0.00023,-0.11420,0.03962,-0.24897
NVDA240524C01320000,NVDA,2024-05-24,1320.00,call,0.52,0.41,0.31,83,0.51,104,229,168,2024-05-17,1.05388,0.00919,0.00018,-0.23974,0.03169,0.00155
NVDA240524P01320000,NVDA,2024-05-24,1320.00,put,381.51,394.55,387.35,40,401.75,40,22,0,2024-05-17,1.13192,-0.98556,0.00025,-0.18888,0.04695,-0.25047
NVDA240524C01330000,NVDA,2024-05-24,1330.00,call,0.45,0.39,0.28,61,0.49,59,90,177,2024-05-17,1.07339,0.00906,0.00018,-0.24116,0.03130,0.00153
NVDA240524P01330000,NVDA,2024-05-24,1330.00,put,392.71,405.05,398.35,40,411.75,40,4,0,2024-05-17,1.24899,-0.97770,0.00033,-0.41539,0.06799,-0.25109
NVDA240524C01340000,NVDA,2024-05-24,1340.00,call,0.37,0.34,0.25,83,0.43,78,66,180,2024-05-17,1.07339,0.00790,0.00016,-0.21379,0.02775,0.00133
NVDA240524P01340000,NVDA,2024-05-24,1340.00,put,405.19,414.60,407.45,40,421.75,40,4,0,2024-05-17,1.19046,-0.98465,0.00025,-0.22719,0.04948,-0.25415
NVDA240524C01350000,NVDA,2024-05-24,1350.00,call,0.34,0.32,0.29,10,0.35,14,281,528,2024-05-17,1.09290,0.00782,0.00015,-0.21590,0.02753,0.00132
NVDA240524P01350000,NVDA,2024-05-24,1350.00,put,414.99,424.98,418.50,40,431.45,40,2,0,2024-05-17,1.26851,-0.98029,0.00029,-0.36047,0.06124,-0.25536
NVDA240524C01360000,NVDA,2024-05-24,1360.00,call,0.30,0.28,0.24,1,0.31,1,28,64,2024-05-17,1.09290,0.00684,0.00014,-0.19166,0.02444,0.00116
NVDA240524P01360000,NVDA,2024-05-24,1360.00,put,423.94,434.98,428.35,40,441.60,40,40,0,2024-05-17,1.28802,-0.98065,0.00029,-0.35886,0.06030,-0.25733
NVDA240524C01370000,NVDA,2024-05-24,1370.00,call,0.28,0.30,0.18,74,0.43,83,20,113,2024-05-17,1.11241,0.00680,0.00013,-0.19428,0.02434,0.00115
NVDA240524P01370000,NVDA,2024-05-24,1370.00,put,424.38,444.30,436.85,40,451.75,40,0,1,2024-05-17,1.17095,-0.99026,0.00017,-0.08042,0.03336,-0.26083
NVDA240524C01380000,NVDA,2024-05-24,1380.00,call,0.25,0.28,0.22,33,0.35,61,41,105,2024-05-17,1.11241,0.00596,0.00012,-0.17271,0.02164,0.00101
NVDA240524P01380000,NVDA,2024-05-24,1380.00,put,434.78,454.27,447.10,40,461.45,40,0,0,2024-05-17,1.19046,-0.99034,0.00017,-0.08152,0.03312,-0.26276
NVDA240524C01390000,NVDA,2024-05-24,1390.00,call,0.21,0.30,0.20,37,0.39,62,52,953,2024-05-17,1.15144,0.00677,0.00013,-0.20010,0.02422,0.00114
NVDA240524P01390000,NVDA,2024-05-24,1390.00,put,443.85,465.05,458.35,40,471.75,40,0,0,2024-05-17,1.36606,-0.98001,0.00028,-0.40449,0.06198,-0.26299
NVDA240524C01400000,NVDA,2024-05-24,1400.00,call,0.24,0.25,0.20,37,0.30,1,1065,2761,2024-05-17,1.15144,0.00596,0.00011,-0.17888,0.02166,0.00101
NVDA240524P01400000,NVDA,2024-05-24,1400.00,put,0.00,474.95,468.35,40,481.55,40,0,0,2024-05-17,1.38558,-0.98029,0.00027,-0.40442,0.06125,-0.26495
NVDA240524C01450000,NVDA,2024-05-24,1450.00,call,0.18,0.17,0.16,23,0.19,21,950,2396,2024-05-17,1.17095,0.00361,0.00007,-0.11633,0.01385,0.00061
NVDA240524P01450000,NVDA,2024-05-24,1450.00,put,0.00,524.95,518.15,40,531.75,40,0,0,2024-05-17,1.48313,-0.98133,0.00024,-0.41038,0.05848,-0.27472
NVDA240524C01500000,NVDA,2024-05-24,1500.00,call,0.15,0.15,0.14,1,0.15,4,4390,4876,2024-05-17,1.24899,0.00343,0.00006,-0.11828,0.01321,0.00058
NVDA240524P01500000,NVDA,2024-05-24,1500.00,put,0.00,575.05,568.30,40,581.80,40,0,0,2024-05-17,1.60021,-0.98064,0.00023,-0.47314,0.06033,-0.28420
NVDA240524C01550000,NVDA,2024-05-24,1550.00,call,0.11,0.10,0.06,61,0.15,28,639,4881,2024-05-17,1.26851,0.00221,0.00004,-0.08090,0.00890,0.00037
NVDA240524P01550000,NVDA,2024-05-24,1550.00,put,0.00,625.00,618.40,40,631.60,40,0,0,2024-05-17,1.69776,-0.98099,0.00021,-0.49647,0.05939,-0.29385
NVDA240524C01600000,NVDA,2024-05-24,1600.00,call,0.07,0.11,0.05,1,0.17,77,188,213,2024-05-17,1.34655,0.00225,0.00004,-0.08714,0.00903,0.00038
NVDA240524P01600000,NVDA,2024-05-24,1600.00,put,667.92,675.00,668.30,40,681.70,40,2,0,2024-05-17,1.79532,-0.98107,0.00020,-0.52767,0.05917,-0.30346
NVDA240524C01650000,NVDA,2024-05-24,1650.00,call,0.07,0.06,0.04,20,0.08,5,7,166,2024-05-17,1.34655,0.00132,0.00003,-0.05378,0.00557,0.00022
NVDA240524P01650000,NVDA,2024-05-24,1650.00,put,0.00,724.38,717.30,40,731.45,40,0,0,2024-05-17,1.75630,-0.98792,0.00014,-0.26550,0.04023,-0.31414
NVDA240524C01700000,NVDA,2024-05-24,1700.00,call,0.03,0.04,0.01,11,0.08,2,312,161,2024-05-17,1.36606,0.00091,0.00002,-0.03869,0.00395,0.00015
NVDA240524P01700000,NVDA,2024-05-24,1700.00,put,0.00,774.42,767.15,40,781.70,40,0,0,2024-05-17,1.85386,-0.98742,0.00014,-0.30520,0.04166,-0.32365
NVDA240524C01750000,NVDA,2024-05-24,1750.00,call,0.04,0.04,0.03,2,0.04,16,20,173,2024-05-17,1.42460,0.00088,0.00002,-0.03900,0.00382,0.00015
NVDA240524P01750000,NVDA,2024-05-24,1750.00,put,0.00,824.42,817.15,40,831.70,40,0,0,2024-05-17,1.93190,-0.98766,0.00013,-0.31176,0.04098,-0.33327
NVDA240524C01790000,NVDA,2024-05-24,1790.00,call,0.03,0.03,0.02,50,0.03,1,284,244,2024-05-17,1.42460,0.00059,0.00001,-0.02707,0.00265,0.00010
NVDA240524P01790000,NVDA,2024-05-24,1790.00,put,0.00,864.50,857.30,40,871.70,40,0,0,2024-05-17,2.02946,-0.98629,0.00013,-0.39106,0.04487,-0.34073
NVDA240524C01800000,NVDA,2024-05-24,1800.00,call,0.03,0.03,0.02,89,0.04,75,838,773,2024-05-17,1.44411,0.00063,0.00001,-0.02915,0.00282,0.00011
NVDA240524P01800000,NVDA,2024-05-24,1800.00,put,867.92,874.38,867.00,40,881.75,40,2,0,2024-05-17,2.00995,-0.98777,0.00012,-0.32284,0.04067,-0.34288
NVDA240524C01810000,NVDA,2024-05-24,1810.00,call,0.03,0.03,0.02,88,0.03,6701,384,1587,2024-05-17,1.46362,0.00067,0.00001,-0.03134,0.00299,0.00011
NVDA240524P01810000,NVDA,2024-05-24,1810.00,put,0.00,884.97,878.30,40,891.65,40,0,0,2024-05-17,2.14653,-0.98244,0.00016,-0.58927,0.05551,-0.34396
NVDA240531C00260000,NVDA,2024-05-31,260.00,call,636.90,665.23,663.85,2,666.60,5,0,3,2024-05-17,0.01976,1.00000,0.00000,-0.03789,0.00000,0.09952
NVDA240531P00260000,NVDA,2024-05-31,260.00,put,0.01,0.01,0.00,0,0.01,4,30,10,2024-05-17,1.85386,-0.00012,0.00000,-0.00543,0.00082,-0.00004
NVDA240531C00280000,NVDA,2024-05-31,280.00,call,0.00,645.27,643.90,2,646.65,5,0,0,2024-05-17,0.01976,1.00000,0.00000,-0.04080,0.00000,0.10718
NVDA240531P00280000,NVDA,2024-05-31,280.00,put,0.05,0.01,0.00,0,0.22,31,0,1,2024-05-17,1.73679,-0.00011,0.00000,-0.00496,0.00080,-0.00004
NVDA240531C00290000,NVDA,2024-05-31,290.00,call,532.68,635.30,633.95,2,636.65,5,0,1,2024-05-17,0.01976,1.00000,0.00000,-0.04226,0.00000,0.11101
NVDA240531P00290000,NVDA,2024-05-31,290.00,put,0.05,0.01,0.00,0,0.22,31,0,10,2024-05-17,1.69776,-0.00013,0.00000,-0.00538,0.00089,-0.00005
NVDA240531C00300000,NVDA,2024-05-31,300.00,call,531.40,625.33,624.05,2,626.60,5,0,6,2024-05-17,0.01976,1.00000,0.00000,-0.04372,0.00000,0.11483
NVDA240531P00300000,NVDA,2024-05-31,300.00,put,0.01,0.04,0.01,5,0.08,75,60,18,2024-05-17,1.81483,-0.00040,0.00000,-0.01702,0.00263,-0.00016
NVDA240531C00310000,NVDA,2024-05-31,310.00,call,487.90,615.35,614.00,2,616.70,5,0,3,2024-05-17,0.01976,1.00000,0.00000,-0.04518,0.00000,0.11866
NVDA240531P00310000,NVDA,2024-05-31,310.00,put,0.41,0.12,0.01,5,0.22,31,0,4,2024-05-17,1.95142,-0.00112,0.00001,-0.04700,0.00677,-0.00044
NVDA240531C00320000,NVDA,2024-05-31,320.00,call,0.00,605.38,604.00,2,606.75,5,0,0,2024-05-17,0.01976,1.00000,0.00000,-0.04663,0.00000,0.12249
NVDA240531P00320000,NVDA,2024-05-31,320.00,put,0.03,0.07,0.01,5,0.12,1,0,1,2024-05-17,1.79532,-0.00069,0.00001,-0.02760,0.00432,-0.00027
NVDA240531C00330000,NVDA,2024-05-31,330.00,call,517.56,595.40,594.05,2,596.75,5,0,1,2024-05-17,0.01976,1.00000,0.00000,-0.04809,0.00000,0.12632
NVDA240531P00330000,NVDA,2024-05-31,330.00,put,0.05,0.03,0.01,5,0.04,1,2,2,2024-05-17,1.63923,-0.00037,0.00000,-0.01408,0.00242,-0.00014
NVDA240531C00340000,NVDA,2024-05-31,340.00,call,0.00,585.42,584.05,2,586.80,5,0,0,2024-05-17,0.01976,1.00000,0.00000,-0.04955,0.00000,0.13014
NVDA240531P00340000,NVDA,2024-05-31,340.00,put,0.06,0.01,0.00,0,0.09,29,0,1,2024-05-17,1.46362,-0.00014,0.00000,-0.00497,0.00095,-0.00005
NVDA240531C00350000,NVDA,2024-05-31,350.00,call,542.13,575.45,574.20,2,576.70,5,0,2,2024-05-17,0.01976,1.00000,0.00000,-0.05101,0.00000,0.13397
NVDA240531P00350000,NVDA,2024-05-31,350.00,put,0.05,0.01,0.00,0,0.08,69,0,41,2024-05-17,1.42460,-0.00014,0.00000,-0.00505,0.00100,-0.00005
NVDA240531C00360000,NVDA,2024-05-31,360.00,call,0.00,565.48,564.10,2,566.85,5,0,0,2024-05-17,0.01976,1.00000,0.00000,-0.05246,0.00000,0.13780
NVDA240531P00360000,NVDA,2024-05-31,360.00,put,0.05,0.05,0.01,4,0.09,33,41,3,2024-05-17,1.56118,-0.00059,0.00001,-0.02072,0.00373,-0.00023
NVDA240531C00370000,NVDA,2024-05-31,370.00,call,488.05,555.50,554.15,2,556.85,5,0,1,2024-05-17,0.01976,1.00000,0.00000,-0.05392,0.00000,0.14163
NVDA240531P00370000,NVDA,2024-05-31,370.00,put,0.05,0.01,0.00,0,0.05,3,69,1,2024-05-17,1.34655,-0.00015,0.00000,-0.00506,0.00106,-0.00006
NVDA240531C00380000,NVDA,2024-05-31,380.00,call,0.00,545.60,544.30,4,546.90,4,0,0,2024-05-17,1.44411,0.99950,0.00001,-0.07175,0.00319,0.14527
NVDA240531P00380000,NVDA,2024-05-31,380.00,put,0.05,0.03,0.01,2,0.05,3,9,12,2024-05-17,1.42460,-0.00043,0.00001,-0.01409,0.00278,-0.00016
NVDA240531C00390000,NVDA,2024-05-31,390.00,call,510.54,535.52,534.15,2,536.90,5,0,1,2024-05-17,0.01976,1.00000,0.00000,-0.05683,0.00000,0.14928
NVDA240531P00390000,NVDA,2024-05-31,390.00,put,0.05,0.01,0.00,0,0.13,35,29,1,2024-05-17,1.26851,-0.00015,0.00000,-0.00486,0.00108,-0.00006
NVDA240531C00400000,NVDA,2024-05-31,400.00,call,488.00,525.55,524.30,2,526.80,5,0,27,2024-05-17,0.01976,1.00000,0.00000,-0.05829,0.00000,0.15311
NVDA240531P00400000,NVDA,2024-05-31,400.00,put,0.06,0.05,0.02,100,0.07,2,18,31,2024-05-17,1.40509,-0.00071,0.00001,-0.02222,0.00445,-0.00027
NVDA240531C00410000,NVDA,2024-05-31,410.00,call,0.00,515.60,514.25,2,516.95,5,0,0,2024-05-17,0.01976,1.00000,0.00000,-0.05975,0.00000,0.15694
NVDA240531P00410000,NVDA,2024-05-31,410.00,put,0.10,0.01,0.00,0,0.14,23,1,4,2024-05-17,1.20997,-0.00019,0.00000,-0.00551,0.00128,-0.00007
NVDA240531C00420000,NVDA,2024-05-31,420.00,call,514.44,505.62,504.25,2,507.00,5,10,0,2024-05-17,0.01976,1.00000,0.00000,-0.06121,0.00000,0.16077
NVDA240531P00420000,NVDA,2024-05-31,420.00,put,0.05,0.08,0.01,300,0.15,36,0,100,2024-05-17,1.38558,-0.00114,0.00002,-0.03378,0.00686,-0.00044
NVDA240531C00430000,NVDA,2024-05-31,430.00,call,0.00,495.65,494.30,2,497.00,5,0,0,2024-05-17,0.01976,1.00000,0.00000,-0.06266,0.00000,0.16459
NVDA240531P00430000,NVDA,2024-05-31,430.00,put,0.08,0.01,0.00,0,0.08,1,3,23,2024-05-17,1.13192,-0.00018,0.00000,-0.00489,0.00121,-0.00007
NVDA240531C00440000,NVDA,2024-05-31,440.00,call,517.05,485.68,484.30,2,487.05,5,0,6,2024-05-17,0.01976,1.00000,0.00000,-0.06412,0.00000,0.16842
NVDA240531P00440000,NVDA,2024-05-31,440.00,put,0.08,0.01,0.00,0,0.12,12,6,12,2024-05-17,1.11241,-0.00021,0.00000,-0.00567,0.00143,-0.00008
NVDA240531C00450000,NVDA,2024-05-31,450.00,call,470.00,475.70,474.45,2,476.95,5,3,5,2024-05-17,0.01976,1.00000,0.00000,-0.06558,0.00000,0.17225
NVDA240531P00450000,NVDA,2024-05-31,450.00,put,0.08,0.01,0.00,0,0.13,74,33,125,2024-05-17,1.07339,-0.00020,0.00000,-0.00521,0.00137,-0.00007
NVDA240531C00460000,NVDA,2024-05-31,460.00,call,383.00,465.73,464.35,2,467.10,5,0,1,2024-05-17,0.87827,0.99998,0.00000,-0.06743,0.00013,0.17607
NVDA240531P00460000,NVDA,2024-05-31,460.00,put,0.10,0.01,0.00,0,0.20,42,11,34,2024-05-17,1.03437,-0.00019,0.00000,-0.00472,0.00129,-0.00007
NVDA240531C00470000,NVDA,2024-05-31,470.00,call,485.00,455.85,454.55,4,457.15,4,0,5,2024-05-17,1.20997,0.99857,0.00002,-0.10475,0.00844,0.17936
NVDA240531P00470000,NVDA,2024-05-31,470.00,put,0.11,0.01,0.00,0,0.21,38,1,510,2024-05-17,1.01485,-0.00022,0.00000,-0.00540,0.00150,-0.00008
NVDA240531C00480000,NVDA,2024-05-31,480.00,call,475.00,445.80,444.45,2,447.15,5,0,2,2024-05-17,1.05388,0.99950,0.00001,-0.08200,0.00322,0.18355
NVDA240531P00480000,NVDA,2024-05-31,480.00,put,0.13,0.01,0.00,0,0.31,31,100,45,2024-05-17,0.97583,-0.00020,0.00000,-0.00480,0.00138,-0.00008
NVDA240531C00490000,NVDA,2024-05-31,490.00,call,449.71,435.82,434.45,2,437.20,2,0,7,2024-05-17,1.03437,0.99942,0.00001,-0.08504,0.00371,0.18734
NVDA240531P00490000,NVDA,2024-05-31,490.00,put,0.15,0.01,0.00,0,0.32,31,1,27,2024-05-17,0.95632,-0.00024,0.00001,-0.00544,0.00160,-0.00009
NVDA240531C00500000,NVDA,2024-05-31,500.00,call,438.00,425.88,424.60,5,427.15,2,1,8,2024-05-17,1.07339,0.99882,0.00002,-0.09995,0.00711,0.19094
NVDA240531P00500000,NVDA,2024-05-31,500.00,put,0.17,0.12,0.07,1,0.17,2,69,1757,2024-05-17,1.13192,-0.00190,0.00003,-0.04406,0.01097,-0.00072
NVDA240531C00510000,NVDA,2024-05-31,510.00,call,290.00,415.95,414.85,5,417.05,5,0,1,2024-05-17,1.09290,0.99812,0.00003,-0.11648,0.01087,0.19450
NVDA240531P00510000,NVDA,2024-05-31,510.00,put,0.14,0.14,0.01,5,0.26,28,12,20,2024-05-17,1.11241,-0.00219,0.00003,-0.04912,0.01244,-0.00083
NVDA240531C00520000,NVDA,2024-05-31,520.00,call,404.33,405.95,404.85,5,407.05,5,7,9,2024-05-17,1.03437,0.99843,0.00003,-0.10961,0.00922,0.19845
NVDA240531P00520000,NVDA,2024-05-31,520.00,put,0.19,0.14,0.07,81,0.20,10,1,555,2024-05-17,1.07339,-0.00216,0.00003,-0.04692,0.01232,-0.00082
NVDA240531C00530000,NVDA,2024-05-31,530.00,call,366.00,396.00,394.90,5,397.10,5,0,4,2024-05-17,1.03437,0.99788,0.00004,-0.12170,0.01212,0.20207
NVDA240531P00530000,NVDA,2024-05-31,530.00,put,0.09,0.16,0.02,5,0.30,36,0,27,2024-05-17,1.05388,-0.00248,0.00004,-0.05207,0.01393,-0.00094
NVDA240531C00540000,NVDA,2024-05-31,540.00,call,394.51,386.05,384.95,5,387.15,5,2,3,2024-05-17,1.03437,0.99717,0.00005,-0.13632,0.01571,0.20563
NVDA240531P00540000,NVDA,2024-05-31,540.00,put,0.16,0.20,0.09,5,0.31,51,9,36,2024-05-17,1.05388,-0.00327,0.00005,-0.06688,0.01789,-0.00124
NVDA240531C00550000,NVDA,2024-05-31,550.00,call,384.05,376.10,375.10,5,377.10,5,4,20,2024-05-17,1.01485,0.99678,0.00005,-0.14376,0.01768,0.20931
NVDA240531P00550000,NVDA,2024-05-31,550.00,put,0.23,0.21,0.13,74,0.29,80,37,159,2024-05-17,1.03437,-0.00372,0.00006,-0.07372,0.02010,-0.00141
NVDA240531C00560000,NVDA,2024-05-31,560.00,call,290.60,366.15,365.05,5,367.25,5,0,2,2024-05-17,0.99534,0.99633,0.00006,-0.15164,0.01985,0.21297
NVDA240531P00560000,NVDA,2024-05-31,560.00,put,0.15,0.18,0.03,1,0.34,35,0,41,2024-05-17,0.97583,-0.00316,0.00005,-0.06001,0.01735,-0.00119
NVDA240531C00570000,NVDA,2024-05-31,570.00,call,257.63,356.20,355.10,5,357.30,5,0,4,2024-05-17,0.97583,0.99584,0.00007,-0.16000,0.02225,0.21661
NVDA240531P00570000,NVDA,2024-05-31,570.00,put,0.23,0.19,0.04,42,0.35,39,6,40,2024-05-17,0.95632,-0.00359,0.00006,-0.06600,0.01947,-0.00135
NVDA240531C00580000,NVDA,2024-05-31,580.00,call,321.56,346.25,345.15,5,347.35,5,0,2,2024-05-17,0.95632,0.99528,0.00008,-0.16885,0.02489,0.22023
NVDA240531P00580000,NVDA,2024-05-31,580.00,put,0.16,0.21,0.07,40,0.34,2,0,61,2024-05-17,0.93681,-0.00408,0.00007,-0.07242,0.02182,-0.00153
NVDA240531C00590000,NVDA,2024-05-31,590.00,call,288.90,336.30,335.20,5,337.40,5,0,3,2024-05-17,0.93681,0.99465,0.00009,-0.17822,0.02780,0.22383
NVDA240531P00590000,NVDA,2024-05-31,590.00,put,0.29,0.21,0.10,6,0.32,5,2,1286,2024-05-17,0.89778,-0.00396,0.00007,-0.06758,0.02125,-0.00148
NVDA240531C00600000,NVDA,2024-05-31,600.00,call,334.36,326.45,325.30,5,327.60,2,1,19,2024-05-17,0.93681,0.99307,0.00011,-0.20346,0.03498,0.22705
NVDA240531P00600000,NVDA,2024-05-31,600.00,put,0.35,0.34,0.30,2,0.38,39,406,861,2024-05-17,0.91729,-0.00605,0.00010,-0.10071,0.03101,-0.00228
NVDA240531C00610000,NVDA,2024-05-31,610.00,call,316.60,316.40,315.30,5,317.50,5,2,12,2024-05-17,0.89778,0.99317,0.00012,-0.19865,0.03454,0.23093
NVDA240531P00610000,NVDA,2024-05-31,610.00,put,0.35,0.34,0.33,2,0.36,1,3,136,2024-05-17,0.87827,-0.00592,0.00011,-0.09457,0.03042,-0.00222
NVDA240531C00620000,NVDA,2024-05-31,620.00,call,280.85,306.45,305.35,5,307.55,5,0,7,2024-05-17,0.87827,0.99229,0.00013,-0.20976,0.03842,0.23443
NVDA240531P00620000,NVDA,2024-05-31,620.00,put,0.37,0.31,0.18,58,0.44,23,60,173,2024-05-17,0.83925,-0.00575,0.00011,-0.08802,0.02964,-0.00215
NVDA240531C00630000,NVDA,2024-05-31,630.00,call,305.53,296.62,295.40,5,297.85,5,1,11,2024-05-17,0.87827,0.99008,0.00017,-0.24071,0.04792,0.23742
NVDA240531P00630000,NVDA,2024-05-31,630.00,put,0.30,0.44,0.40,2,0.48,13,1,239,2024-05-17,0.85876,-0.00869,0.00015,-0.12970,0.04270,-0.00327
NVDA240531C00635000,NVDA,2024-05-31,635.00,call,265.80,291.55,290.45,5,292.65,5,0,2,2024-05-17,0.83925,0.99139,0.00015,-0.21827,0.04236,0.23983
NVDA240531P00635000,NVDA,2024-05-31,635.00,put,0.45,0.55,0.42,2,0.67,18,6,129,2024-05-17,0.85876,-0.00986,0.00017,-0.14486,0.04769,-0.00371
NVDA240531C00640000,NVDA,2024-05-31,640.00,call,299.14,286.55,285.45,5,287.65,5,1,2,2024-05-17,0.81974,0.99148,0.00016,-0.21489,0.04196,0.24179
NVDA240531P00640000,NVDA,2024-05-31,640.00,put,0.53,0.36,0.26,32,0.47,10,27,199,2024-05-17,0.80022,-0.00734,0.00014,-0.10414,0.03681,-0.00274
NVDA240531C00645000,NVDA,2024-05-31,645.00,call,230.60,281.57,280.45,6,282.70,5,0,2,2024-05-17,0.80022,0.99159,0.00016,-0.21139,0.04150,0.24374
NVDA240531P00645000,NVDA,2024-05-31,645.00,put,0.50,0.42,0.28,39,0.55,12,5,159,2024-05-17,0.80022,-0.00841,0.00016,-0.11739,0.04150,-0.00315
NVDA240531C00650000,NVDA,2024-05-31,650.00,call,300.81,276.73,275.60,5,277.85,5,0,33,2024-05-17,0.81974,0.98897,0.00020,-0.24710,0.05258,0.24467
NVDA240531P00650000,NVDA,2024-05-31,650.00,put,0.54,0.57,0.40,1,0.74,18,29,823,2024-05-17,0.81974,-0.01103,0.00020,-0.15237,0.05258,-0.00414
NVDA240531C00655000,NVDA,2024-05-31,655.00,call,280.30,271.77,270.55,5,273.00,9,1,8,2024-05-17,0.81974,0.98750,0.00022,-0.26519,0.05859,0.24603
NVDA240531P00655000,NVDA,2024-05-31,655.00,put,0.60,0.62,0.48,2,0.76,16,14,1372,2024-05-17,0.80022,-0.01094,0.00020,-0.14767,0.05222,-0.00410
NVDA240531C00660000,NVDA,2024-05-31,660.00,call,268.57,266.70,265.60,5,267.80,6,11,9,2024-05-17,0.78071,0.98916,0.00020,-0.23901,0.05178,0.24858
NVDA240531P00660000,NVDA,2024-05-31,660.00,put,0.55,0.65,0.51,2,0.79,21,11,131,2024-05-17,0.80022,-0.01242,0.00022,-0.16482,0.05829,-0.00466
NVDA240531C00665000,NVDA,2024-05-31,665.00,call,236.50,261.62,260.45,6,262.80,5,0,3,2024-05-17,0.74169,0.99079,0.00018,-0.21461,0.04493,0.25111
NVDA240531P00665000,NVDA,2024-05-31,665.00,put,0.62,0.61,0.39,32,0.83,32,9,89,2024-05-17,0.78071,-0.01233,0.00023,-0.15974,0.05792,-0.00462
NVDA240531C00670000,NVDA,2024-05-31,670.00,call,258.00,256.80,255.70,5,257.90,6,11,12,2024-05-17,0.76120,0.98778,0.00023,-0.25214,0.05747,0.25189
NVDA240531P00670000,NVDA,2024-05-31,670.00,put,0.65,0.72,0.58,15,0.86,36,37,178,2024-05-17,0.78071,-0.01399,0.00025,-0.17808,0.06458,-0.00524
NVDA240531C00675000,NVDA,2024-05-31,675.00,call,261.50,251.97,250.75,5,253.20,5,2,6,2024-05-17,0.78071,0.98418,0.00028,-0.29625,0.07178,0.25244
NVDA240531P00675000,NVDA,2024-05-31,675.00,put,0.79,0.69,0.47,28,0.90,28,20,219,2024-05-17,0.76120,-0.01389,0.00026,-0.17260,0.06422,-0.00520
NVDA240531C00680000,NVDA,2024-05-31,680.00,call,267.53,246.97,246.00,5,247.95,5,0,203,2024-05-17,0.76120,0.98425,0.00029,-0.29128,0.07152,0.25439
NVDA240531P00680000,NVDA,2024-05-31,680.00,put,0.75,0.74,0.67,16,0.81,18,50,253,2024-05-17,0.74169,-0.01378,0.00026,-0.16695,0.06376,-0.00515
NVDA240531C00685000,NVDA,2024-05-31,685.00,call,227.23,242.00,241.00,5,243.00,5,0,202,2024-05-17,0.74169,0.98434,0.00029,-0.28611,0.07117,0.25635
NVDA240531P00685000,NVDA,2024-05-31,685.00,put,0.78,0.77,0.69,20,0.86,17,33,232,2024-05-17,0.74169,-0.01566,0.00029,-0.18629,0.07117,-0.00586
NVDA240531C00690000,NVDA,2024-05-31,690.00,call,212.70,237.12,236.10,5,238.15,5,0,8,2024-05-17,0.74169,0.98226,0.00033,-0.30774,0.07917,0.25748
NVDA240531P00690000,NVDA,2024-05-31,690.00,put,0.82,0.84,0.79,7,0.90,20,86,380,2024-05-17,0.74169,-0.01774,0.00033,-0.20719,0.07917,-0.00664
NVDA240531C00695000,NVDA,2024-05-31,695.00,call,253.88,232.07,230.95,5,233.20,5,0,9,2024-05-17,0.72218,0.98235,0.00033,-0.30215,0.07886,0.25943
NVDA240531P00695000,NVDA,2024-05-31,695.00,put,0.90,0.92,0.84,6,1.00,5,32,933,2024-05-17,0.72218,-0.01765,0.00033,-0.20087,0.07886,-0.00660
NVDA240531C00700000,NVDA,2024-05-31,700.00,call,224.43,227.40,226.60,5,228.20,5,17,158,2024-05-17,0.74169,0.97746,0.00040,-0.35581,0.09703,0.25949
NVDA240531P00700000,NVDA,2024-05-31,700.00,put,0.98,0.96,0.90,16,1.02,1,350,1579,2024-05-17,0.72218,-0.01998,0.00037,-0.22315,0.08762,-0.00747
NVDA240531C00705000,NVDA,2024-05-31,705.00,call,243.10,222.27,221.20,5,223.35,5,0,11,2024-05-17,0.70267,0.98009,0.00038,-0.31914,0.08736,0.26242
NVDA240531P00705000,NVDA,2024-05-31,705.00,put,1.06,1.04,1.00,17,1.09,16,32,191,2024-05-17,0.70267,-0.01991,0.00038,-0.21640,0.08736,-0.00744
NVDA240531C00710000,NVDA,2024-05-31,710.00,call,214.50,217.50,216.45,5,218.55,5,1,21,2024-05-17,0.72218,0.97464,0.00045,-0.37615,0.10712,0.26227
NVDA240531P00710000,NVDA,2024-05-31,710.00,put,1.11,1.14,1.09,17,1.18,15,41,282,2024-05-17,0.70267,-0.02252,0.00042,-0.24012,0.09696,-0.00842
NVDA240531C00715000,NVDA,2024-05-31,715.00,call,180.20,212.57,211.55,5,213.60,5,0,3,2024-05-17,0.70267,0.97461,0.00047,-0.36973,0.10725,0.26419
NVDA240531P00715000,NVDA,2024-05-31,715.00,put,1.27,1.24,1.19,15,1.29,15,422,303,2024-05-17,0.70267,-0.02539,0.00047,-0.26554,0.10725,-0.00950
NVDA240531C00720000,NVDA,2024-05-31,720.00,call,203.40,207.70,206.70,5,208.70,5,4,22,2024-05-17,0.70267,0.97145,0.00051,-0.39761,0.11825,0.26491
NVDA240531P00720000,NVDA,2024-05-31,720.00,put,1.37,1.35,1.30,15,1.40,14,48,225,2024-05-17,0.68315,-0.02541,0.00048,-0.25816,0.10729,-0.00949
NVDA240531C00725000,NVDA,2024-05-31,725.00,call,203.15,202.73,201.65,2,203.80,6,2,73,2024-05-17,0.68315,0.97137,0.00053,-0.39079,0.11854,0.26681
NVDA240531P00725000,NVDA,2024-05-31,725.00,put,1.50,1.52,1.48,2,1.56,21,98,203,2024-05-17,0.68315,-0.02863,0.00053,-0.28513,0.11854,-0.01070
NVDA240531C00730000,NVDA,2024-05-31,730.00,call,189.10,198.00,197.00,5,199.00,6,0,54,2024-05-17,0.68315,0.96784,0.00058,-0.42026,0.13053,0.26740
NVDA240531P00730000,NVDA,2024-05-31,730.00,put,1.74,1.65,1.57,13,1.73,5,213,430,2024-05-17,0.68315,-0.03216,0.00058,-0.31388,0.13053,-0.01203
NVDA240531C00735000,NVDA,2024-05-31,735.00,call,191.95,193.07,192.00,6,194.15,6,2,14,2024-05-17,0.68315,0.96399,0.00064,-0.45150,0.14326,0.26785
NVDA240531P00735000,NVDA,2024-05-31,735.00,put,1.86,1.81,1.72,22,1.91,10,30,205,2024-05-17,0.68315,-0.03601,0.00064,-0.34439,0.14326,-0.01349
NVDA240531C00740000,NVDA,2024-05-31,740.00,call,184.51,188.28,187.65,5,188.90,1,25,97,2024-05-17,0.68315,0.95979,0.00070,-0.48450,0.15673,0.26818
NVDA240531P00740000,NVDA,2024-05-31,740.00,put,2.09,2.00,1.91,15,2.08,4,46,337,2024-05-17,0.68315,-0.04021,0.00070,-0.37666,0.15673,-0.01507
NVDA240531C00745000,NVDA,2024-05-31,745.00,call,200.65,183.50,182.85,1,184.15,1,2,48,2024-05-17,0.66364,0.95942,0.00073,-0.47705,0.15791,0.26998
NVDA240531P00745000,NVDA,2024-05-31,745.00,put,2.10,2.20,2.12,15,2.28,18,569,713,2024-05-17,0.66364,-0.04058,0.00073,-0.36848,0.15791,-0.01519
NVDA240531C00750000,NVDA,2024-05-31,750.00,call,179.06,178.82,178.30,5,179.35,1,73,191,2024-05-17,0.66364,0.95473,0.00079,-0.51171,0.17251,0.27012
NVDA240531P00750000,NVDA,2024-05-31,750.00,put,2.46,2.49,2.46,1,2.52,5,739,1177,2024-05-17,0.66364,-0.04527,0.00079,-0.40241,0.17251,-0.01696
NVDA240531C00755000,NVDA,2024-05-31,755.00,call,191.25,174.07,173.55,1,174.60,1,6,49,2024-05-17,0.66364,0.94964,0.00086,-0.54808,0.18785,0.27012
NVDA240531P00755000,NVDA,2024-05-31,755.00,put,2.80,2.71,2.62,13,2.79,15,89,439,2024-05-17,0.66364,-0.05036,0.00086,-0.43805,0.18785,-0.01888
NVDA240531C00760000,NVDA,2024-05-31,760.00,call,187.35,169.38,168.85,1,169.90,1,2,29,2024-05-17,0.66364,0.94415,0.00094,-0.58610,0.20392,0.26995
NVDA240531P00760000,NVDA,2024-05-31,760.00,put,3.25,3.05,2.70,1,3.40,4,64,810,2024-05-17,0.66364,-0.05585,0.00094,-0.47534,0.20392,-0.02096
NVDA240531C00765000,NVDA,2024-05-31,765.00,call,185.80,164.72,164.20,1,165.25,1,0,57,2024-05-17,0.66364,0.93824,0.00101,-0.62569,0.22068,0.26962
NVDA240531P00765000,NVDA,2024-05-31,765.00,put,3.47,3.34,2.93,4,3.75,3,90,1287,2024-05-17,0.66364,-0.06176,0.00101,-0.51421,0.22068,-0.02320
NVDA240531C00770000,NVDA,2024-05-31,770.00,call,159.85,160.05,159.40,1,160.70,1,7,57,2024-05-17,0.66364,0.93190,0.00109,-0.66677,0.23809,0.26913
NVDA240531P00770000,NVDA,2024-05-31,770.00,put,3.80,3.67,3.55,8,3.80,3,149,683,2024-05-17,0.66364,-0.06810,0.00109,-0.55456,0.23809,-0.02561
NVDA240531C00775000,NVDA,2024-05-31,775.00,call,155.05,155.55,155.00,5,156.10,1,17,35,2024-05-17,0.66364,0.92510,0.00118,-0.70923,0.25611,0.26846
NVDA240531P00775000,NVDA,2024-05-31,775.00,put,4.35,4.10,3.90,10,4.30,3,135,208,2024-05-17,0.66364,-0.07490,0.00118,-0.59629,0.25611,-0.02820
NVDA240531C00780000,NVDA,2024-05-31,780.00,call,153.07,150.95,150.35,5,151.55,1,30,306,2024-05-17,0.66364,0.91785,0.00126,-0.75295,0.27469,0.26761
NVDA240531P00780000,NVDA,2024-05-31,780.00,put,4.65,4.58,4.40,3,4.75,3,128,570,2024-05-17,0.66364,-0.08215,0.00126,-0.63928,0.27469,-0.03096
NVDA240531C00785000,NVDA,2024-05-31,785.00,call,146.00,146.55,146.00,5,147.10,1,408,122,2024-05-17,0.66364,0.91014,0.00135,-0.79779,0.29378,0.26658
NVDA240531P00785000,NVDA,2024-05-31,785.00,put,5.20,5.08,4.90,3,5.25,7,209,186,2024-05-17,0.66364,-0.08986,0.00135,-0.68339,0.29378,-0.03390
NVDA240531C00790000,NVDA,2024-05-31,790.00,call,143.93,142.10,141.60,5,142.60,5,112,58,2024-05-17,0.66364,0.90195,0.00144,-0.84360,0.31330,0.26536
NVDA240531P00790000,NVDA,2024-05-31,790.00,put,5.78,5.65,5.50,7,5.80,3,257,473,2024-05-17,0.66364,-0.09805,0.00144,-0.72848,0.31330,-0.03703
NVDA240531C00795000,NVDA,2024-05-31,795.00,call,134.14,137.68,137.15,1,138.20,5,410,86,2024-05-17,0.66364,0.89329,0.00153,-0.89023,0.33320,0.26396
NVDA240531P00795000,NVDA,2024-05-31,795.00,put,6.35,6.28,6.10,3,6.45,3,77,261,2024-05-17,0.66364,-0.10671,0.00153,-0.77437,0.33320,-0.04035
NVDA240531C00800000,NVDA,2024-05-31,800.00,call,132.90,133.53,132.25,5,134.80,1,250,2207,2024-05-17,0.66364,0.88415,0.00162,-0.93750,0.35340,0.26237
NVDA240531P00800000,NVDA,2024-05-31,800.00,put,7.15,6.90,6.50,5,7.30,1,1221,1626,2024-05-17,0.66364,-0.11585,0.00162,-0.82091,0.35340,-0.04385
NVDA240531C00805000,NVDA,2024-05-31,805.00,call,129.53,129.15,128.60,1,129.70,1,3,72,2024-05-17,0.66364,0.87453,0.00172,-0.98523,0.37382,0.26058
NVDA240531P00805000,NVDA,2024-05-31,805.00,put,7.27,7.75,7.20,5,8.30,2,77,1223,2024-05-17,0.66364,-0.12547,0.00172,-0.86791,0.37382,-0.04755
NVDA240531C00810000,NVDA,2024-05-31,810.00,call,127.20,124.92,123.60,6,126.25,5,5,970,2024-05-17,0.66364,0.86442,0.00181,-1.03322,0.39439,0.25861
NVDA240531P00810000,NVDA,2024-05-31,810.00,put,8.70,8.52,8.35,5,8.70,5,96,333,2024-05-17,0.66364,-0.13558,0.00181,-0.91518,0.39439,-0.05144
NVDA240531C00815000,NVDA,2024-05-31,815.00,call,129.15,120.85,120.30,1,121.40,5,7,207,2024-05-17,0.66364,0.85384,0.00191,-1.08129,0.41502,0.25644
NVDA240531P00815000,NVDA,2024-05-31,815.00,put,9.37,9.40,9.20,3,9.60,2,137,359,2024-05-17,0.66364,-0.14616,0.00191,-0.96252,0.41502,-0.05552
NVDA240531C00820000,NVDA,2024-05-31,820.00,call,117.28,116.82,116.30,1,117.35,5,39,242,2024-05-17,0.66364,0.84279,0.00200,-1.12922,0.43562,0.25408
NVDA240531P00820000,NVDA,2024-05-31,820.00,put,10.66,10.35,10.15,5,10.55,5,194,495,2024-05-17,0.66364,-0.15721,0.00200,-1.00972,0.43562,-0.05980
NVDA240531C00825000,NVDA,2024-05-31,825.00,call,111.87,112.88,112.35,1,113.40,5,15,314,2024-05-17,0.66364,0.83128,0.00210,-1.17681,0.45611,0.25154
NVDA240531P00825000,NVDA,2024-05-31,825.00,put,11.45,11.40,11.20,2,11.60,2,801,448,2024-05-17,0.66364,-0.16872,0.00210,-1.05658,0.45611,-0.06426
NVDA240531C00830000,NVDA,2024-05-31,830.00,call,111.00,108.97,108.45,1,109.50,5,29,435,2024-05-17,0.66364,0.81931,0.00219,-1.22384,0.47639,0.24880
NVDA240531P00830000,NVDA,2024-05-31,830.00,put,12.75,12.47,12.25,5,12.70,2,169,557,2024-05-17,0.66364,-0.18069,0.00219,-1.10289,0.47639,-0.06890
NVDA240531C00835000,NVDA,2024-05-31,835.00,call,103.87,105.18,104.65,1,105.70,5,6,236,2024-05-17,0.66364,0.80690,0.00228,-1.27012,0.49639,0.24589
NVDA240531P00835000,NVDA,2024-05-31,835.00,put,13.05,13.68,13.45,2,13.90,2,186,345,2024-05-17,0.66364,-0.19310,0.00228,-1.14844,0.49639,-0.07373
NVDA240531C00840000,NVDA,2024-05-31,840.00,call,100.65,101.43,100.90,1,101.95,5,8,246,2024-05-17,0.66364,0.79406,0.00237,-1.31542,0.51600,0.24279
NVDA240531P00840000,NVDA,2024-05-31,840.00,put,15.00,15.00,14.60,5,15.40,5,324,941,2024-05-17,0.66364,-0.20594,0.00237,-1.19301,0.51600,-0.07874
NVDA240531C00845000,NVDA,2024-05-31,845.00,call,100.11,97.78,97.25,1,98.30,1,16,171,2024-05-17,0.66364,0.78081,0.00246,-1.35955,0.53514,0.23952
NVDA240531P00845000,NVDA,2024-05-31,845.00,put,16.25,16.25,16.00,2,16.50,2,84,329,2024-05-17,0.66364,-0.21919,0.00246,-1.23641,0.53514,-0.08393
NVDA240531C00850000,NVDA,2024-05-31,850.00,call,94.05,94.25,93.10,5,95.40,5,151,1534,2024-05-17,0.66364,0.76717,0.00254,-1.40230,0.55373,0.23608
NVDA240531P00850000,NVDA,2024-05-31,850.00,put,17.60,17.65,17.35,4,17.95,4,490,760,2024-05-17,0.66364,-0.23283,0.00254,-1.27843,0.55373,-0.08928
NVDA240531C00855000,NVDA,2024-05-31,855.00,call,90.75,90.68,90.15,1,91.20,5,7,125,2024-05-17,0.66364,0.75315,0.00263,-1.44348,0.57168,0.23248
NVDA240531P00855000,NVDA,2024-05-31,855.00,put,18.53,19.15,18.90,2,19.40,2,35,386,2024-05-17,0.66364,-0.24685,0.00263,-1.31888,0.57168,-0.09479
NVDA240531C00860000,NVDA,2024-05-31,860.00,call,87.75,87.25,86.75,5,87.75,1,51,350,2024-05-17,0.66364,0.73877,0.00271,-1.48289,0.58891,0.22873
NVDA240531P00860000,NVDA,2024-05-31,860.00,put,20.95,20.73,20.45,2,21.00,2,192,482,2024-05-17,0.66364,-0.26123,0.00271,-1.35756,0.58891,-0.10046
NVDA240531C00865000,NVDA,2024-05-31,865.00,call,87.50,83.90,83.40,5,84.40,1,11,107,2024-05-17,0.66364,0.72406,0.00278,-1.52037,0.60535,0.22483
NVDA240531P00865000,NVDA,2024-05-31,865.00,put,22.72,22.52,21.95,45,23.10,16,278,240,2024-05-17,0.68315,-0.28037,0.00272,-1.44726,0.61008,-0.10830
NVDA240531C00870000,NVDA,2024-05-31,870.00,call,80.56,80.65,80.15,1,81.15,1,35,245,2024-05-17,0.66364,0.70905,0.00285,-1.55574,0.62092,0.22079
NVDA240531P00870000,NVDA,2024-05-31,870.00,put,24.40,24.12,23.45,14,24.80,21,280,416,2024-05-17,0.66364,-0.29095,0.00285,-1.42895,0.62092,-0.11223
NVDA240531C00875000,NVDA,2024-05-31,875.00,call,78.25,77.45,76.95,1,77.95,1,10,230,2024-05-17,0.66364,0.69375,0.00292,-1.58885,0.63556,0.21661
NVDA240531P00875000,NVDA,2024-05-31,875.00,put,26.44,26.05,25.50,31,26.60,5,175,308,2024-05-17,0.68315,-0.31001,0.00285,-1.51327,0.63898,-0.12013
NVDA240531C00880000,NVDA,2024-05-31,880.00,call,73.55,74.35,73.85,1,74.85,1,96,362,2024-05-17,0.68315,0.67481,0.00291,-1.67103,0.65203,0.21063
NVDA240531P00880000,NVDA,2024-05-31,880.00,put,28.15,27.95,27.40,10,28.50,19,263,487,2024-05-17,0.68315,-0.32519,0.00291,-1.54278,0.65203,-0.12621
NVDA240531C00885000,NVDA,2024-05-31,885.00,call,70.21,71.30,70.95,1,71.65,5,38,403,2024-05-17,0.68315,0.65942,0.00296,-1.69877,0.66407,0.20635
NVDA240531P00885000,NVDA,2024-05-31,885.00,put,28.90,29.77,29.10,8,30.45,5,29,386,2024-05-17,0.68315,-0.34058,0.00296,-1.56980,0.66407,-0.13241
NVDA240531C00890000,NVDA,2024-05-31,890.00,call,67.75,68.35,68.00,1,68.70,1,65,620,2024-05-17,0.68315,0.64385,0.00301,-1.72392,0.67506,0.20198
NVDA240531P00890000,NVDA,2024-05-31,890.00,put,31.85,31.82,31.10,43,32.55,16,305,427,2024-05-17,0.68315,-0.35615,0.00301,-1.59422,0.67506,-0.13869
NVDA240531C00892500,NVDA,2024-05-31,892.50,call,67.70,66.90,66.55,1,67.25,1,6,109,2024-05-17,0.68315,0.63601,0.00304,-1.73550,0.68015,0.19976
NVDA240531P00892500,NVDA,2024-05-31,892.50,put,31.94,32.90,32.15,18,33.65,7,26,66,2024-05-17,0.68315,-0.36399,0.00304,-1.60543,0.68015,-0.14187
NVDA240531C00895000,NVDA,2024-05-31,895.00,call,66.00,65.45,65.10,1,65.80,1,44,299,2024-05-17,0.68315,0.62813,0.00306,-1.74639,0.68496,0.19752
NVDA240531P00895000,NVDA,2024-05-31,895.00,put,33.90,33.88,33.25,8,34.50,10,352,167,2024-05-17,0.68315,-0.37187,0.00306,-1.61596,0.68496,-0.14506
NVDA240531C00897500,NVDA,2024-05-31,897.50,call,64.85,64.05,63.70,1,64.40,1,10,53,2024-05-17,0.68315,0.62022,0.00308,-1.75659,0.68949,0.19526
NVDA240531P00897500,NVDA,2024-05-31,897.50,put,34.84,35.02,34.30,11,35.75,9,132,42,2024-05-17,0.68315,-0.37978,0.00308,-1.62580,0.68949,-0.14828
NVDA240531C00900000,NVDA,2024-05-31,900.00,call,62.45,62.67,62.35,1,63.00,1,452,2427,2024-05-17,0.68315,0.61228,0.00310,-1.76610,0.69375,0.19299
NVDA240531P00900000,NVDA,2024-05-31,900.00,put,36.14,36.45,36.00,1,36.90,13,1488,3962,2024-05-17,0.68315,-0.38772,0.00310,-1.63494,0.69375,-0.15151
NVDA240531C00902500,NVDA,2024-05-31,902.50,call,61.75,61.30,60.95,1,61.65,1,7,46,2024-05-17,0.68315,0.60432,0.00311,-1.77490,0.69771,0.19070
NVDA240531P00902500,NVDA,2024-05-31,902.50,put,36.30,37.27,36.55,18,38.00,10,32,29,2024-05-17,0.68315,-0.39568,0.00311,-1.64338,0.69771,-0.15476
NVDA240531C00905000,NVDA,2024-05-31,905.00,call,59.28,59.95,59.60,1,60.30,1,50,426,2024-05-17,0.68315,0.59633,0.00313,-1.78299,0.70139,0.18839
NVDA240531P00905000,NVDA,2024-05-31,905.00,put,38.65,38.45,37.70,7,39.20,7,197,168,2024-05-17,0.68315,-0.40367,0.00313,-1.65111,0.70139,-0.15803
NVDA240531C00907500,NVDA,2024-05-31,907.50,call,60.05,58.62,58.30,1,58.95,1,8,36,2024-05-17,0.68315,0.58832,0.00314,-1.79037,0.70477,0.18606
NVDA240531P00907500,NVDA,2024-05-31,907.50,put,40.00,39.60,38.85,13,40.35,7,9,49,2024-05-17,0.68315,-0.41168,0.00314,-1.65812,0.70477,-0.16131
NVDA240531C00910000,NVDA,2024-05-31,910.00,call,57.10,57.33,56.75,15,57.90,5,66,879,2024-05-17,0.68315,0.58031,0.00316,-1.79702,0.70787,0.18373
NVDA240531P00910000,NVDA,2024-05-31,910.00,put,41.00,40.92,40.30,26,41.55,7,308,498,2024-05-17,0.68315,-0.41969,0.00316,-1.66441,0.70787,-0.16460
NVDA240531C00912500,NVDA,2024-05-31,912.50,call,55.95,56.03,55.70,1,56.35,1,212,33,2024-05-17,0.68315,0.57228,0.00317,-1.80296,0.71066,0.18138
NVDA240531P00912500,NVDA,2024-05-31,912.50,put,42.69,42.02,41.25,10,42.80,7,23,59,2024-05-17,0.68315,-0.42772,0.00317,-1.66998,0.71066,-0.16790
NVDA240531C00915000,NVDA,2024-05-31,915.00,call,54.83,54.48,53.95,17,55.00,20,356,778,2024-05-17,0.68315,0.56424,0.00318,-1.80817,0.71317,0.17902
NVDA240531P00915000,NVDA,2024-05-31,915.00,put,43.92,43.38,42.75,17,44.00,6,218,166,2024-05-17,0.68315,-0.43576,0.00318,-1.67483,0.71317,-0.17122
NVDA240531C00917500,NVDA,2024-05-31,917.50,call,53.55,53.47,53.15,3,53.80,1,18,35,2024-05-17,0.68315,0.55619,0.00319,-1.81265,0.71537,0.17666
NVDA240531P00917500,NVDA,2024-05-31,917.50,put,44.13,44.48,43.70,11,45.25,6,92,37,2024-05-17,0.68315,-0.44381,0.00319,-1.67895,0.71537,-0.17454
NVDA240531C00920000,NVDA,2024-05-31,920.00,call,52.00,52.25,51.90,3,52.60,3,526,1277,2024-05-17,0.68315,0.54815,0.00320,-1.81641,0.71729,0.17428
NVDA240531P00920000,NVDA,2024-05-31,920.00,put,45.85,45.67,45.25,10,46.10,18,1388,899,2024-05-17,0.68315,-0.45185,0.00320,-1.68234,0.71729,-0.17788
NVDA240531C00925000,NVDA,2024-05-31,925.00,call,50.20,49.83,49.50,1,50.15,1,1257,1311,2024-05-17,0.68315,0.53207,0.00321,-1.82175,0.72022,0.16951
NVDA240531P00925000,NVDA,2024-05-31,925.00,put,48.87,48.33,47.55,15,49.10,6,1491,602,2024-05-17,0.68315,-0.46793,0.00321,-1.68695,0.72022,-0.18456
NVDA240531C00930000,NVDA,2024-05-31,930.00,call,47.10,47.53,47.20,1,47.85,1,1207,564,2024-05-17,0.68315,0.51603,0.00322,-1.82420,0.72197,0.16472
NVDA240531P00930000,NVDA,2024-05-31,930.00,put,50.70,51.12,50.45,22,51.80,6,744,475,2024-05-17,0.68315,-0.48397,0.00322,-1.68867,0.72197,-0.19127
NVDA240531C00935000,NVDA,2024-05-31,935.00,call,45.30,45.22,44.90,2,45.55,1,488,214,2024-05-17,0.68315,0.50004,0.00322,-1.82380,0.72255,0.15992
NVDA240531P00935000,NVDA,2024-05-31,935.00,put,53.15,53.83,53.20,5,54.45,5,224,356,2024-05-17,0.68315,-0.49996,0.00322,-1.68754,0.72255,-0.19798
NVDA240531C00940000,NVDA,2024-05-31,940.00,call,42.85,43.05,42.75,2,43.35,1,947,5182,2024-05-17,0.68315,0.48415,0.00322,-1.82058,0.72198,0.15512
NVDA240531P00940000,NVDA,2024-05-31,940.00,put,56.72,56.50,55.75,7,57.25,6,627,355,2024-05-17,0.68315,-0.51585,0.00322,-1.68359,0.72198,-0.20469
NVDA240531C00945000,NVDA,2024-05-31,945.00,call,41.15,40.92,40.60,2,41.25,1,541,460,2024-05-17,0.68315,0.46836,0.00321,-1.81460,0.72028,0.15033
NVDA240531P00945000,NVDA,2024-05-31,945.00,put,60.00,59.38,58.60,6,60.15,8,153,150,2024-05-17,0.68315,-0.53164,0.00321,-1.67689,0.72028,-0.21140
NVDA240531C00950000,NVDA,2024-05-31,950.00,call,38.85,38.90,38.60,1,39.20,1,1434,7791,2024-05-17,0.68315,0.45270,0.00320,-1.80593,0.71747,0.14556
NVDA240531P00950000,NVDA,2024-05-31,950.00,put,62.55,62.35,61.60,6,63.10,5,392,418,2024-05-17,0.68315,-0.54730,0.00320,-1.66748,0.71747,-0.21808
NVDA240531C00955000,NVDA,2024-05-31,955.00,call,36.25,36.90,36.60,5,37.20,1,169,667,2024-05-17,0.68315,0.43720,0.00318,-1.79463,0.71358,0.14081
NVDA240531P00955000,NVDA,2024-05-31,955.00,put,64.40,65.55,64.85,1,66.25,6,16,70,2024-05-17,0.68315,-0.56280,0.00318,-1.65546,0.71358,-0.22474
NVDA240531C00960000,NVDA,2024-05-31,960.00,call,34.56,35.00,34.70,5,35.30,1,496,577,2024-05-17,0.68315,0.42187,0.00316,-1.78081,0.70865,0.13609
NVDA240531P00960000,NVDA,2024-05-31,960.00,put,66.45,68.55,67.75,5,69.35,12,24,163,2024-05-17,0.68315,-0.57813,0.00316,-1.64091,0.70865,-0.23137
NVDA240531C00965000,NVDA,2024-05-31,965.00,call,32.72,33.20,32.90,2,33.50,1,274,310,2024-05-17,0.68315,0.40674,0.00314,-1.76456,0.70272,0.13142
NVDA240531P00965000,NVDA,2024-05-31,965.00,put,71.00,71.70,70.90,8,72.50,6,1373,207,2024-05-17,0.68315,-0.59326,0.00314,-1.62393,0.70272,-0.23796
NVDA240531C00970000,NVDA,2024-05-31,970.00,call,31.00,31.57,30.90,7,32.25,8,218,855,2024-05-17,0.68315,0.39183,0.00310,-1.74598,0.69583,0.12680
NVDA240531P00970000,NVDA,2024-05-31,970.00,put,70.36,74.92,74.10,6,75.75,6,1369,453,2024-05-17,0.68315,-0.60817,0.00310,-1.60462,0.69583,-0.24450
NVDA240531C00975000,NVDA,2024-05-31,975.00,call,29.72,29.95,29.35,17,30.55,1,288,808,2024-05-17,0.68315,0.37714,0.00307,-1.72518,0.68802,0.12223
NVDA240531P00975000,NVDA,2024-05-31,975.00,put,80.29,78.25,77.40,6,79.10,5,3,510,2024-05-17,0.68315,-0.62286,0.00307,-1.58310,0.68802,-0.25098
NVDA240531C00980000,NVDA,2024-05-31,980.00,call,28.19,28.17,27.40,4,28.95,3,444,909,2024-05-17,0.68315,0.36271,0.00303,-1.70229,0.67934,0.11773
NVDA240531P00980000,NVDA,2024-05-31,980.00,put,85.97,81.60,80.75,6,82.45,5,34,42,2024-05-17,0.68315,-0.63729,0.00303,-1.55947,0.67934,-0.25740
NVDA240531C00985000,NVDA,2024-05-31,985.00,call,26.60,26.58,26.30,6,26.85,10,135,274,2024-05-17,0.68315,0.34854,0.00299,-1.67742,0.66984,0.11329
NVDA240531P00985000,NVDA,2024-05-31,985.00,put,80.12,85.22,84.00,9,86.45,6,10,42,2024-05-17,0.68315,-0.65146,0.00299,-1.53388,0.66984,-0.26375
NVDA240531C00990000,NVDA,2024-05-31,990.00,call,25.05,25.05,24.75,2,25.35,2,716,338,2024-05-17,0.68315,0.33465,0.00294,-1.65071,0.65957,0.10892
NVDA240531P00990000,NVDA,2024-05-31,990.00,put,92.45,88.45,87.25,3,89.65,9,49,25,2024-05-17,0.68315,-0.66535,0.00294,-1.50644,0.65957,-0.27003
NVDA240531C00995000,NVDA,2024-05-31,995.00,call,23.58,23.62,23.35,2,23.90,2,135,384,2024-05-17,0.68315,0.32105,0.00289,-1.62228,0.64859,0.10464
NVDA240531P00995000,NVDA,2024-05-31,995.00,put,96.05,92.30,91.10,9,93.50,6,17,25,2024-05-17,0.68315,-0.67895,0.00289,-1.47728,0.64859,-0.27623
NVDA240531C01000000,NVDA,2024-05-31,1000.00,call,22.23,22.25,22.00,6,22.50,1,3026,3758,2024-05-17,0.68315,0.30776,0.00284,-1.59228,0.63694,0.10043
NVDA240531P01000000,NVDA,2024-05-31,1000.00,put,96.05,95.78,94.80,8,96.75,7,23,137,2024-05-17,0.68315,-0.69224,0.00284,-1.44655,0.63694,-0.28234
NVDA240531C01005000,NVDA,2024-05-31,1005.00,call,20.70,20.98,20.70,2,21.25,2,194,205,2024-05-17,0.68315,0.29477,0.00279,-1.56083,0.62470,0.09632
NVDA240531P01005000,NVDA,2024-05-31,1005.00,put,103.65,99.45,98.15,3,100.75,9,21,42,2024-05-17,0.68315,-0.70523,0.00279,-1.41437,0.62470,-0.28837
NVDA240531C01010000,NVDA,2024-05-31,1010.00,call,19.85,19.73,19.45,2,20.00,2,148,296,2024-05-17,0.68315,0.28211,0.00273,-1.52807,0.61190,0.09230
NVDA240531P01010000,NVDA,2024-05-31,1010.00,put,86.60,103.43,102.20,10,104.65,3,0,18,2024-05-17,0.68315,-0.71789,0.00273,-1.38088,0.61190,-0.29431
NVDA240531C01015000,NVDA,2024-05-31,1015.00,call,18.30,18.55,18.30,6,18.80,2,276,269,2024-05-17,0.68315,0.26977,0.00267,-1.49414,0.59861,0.08837
NVDA240531P01015000,NVDA,2024-05-31,1015.00,put,110.70,107.25,106.05,2,108.45,3,2,14,2024-05-17,0.68315,-0.73023,0.00267,-1.34623,0.59861,-0.30015
NVDA240531C01020000,NVDA,2024-05-31,1020.00,call,17.30,17.27,16.65,2,17.90,5,325,892,2024-05-17,0.66364,0.25040,0.00265,-1.39666,0.57604,0.08235
NVDA240531P01020000,NVDA,2024-05-31,1020.00,put,109.15,110.85,109.65,6,112.05,7,6,28,2024-05-17,0.68315,-0.74223,0.00261,-1.31054,0.58487,-0.30590
NVDA240531C01025000,NVDA,2024-05-31,1025.00,call,16.17,16.35,16.10,2,16.60,2,44,328,2024-05-17,0.66364,0.23859,0.00258,-1.36012,0.56124,0.07856
NVDA240531P01025000,NVDA,2024-05-31,1025.00,put,107.85,115.10,113.90,7,116.30,3,2,10,2024-05-17,0.68315,-0.75389,0.00255,-1.27394,0.57076,-0.31155
NVDA240531C01030000,NVDA,2024-05-31,1030.00,call,15.09,15.20,14.60,2,15.80,7,112,813,2024-05-17,0.66364,0.22714,0.00251,-1.32288,0.54611,0.07487
NVDA240531P01030000,NVDA,2024-05-31,1030.00,put,120.00,119.10,117.90,9,120.30,3,2,41,2024-05-17,0.68315,-0.76521,0.00248,-1.23658,0.55631,-0.31709
NVDA240531C01035000,NVDA,2024-05-31,1035.00,call,14.20,14.40,14.15,2,14.65,3,1919,94,2024-05-17,0.66364,0.21607,0.00244,-1.28505,0.53073,0.07130
NVDA240531P01035000,NVDA,2024-05-31,1035.00,put,116.89,123.00,121.70,3,124.30,10,13,13,2024-05-17,0.68315,-0.77618,0.00242,-1.19858,0.54158,-0.32253
NVDA240531C01040000,NVDA,2024-05-31,1040.00,call,13.50,13.47,13.25,2,13.70,19,86,384,2024-05-17,0.66364,0.20536,0.00237,-1.24679,0.51514,0.06783
NVDA240531P01040000,NVDA,2024-05-31,1040.00,put,122.02,127.27,126.10,7,128.45,2,19,45,2024-05-17,0.68315,-0.78680,0.00235,-1.16006,0.52663,-0.32786
NVDA240531C01045000,NVDA,2024-05-31,1045.00,call,12.61,12.62,12.40,3,12.85,20,55,53,2024-05-17,0.66364,0.19503,0.00229,-1.20820,0.49940,0.06448
NVDA240531P01045000,NVDA,2024-05-31,1045.00,put,132.25,131.43,130.25,7,132.60,2,29,15,2024-05-17,0.68315,-0.79707,0.00228,-1.12115,0.51150,-0.33309
NVDA240531C01050000,NVDA,2024-05-31,1050.00,call,11.85,11.62,11.20,3,12.05,23,1274,1588,2024-05-17,0.66364,0.18506,0.00222,-1.16941,0.48355,0.06125
NVDA240531P01050000,NVDA,2024-05-31,1050.00,put,128.15,135.40,134.35,2,136.45,6,5,33,2024-05-17,0.68315,-0.80700,0.00221,-1.08197,0.49623,-0.33822
NVDA240531C01055000,NVDA,2024-05-31,1055.00,call,11.49,11.10,10.90,6,11.30,2,49,120,2024-05-17,0.66364,0.17546,0.00215,-1.13055,0.46766,0.05813
NVDA240531P01055000,NVDA,2024-05-31,1055.00,put,137.50,139.70,138.50,2,140.90,9,25,17,2024-05-17,0.68315,-0.81658,0.00215,-1.04262,0.48089,-0.34323
NVDA240531C01060000,NVDA,2024-05-31,1060.00,call,10.30,10.40,10.20,7,10.60,2,76,219,2024-05-17,0.66364,0.16623,0.00208,-1.09171,0.45175,0.05512
NVDA240531P01060000,NVDA,2024-05-31,1060.00,put,139.65,144.20,143.05,6,145.35,2,14,12,2024-05-17,0.68315,-0.82581,0.00208,-1.00321,0.46551,-0.34814
NVDA240531C01065000,NVDA,2024-05-31,1065.00,call,10.00,9.72,9.50,31,9.95,2,92,65,2024-05-17,0.66364,0.15736,0.00200,-1.05301,0.43589,0.05223
NVDA240531P01065000,NVDA,2024-05-31,1065.00,put,141.60,148.57,147.45,6,149.70,2,8,9,2024-05-17,0.68315,-0.83470,0.00201,-0.96386,0.45012,-0.35295
NVDA240531C01070000,NVDA,2024-05-31,1070.00,call,9.15,9.10,8.90,3,9.30,3,102,191,2024-05-17,0.66364,0.14884,0.00193,-1.01454,0.42011,0.04944
NVDA240531P01070000,NVDA,2024-05-31,1070.00,put,144.35,152.95,151.80,6,154.10,2,7,5,2024-05-17,0.68315,-0.84325,0.00194,-0.92464,0.43478,-0.35764
NVDA240531C01075000,NVDA,2024-05-31,1075.00,call,8.70,8.53,8.30,5,8.75,3,69,187,2024-05-17,0.66364,0.14067,0.00186,-0.97640,0.40444,0.04677
NVDA240531P01075000,NVDA,2024-05-31,1075.00,put,147.35,157.40,156.30,6,158.50,2,14,3,2024-05-17,0.70267,-0.84376,0.00188,-0.95178,0.43385,-0.35982
NVDA240531C01080000,NVDA,2024-05-31,1080.00,call,8.10,8.02,7.85,1,8.20,5,62,318,2024-05-17,0.68315,0.14064,0.00180,-1.00439,0.40438,0.04667
NVDA240531P01080000,NVDA,2024-05-31,1080.00,put,145.50,161.62,160.55,2,162.70,6,4,4,2024-05-17,0.68315,-0.85936,0.00180,-0.84700,0.40438,-0.36673
NVDA240531C01085000,NVDA,2024-05-31,1085.00,call,7.64,7.47,7.30,4,7.65,2,52,145,2024-05-17,0.68315,0.13308,0.00174,-0.96686,0.38938,0.04420
NVDA240531P01085000,NVDA,2024-05-31,1085.00,put,169.47,166.12,165.05,2,167.20,6,15,1,2024-05-17,0.68315,-0.86692,0.00174,-0.80874,0.38938,-0.37111
NVDA240531C01090000,NVDA,2024-05-31,1090.00,call,7.05,7.00,6.80,7,7.20,6,51,120,2024-05-17,0.68315,0.12583,0.00167,-0.92980,0.37456,0.04183
NVDA240531P01090000,NVDA,2024-05-31,1090.00,put,172.15,170.93,169.85,6,172.00,2,18,15,2024-05-17,0.70267,-0.86666,0.00169,-0.83649,0.38992,-0.37302
NVDA240531C01095000,NVDA,2024-05-31,1095.00,call,6.50,6.55,6.35,5,6.75,4,11,47,2024-05-17,0.68315,0.11889,0.00161,-0.89328,0.35995,0.03955
NVDA240531P01095000,NVDA,2024-05-31,1095.00,put,178.49,175.25,174.20,2,176.30,6,15,6,2024-05-17,0.70267,-0.87368,0.00163,-0.79888,0.37557,-0.37723
NVDA240531C01100000,NVDA,2024-05-31,1100.00,call,6.17,6.25,6.15,1,6.35,4,962,1627,2024-05-17,0.68315,0.11226,0.00154,-0.85736,0.34557,0.03738
NVDA240531P01100000,NVDA,2024-05-31,1100.00,put,171.10,179.85,178.75,2,180.95,5,14,16,2024-05-17,0.70267,-0.88042,0.00157,-0.76179,0.36141,-0.38135
NVDA240531C01105000,NVDA,2024-05-31,1105.00,call,5.75,5.78,5.60,3,5.95,3,33,144,2024-05-17,0.68315,0.10593,0.00148,-0.82209,0.33144,0.03529
NVDA240531P01105000,NVDA,2024-05-31,1105.00,put,189.35,184.47,183.25,2,185.70,6,17,1,2024-05-17,0.70267,-0.88687,0.00151,-0.72528,0.34747,-0.38537
NVDA240531C01110000,NVDA,2024-05-31,1110.00,call,5.60,5.42,5.25,3,5.60,3,57,128,2024-05-17,0.68315,0.09988,0.00142,-0.78753,0.31758,0.03330
NVDA240531P01110000,NVDA,2024-05-31,1110.00,put,177.10,189.15,187.95,2,190.35,6,24,6,2024-05-17,0.70267,-0.89304,0.00145,-0.68939,0.33377,-0.38931
NVDA240531C01115000,NVDA,2024-05-31,1115.00,call,5.25,5.10,4.95,12,5.25,3,22,58,2024-05-17,0.68315,0.09412,0.00136,-0.75373,0.30402,0.03141
NVDA240531P01115000,NVDA,2024-05-31,1115.00,put,184.70,193.82,192.60,2,195.05,6,8,1,2024-05-17,0.70267,-0.89894,0.00139,-0.65418,0.32032,-0.39316
NVDA240531C01120000,NVDA,2024-05-31,1120.00,call,4.86,4.78,4.60,3,4.95,13,82,83,2024-05-17,0.68315,0.08863,0.00130,-0.72071,0.29077,0.02959
NVDA240531P01120000,NVDA,2024-05-31,1120.00,put,183.20,198.55,197.35,2,199.75,6,6,4,2024-05-17,0.70267,-0.90457,0.00133,-0.61968,0.30715,-0.39693
NVDA240531C01125000,NVDA,2024-05-31,1125.00,call,4.51,4.53,4.40,16,4.65,3,36,93,2024-05-17,0.68315,0.08340,0.00124,-0.68851,0.27785,0.02787
NVDA240531P01125000,NVDA,2024-05-31,1125.00,put,190.90,203.28,202.05,2,204.50,6,6,12,2024-05-17,0.72218,-0.90327,0.00131,-0.64840,0.31021,-0.39847
NVDA240531C01130000,NVDA,2024-05-31,1130.00,call,4.22,4.22,4.10,38,4.35,3,64,136,2024-05-17,0.68315,0.07843,0.00118,-0.65717,0.26526,0.02623
NVDA240531P01130000,NVDA,2024-05-31,1130.00,put,206.85,208.03,206.80,2,209.25,6,21,135,2024-05-17,0.72218,-0.90853,0.00126,-0.61467,0.29767,-0.40211
NVDA240531C01135000,NVDA,2024-05-31,1135.00,call,4.30,4.00,3.85,18,4.15,31,27,36,2024-05-17,0.68315,0.07371,0.00113,-0.62670,0.25301,0.02466
NVDA240531P01135000,NVDA,2024-05-31,1135.00,put,207.30,212.98,211.90,6,214.05,6,16,310,2024-05-17,0.72218,-0.91356,0.00120,-0.58169,0.28541,-0.40568
NVDA240531C01140000,NVDA,2024-05-31,1140.00,call,3.80,3.80,3.70,1,3.90,6,41,20,2024-05-17,0.68315,0.06923,0.00108,-0.59712,0.24112,0.02318
NVDA240531P01140000,NVDA,2024-05-31,1140.00,put,211.95,217.78,216.65,6,218.90,7,34,1,2024-05-17,0.74169,-0.91207,0.00119,-0.61070,0.28907,-0.40715
NVDA240531C01145000,NVDA,2024-05-31,1145.00,call,3.74,3.58,3.45,15,3.70,28,18,31,2024-05-17,0.70267,0.07099,0.00107,-0.62594,0.24583,0.02372
NVDA240531P01145000,NVDA,2024-05-31,1145.00,put,206.90,222.43,221.20,2,223.65,6,28,1,2024-05-17,0.74169,-0.91678,0.00114,-0.57845,0.27739,-0.41061
NVDA240531C01150000,NVDA,2024-05-31,1150.00,call,3.40,3.35,3.25,13,3.45,1,704,2242,2024-05-17,0.70267,0.06679,0.00102,-0.59709,0.23454,0.02234
NVDA240531P01150000,NVDA,2024-05-31,1150.00,put,225.85,227.50,226.35,5,228.65,2,10,2,2024-05-17,0.74169,-0.92128,0.00109,-0.54697,0.26599,-0.41400
NVDA240531C01155000,NVDA,2024-05-31,1155.00,call,3.26,3.17,3.05,35,3.30,5,76,94,2024-05-17,0.70267,0.06281,0.00097,-0.56912,0.22360,0.02102
NVDA240531P01155000,NVDA,2024-05-31,1155.00,put,224.15,232.05,230.80,2,233.30,6,6,48,2024-05-17,0.74169,-0.92557,0.00105,-0.51627,0.25488,-0.41733
NVDA240531C01160000,NVDA,2024-05-31,1160.00,call,3.01,3.02,2.89,14,3.15,4,39,61,2024-05-17,0.70267,0.05902,0.00092,-0.54204,0.21300,0.01976
NVDA240531P01160000,NVDA,2024-05-31,1160.00,put,235.43,236.90,235.65,2,238.15,6,574,29,2024-05-17,0.74169,-0.92967,0.00100,-0.48637,0.24406,-0.42059
NVDA240531C01165000,NVDA,2024-05-31,1165.00,call,2.79,2.85,2.74,10,2.95,5,50,65,2024-05-17,0.70267,0.05544,0.00088,-0.51586,0.20274,0.01857
NVDA240531P01165000,NVDA,2024-05-31,1165.00,put,234.65,241.75,240.50,2,243.00,6,14,138,2024-05-17,0.74169,-0.93357,0.00096,-0.45728,0.23354,-0.42379
NVDA240531C01170000,NVDA,2024-05-31,1170.00,call,2.63,2.66,2.59,12,2.73,6,40,83,2024-05-17,0.70267,0.05204,0.00084,-0.49057,0.19284,0.01744
NVDA240531P01170000,NVDA,2024-05-31,1170.00,put,244.95,246.93,245.65,6,248.20,2,4,25,2024-05-17,0.76120,-0.93181,0.00095,-0.48606,0.23833,-0.42516
NVDA240531C01180000,NVDA,2024-05-31,1180.00,call,2.45,2.42,2.33,5,2.52,5,16,43,2024-05-17,0.70267,0.04578,0.00076,-0.44266,0.17406,0.01536
NVDA240531P01180000,NVDA,2024-05-31,1180.00,put,248.80,256.65,255.45,6,257.85,8,16,85,2024-05-17,0.78071,-0.93372,0.00091,-0.48653,0.23316,-0.42965
NVDA240531C01190000,NVDA,2024-05-31,1190.00,call,2.17,2.16,2.09,13,2.23,15,62,78,2024-05-17,0.72218,0.04480,0.00072,-0.44689,0.17105,0.01501
NVDA240531P01190000,NVDA,2024-05-31,1190.00,put,264.05,266.20,264.90,2,267.50,6,14,59,2024-05-17,0.78071,-0.94053,0.00084,-0.43152,0.21426,-0.43572
NVDA240531C01200000,NVDA,2024-05-31,1200.00,call,1.95,1.95,1.90,1,2.00,2,673,1174,2024-05-17,0.72218,0.03948,0.00065,-0.40336,0.15443,0.01325
NVDA240531P01200000,NVDA,2024-05-31,1200.00,put,277.65,276.05,274.85,2,277.25,5,24,63,2024-05-17,0.80022,-0.94189,0.00080,-0.43380,0.21040,-0.44003
NVDA240531C01210000,NVDA,2024-05-31,1210.00,call,1.80,1.77,1.72,13,1.83,15,74,47,2024-05-17,0.72218,0.03473,0.00059,-0.36313,0.13907,0.01166
NVDA240531P01210000,NVDA,2024-05-31,1210.00,put,272.90,285.90,284.60,2,287.20,5,2,5,2024-05-17,0.80022,-0.94779,0.00074,-0.38283,0.19334,-0.44580
NVDA240531C01220000,NVDA,2024-05-31,1220.00,call,1.56,1.62,1.57,14,1.67,14,24,109,2024-05-17,0.74169,0.03434,0.00057,-0.36934,0.13778,0.01152
NVDA240531P01220000,NVDA,2024-05-31,1220.00,put,271.90,295.75,294.45,2,297.05,5,0,7,2024-05-17,0.81974,-0.94873,0.00071,-0.38663,0.19058,-0.44996
NVDA240531C01230000,NVDA,2024-05-31,1230.00,call,1.53,1.48,1.43,13,1.53,14,22,49,2024-05-17,0.74169,0.03028,0.00051,-0.33282,0.12418,0.01016
NVDA240531P01230000,NVDA,2024-05-31,1230.00,put,297.58,305.98,304.65,6,307.30,2,2,1,2024-05-17,0.85876,-0.94515,0.00071,-0.44430,0.20105,-0.45266
NVDA240531C01240000,NVDA,2024-05-31,1240.00,call,1.35,1.37,1.31,16,1.43,5,23,67,2024-05-17,0.74169,0.02665,0.00046,-0.29922,0.11167,0.00896
NVDA240531P01240000,NVDA,2024-05-31,1240.00,put,291.40,315.88,314.55,6,317.20,2,0,1,2024-05-17,0.85876,-0.95029,0.00066,-0.39583,0.18594,-0.45818
NVDA240531C01250000,NVDA,2024-05-31,1250.00,call,1.24,1.27,1.21,13,1.32,5,121,536,2024-05-17,0.76120,0.02662,0.00045,-0.30666,0.11155,0.00893
NVDA240531P01250000,NVDA,2024-05-31,1250.00,put,302.55,325.68,324.60,5,326.75,5,0,2,2024-05-17,0.87827,-0.95093,0.00064,-0.40120,0.18401,-0.46224
NVDA240531C01260000,NVDA,2024-05-31,1260.00,call,1.15,1.16,1.10,1,1.21,18,8,46,2024-05-17,0.76120,0.02349,0.00040,-0.27610,0.10046,0.00789
NVDA240531P01260000,NVDA,2024-05-31,1260.00,put,315.45,335.40,334.10,2,336.70,5,0,1,2024-05-17,0.87827,-0.95546,0.00059,-0.35603,0.17025,-0.46755
NVDA240531C01270000,NVDA,2024-05-31,1270.00,call,1.09,1.12,0.95,2,1.30,18,17,972,2024-05-17,0.78071,0.02359,0.00039,-0.28407,0.10080,0.00791
NVDA240531P01270000,NVDA,2024-05-31,1270.00,put,334.90,345.70,344.35,5,347.05,2,4,2,2024-05-17,0.91729,-0.95199,0.00060,-0.41335,0.18083,-0.47029
NVDA240531C01280000,NVDA,2024-05-31,1280.00,call,0.95,0.97,0.90,6,1.04,18,80,86,2024-05-17,0.78071,0.02087,0.00036,-0.25619,0.09092,0.00701
NVDA240531P01280000,NVDA,2024-05-31,1280.00,put,331.25,355.32,354.00,2,356.65,5,0,6,2024-05-17,0.91729,-0.95620,0.00056,-0.36933,0.16799,-0.47549
NVDA240531C01290000,NVDA,2024-05-31,1290.00,call,0.94,0.92,0.90,1,0.94,4,41,33,2024-05-17,0.78071,0.01845,0.00032,-0.23063,0.08187,0.00620
NVDA240531P01290000,NVDA,2024-05-31,1290.00,put,356.25,365.20,358.35,40,372.05,40,2,1,2024-05-17,0.91729,-0.96007,0.00052,-0.32766,0.15586,-0.48058
NVDA240531C01300000,NVDA,2024-05-31,1300.00,call,0.82,0.93,0.81,1,1.04,5,401,1062,2024-05-17,0.80022,0.01869,0.00032,-0.23900,0.08279,0.00627
NVDA240531P01300000,NVDA,2024-05-31,1300.00,put,365.11,375.55,374.30,5,376.80,2,4,0,2024-05-17,0.95632,-0.95671,0.00053,-0.38428,0.16639,-0.48336
NVDA240531C01310000,NVDA,2024-05-31,1310.00,call,0.77,0.80,0.76,20,0.85,21,10,57,2024-05-17,0.80022,0.01657,0.00028,-0.21558,0.07469,0.00556
NVDA240531P01310000,NVDA,2024-05-31,1310.00,put,375.37,385.48,384.20,6,386.75,2,4,0,2024-05-17,0.97583,-0.95690,0.00052,-0.39236,0.16581,-0.48727
NVDA240531C01320000,NVDA,2024-05-31,1320.00,call,0.72,0.75,0.70,26,0.80,23,10,40,2024-05-17,0.80022,0.01467,0.00026,-0.19415,0.06728,0.00493
NVDA240531P01320000,NVDA,2024-05-31,1320.00,put,394.85,395.05,388.30,40,401.80,40,63,0,2024-05-17,0.97583,-0.96042,0.00048,-0.35190,0.15474,-0.49224
NVDA240531C01330000,NVDA,2024-05-31,1330.00,call,0.69,0.70,0.65,28,0.75,24,5,36,2024-05-17,0.81974,0.01499,0.00025,-0.20260,0.06855,0.00503
NVDA240531P01330000,NVDA,2024-05-31,1330.00,put,404.87,405.12,398.30,40,411.95,40,128,0,2024-05-17,0.99534,-0.96046,0.00047,-0.36071,0.15460,-0.49610
NVDA240531C01340000,NVDA,2024-05-31,1340.00,call,0.65,0.68,0.61,26,0.75,24,6,44,2024-05-17,0.81974,0.01331,0.00023,-0.18287,0.06188,0.00447
NVDA240531P01340000,NVDA,2024-05-31,1340.00,put,419.09,415.10,413.80,2,416.40,5,98,0,2024-05-17,1.01485,-0.96048,0.00046,-0.36988,0.15457,-0.49995
NVDA240531C01350000,NVDA,2024-05-31,1350.00,call,0.60,0.61,0.57,27,0.66,38,46,235,2024-05-17,0.81974,0.01181,0.00021,-0.16482,0.05578,0.00397
NVDA240531P01350000,NVDA,2024-05-31,1350.00,put,417.25,425.02,418.25,40,431.80,40,116,0,2024-05-17,1.01485,-0.96356,0.00043,-0.33206,0.14464,-0.50478
NVDA240531C01360000,NVDA,2024-05-31,1360.00,call,0.57,0.65,0.49,5,0.80,27,11,14,2024-05-17,0.83925,0.01217,0.00021,-0.17315,0.05725,0.00408
NVDA240531P01360000,NVDA,2024-05-31,1360.00,put,426.45,434.58,427.35,40,441.80,40,177,0,2024-05-17,1.01485,-0.96643,0.00041,-0.29613,0.13522,-0.50954
NVDA240531C01370000,NVDA,2024-05-31,1370.00,call,0.50,0.61,0.46,15,0.76,16,5,41,2024-05-17,0.85876,0.01253,0.00021,-0.18173,0.05873,0.00420
NVDA240531P01370000,NVDA,2024-05-31,1370.00,put,424.86,445.10,443.80,2,446.40,5,0,0,2024-05-17,1.05388,-0.96335,0.00042,-0.35192,0.14533,-0.51240
NVDA240531C01380000,NVDA,2024-05-31,1380.00,call,0.49,0.54,0.43,5,0.65,7,61,58,2024-05-17,0.85876,0.01119,0.00019,-0.16477,0.05326,0.00375
NVDA240531P01380000,NVDA,2024-05-31,1380.00,put,0.00,454.38,447.20,40,461.55,40,0,0,2024-05-17,1.01485,-0.97156,0.00035,-0.22976,0.11789,-0.51887
NVDA240531C01390000,NVDA,2024-05-31,1390.00,call,0.41,0.55,0.40,17,0.70,32,9,75,2024-05-17,0.87827,0.01157,0.00019,-0.17337,0.05480,0.00387
NVDA240531P01390000,NVDA,2024-05-31,1390.00,put,462.73,464.50,457.25,40,471.75,40,0,0,2024-05-17,1.05388,-0.96864,0.00037,-0.28252,0.12784,-0.52177
NVDA240531C01400000,NVDA,2024-05-31,1400.00,call,0.39,0.45,0.40,39,0.50,1,38,169,2024-05-17,0.85876,0.00891,0.00015,-0.13500,0.04365,0.00299
NVDA240531P01400000,NVDA,2024-05-31,1400.00,put,442.63,474.50,467.25,40,481.75,40,0,0,2024-05-17,1.07339,-0.96839,0.00037,-0.29322,0.12868,-0.52553
NVDA240531C01450000,NVDA,2024-05-31,1450.00,call,0.34,0.33,0.28,1,0.38,19,74,110,2024-05-17,0.89778,0.00698,0.00012,-0.11375,0.03520,0.00234
NVDA240531P01450000,NVDA,2024-05-31,1450.00,put,513.86,524.75,517.70,40,531.80,40,2,0,2024-05-17,1.17095,-0.96694,0.00035,-0.35124,0.13354,-0.54428
NVDA240531C01500000,NVDA,2024-05-31,1500.00,call,0.27,0.24,0.20,40,0.29,43,313,483,2024-05-17,0.91729,0.00478,0.00008,-0.08311,0.02518,0.00161
NVDA240531P01500000,NVDA,2024-05-31,1500.00,put,546.85,574.60,567.25,40,581.95,40,0,0,2024-05-17,1.22948,-0.96993,0.00031,-0.32734,0.12349,-0.56442
NVDA240531C01550000,NVDA,2024-05-31,1550.00,call,0.21,0.20,0.15,18,0.25,67,13,107,2024-05-17,0.95632,0.00399,0.00007,-0.07364,0.02141,0.00134
NVDA240531P01550000,NVDA,2024-05-31,1550.00,put,0.00,624.85,617.35,40,632.35,40,0,0,2024-05-17,1.32704,-0.96779,0.00030,-0.39748,0.13069,-0.58294
NVDA240531C01600000,NVDA,2024-05-31,1600.00,call,0.15,0.15,0.10,1,0.21,13,66,730,2024-05-17,0.97583,0.00287,0.00005,-0.05588,0.01593,0.00096
NVDA240531P01600000,NVDA,2024-05-31,1600.00,put,727.90,674.85,667.35,40,682.35,40,0,0,2024-05-17,1.40509,-0.96763,0.00028,-0.42930,0.13123,-0.60209
NVDA240531C01650000,NVDA,2024-05-31,1650.00,call,0.14,0.12,0.11,1,0.14,37,98,339,2024-05-17,1.01485,0.00253,0.00004,-0.05181,0.01421,0.00085
NVDA240531P01650000,NVDA,2024-05-31,1650.00,put,0.00,724.55,717.35,40,731.75,40,0,0,2024-05-17,1.44411,-0.97118,0.00025,-0.37781,0.11920,-0.62237
NVDA240531C01700000,NVDA,2024-05-31,1700.00,call,0.10,0.07,0.03,40,0.11,29,58,255,2024-05-17,1.01485,0.00157,0.00003,-0.03362,0.00922,0.00053
NVDA240531P01700000,NVDA,2024-05-31,1700.00,put,0.00,774.45,767.15,40,781.75,40,0,0,2024-05-17,1.50265,-0.97223,0.00023,-0.37579,0.11556,-0.64188
NVDA240531C01750000,NVDA,2024-05-31,1750.00,call,0.08,0.08,0.05,23,0.10,16,225,1392,2024-05-17,1.05388,0.00146,0.00002,-0.03254,0.00860,0.00049
NVDA240531P01750000,NVDA,2024-05-31,1750.00,put,0.00,824.45,817.15,40,831.75,40,0,0,2024-05-17,1.58069,-0.97121,0.00023,-0.42079,0.11910,-0.66075
NVDA240607C00260000,NVDA,2024-06-07,260.00,call,0.00,665.50,663.95,2,667.05,2,0,0,2024-05-17,0.01976,1.00000,0.00000,-0.03785,0.00000,0.14913
NVDA240607P00260000,NVDA,2024-06-07,260.00,put,0.01,0.01,0.00,0,0.27,37,0,34,2024-05-17,1.52216,-0.00012,0.00000,-0.00385,0.00107,-0.00007
NVDA240607C00280000,NVDA,2024-06-07,280.00,call,0.00,645.58,644.00,2,647.15,2,0,0,2024-05-17,0.01976,1.00000,0.00000,-0.04076,0.00000,0.16060
NVDA240607P00280000,NVDA,2024-06-07,280.00,put,0.00,0.01,0.00,0,0.10,90,0,0,2024-05-17,1.42460,-0.00012,0.00000,-0.00347,0.00103,-0.00007
NVDA240607C00290000,NVDA,2024-06-07,290.00,call,0.00,635.62,634.05,2,637.20,2,0,0,2024-05-17,0.01976,1.00000,0.00000,-0.04222,0.00000,0.16634
NVDA240607P00290000,NVDA,2024-06-07,290.00,put,0.00,0.01,0.00,0,0.10,88,0,0,2024-05-17,1.38558,-0.00012,0.00000,-0.00352,0.00107,-0.00007
NVDA240607C00300000,NVDA,2024-06-07,300.00,call,0.00,625.62,624.20,2,627.05,2,0,0,2024-05-17,0.01976,1.00000,0.00000,-0.04367,0.00000,0.17207
NVDA240607P00300000,NVDA,2024-06-07,300.00,put,0.01,0.03,0.01,3,0.06,46,0,1,2024-05-17,1.46362,-0.00035,0.00000,-0.00977,0.00282,-0.00020
NVDA240607C00310000,NVDA,2024-06-07,310.00,call,600.24,615.67,614.10,2,617.25,2,0,1,2024-05-17,0.01976,1.00000,0.00000,-0.04513,0.00000,0.17781
NVDA240607P00310000,NVDA,2024-06-07,310.00,put,0.00,0.01,0.00,0,0.10,43,0,0,2024-05-17,1.30753,-0.00013,0.00000,-0.00349,0.00113,-0.00008
NVDA240607C00320000,NVDA,2024-06-07,320.00,call,0.00,605.72,604.15,2,607.30,2,0,0,2024-05-17,0.01976,1.00000,0.00000,-0.04659,0.00000,0.18355
NVDA240607P00320000,NVDA,2024-06-07,320.00,put,0.03,0.01,0.00,0,0.28,37,0,10,2024-05-17,1.26851,-0.00013,0.00000,-0.00340,0.00113,-0.00008
NVDA240607C00330000,NVDA,2024-06-07,330.00,call,513.23,595.72,594.15,2,597.30,2,0,1,2024-05-17,0.01976,1.00000,0.00000,-0.04804,0.00000,0.18928
NVDA240607P00330000,NVDA,2024-06-07,330.00,put,0.12,0.07,0.01,4,0.13,5,0,2,2024-05-17,1.42460,-0.00070,0.00001,-0.01810,0.00537,-0.00041
NVDA240607C00340000,NVDA,2024-06-07,340.00,call,0.00,585.78,584.20,2,587.35,2,0,0,2024-05-17,0.01976,1.00000,0.00000,-0.04950,0.00000,0.19502
NVDA240607P00340000,NVDA,2024-06-07,340.00,put,0.08,0.01,0.00,0,0.13,5,0,2,2024-05-17,1.20997,-0.00016,0.00000,-0.00384,0.00134,-0.00009
NVDA240607C00350000,NVDA,2024-06-07,350.00,call,560.65,575.80,574.35,2,577.25,2,0,1,2024-05-17,0.01976,1.00000,0.00000,-0.05095,0.00000,0.20075
NVDA240607P00350000,NVDA,2024-06-07,350.00,put,0.09,0.01,0.00,0,0.07,42,0,5,2024-05-17,1.17095,-0.00015,0.00000,-0.00362,0.00131,-0.00009
NVDA240607C00360000,NVDA,2024-06-07,360.00,call,543.70,565.85,564.30,2,567.40,2,0,1,2024-05-17,0.01976,1.00000,0.00000,-0.05241,0.00000,0.20649
NVDA240607P00360000,NVDA,2024-06-07,360.00,put,0.21,0.08,0.01,4,0.15,33,0,1,2024-05-17,1.32704,-0.00087,0.00001,-0.02054,0.00654,-0.00050
NVDA240607C00370000,NVDA,2024-06-07,370.00,call,530.79,555.92,554.40,2,557.45,2,0,1,2024-05-17,0.01976,1.00000,0.00000,-0.05386,0.00000,0.21222
NVDA240607P00370000,NVDA,2024-06-07,370.00,put,0.00,0.07,0.02,5,0.13,97,0,0,2024-05-17,1.28802,-0.00088,0.00001,-0.02014,0.00661,-0.00051
NVDA240607C00380000,NVDA,2024-06-07,380.00,call,0.00,545.92,544.35,2,547.50,2,0,0,2024-05-17,0.01976,1.00000,0.00000,-0.05532,0.00000,0.21796
NVDA240607P00380000,NVDA,2024-06-07,380.00,put,0.00,0.07,0.01,4,0.13,91,0,0,2024-05-17,1.24899,-0.00088,0.00001,-0.01957,0.00663,-0.00051
NVDA240607C00390000,NVDA,2024-06-07,390.00,call,538.45,535.97,534.40,2,537.55,2,1,6,2024-05-17,0.01976,1.00000,0.00000,-0.05678,0.00000,0.22370
NVDA240607P00390000,NVDA,2024-06-07,390.00,put,0.08,0.01,0.00,0,0.18,26,0,4,2024-05-17,1.03437,-0.00015,0.00000,-0.00313,0.00128,-0.00008
NVDA240607C00400000,NVDA,2024-06-07,400.00,call,0.00,526.00,524.55,2,527.45,2,0,0,2024-05-17,0.01976,1.00000,0.00000,-0.05823,0.00000,0.22943
NVDA240607P00400000,NVDA,2024-06-07,400.00,put,0.07,0.01,0.00,0,0.11,49,4,12,2024-05-17,1.01485,-0.00017,0.00000,-0.00353,0.00147,-0.00010
NVDA240607C00410000,NVDA,2024-06-07,410.00,call,0.00,516.05,514.50,2,517.60,2,0,0,2024-05-17,0.93681,0.99991,0.00000,-0.06145,0.00079,0.23512
NVDA240607P00410000,NVDA,2024-06-07,410.00,put,0.10,0.01,0.00,0,0.21,12,0,2,2024-05-17,0.97583,-0.00016,0.00000,-0.00307,0.00133,-0.00009
NVDA240607C00420000,NVDA,2024-06-07,420.00,call,0.00,506.07,504.50,2,507.65,2,0,0,2024-05-17,0.01976,1.00000,0.00000,-0.06114,0.00000,0.24090
NVDA240607P00420000,NVDA,2024-06-07,420.00,put,0.07,0.01,0.00,0,0.35,37,0,6,2024-05-17,0.95632,-0.00018,0.00000,-0.00343,0.00152,-0.00010
NVDA240607C00430000,NVDA,2024-06-07,430.00,call,0.00,496.17,494.65,2,497.70,2,0,0,2024-05-17,1.07339,0.99908,0.00001,-0.08015,0.00692,0.24611
NVDA240607P00430000,NVDA,2024-06-07,430.00,put,0.10,0.01,0.00,0,0.23,4,0,1,2024-05-17,0.93681,-0.00020,0.00000,-0.00380,0.00172,-0.00012
NVDA240607C00440000,NVDA,2024-06-07,440.00,call,0.00,486.18,484.60,2,487.75,2,0,0,2024-05-17,1.01485,0.99928,0.00001,-0.07733,0.00554,0.25196
NVDA240607P00440000,NVDA,2024-06-07,440.00,put,0.09,0.08,0.02,5,0.15,2,3,9,2024-05-17,1.05388,-0.00105,0.00002,-0.01937,0.00778,-0.00060
NVDA240607C00450000,NVDA,2024-06-07,450.00,call,436.06,476.23,474.80,2,477.65,2,0,1,2024-05-17,1.01485,0.99901,0.00001,-0.08324,0.00740,0.25755
NVDA240607P00450000,NVDA,2024-06-07,450.00,put,0.07,0.12,0.06,47,0.17,49,0,20,2024-05-17,1.07339,-0.00165,0.00002,-0.02993,0.01181,-0.00095
NVDA240607C00460000,NVDA,2024-06-07,460.00,call,0.00,466.27,464.70,2,467.85,2,0,0,2024-05-17,0.99534,0.99888,0.00002,-0.08639,0.00827,0.26321
NVDA240607P00460000,NVDA,2024-06-07,460.00,put,0.12,0.14,0.01,5,0.27,13,5,6,2024-05-17,1.05388,-0.00186,0.00003,-0.03276,0.01316,-0.00107
NVDA240607C00470000,NVDA,2024-06-07,470.00,call,417.76,456.35,455.10,7,457.60,7,0,1,2024-05-17,1.01485,0.99822,0.00003,-0.09873,0.01265,0.26856
NVDA240607P00470000,NVDA,2024-06-07,470.00,put,0.24,0.01,0.00,0,0.43,37,0,1,2024-05-17,0.81974,-0.00019,0.00000,-0.00307,0.00159,-0.00011
NVDA240607C00480000,NVDA,2024-06-07,480.00,call,0.00,446.40,445.15,7,447.65,7,0,0,2024-05-17,0.99534,0.99801,0.00003,-0.10284,0.01403,0.27418
NVDA240607P00480000,NVDA,2024-06-07,480.00,put,0.13,0.27,0.10,13,0.43,1,0,27,2024-05-17,1.07339,-0.00360,0.00005,-0.06054,0.02389,-0.00208
NVDA240607C00490000,NVDA,2024-06-07,490.00,call,456.48,436.32,434.95,2,437.70,7,0,1,2024-05-17,0.83925,0.99946,0.00001,-0.07965,0.00420,0.28075
NVDA240607P00490000,NVDA,2024-06-07,490.00,put,0.19,0.22,0.12,6,0.32,31,14,2,2024-05-17,1.01485,-0.00304,0.00004,-0.04917,0.02053,-0.00174
NVDA240607C00500000,NVDA,2024-06-07,500.00,call,448.90,426.50,425.35,6,427.65,6,0,31,2024-05-17,0.95632,0.99751,0.00004,-0.11142,0.01712,0.28537
NVDA240607P00500000,NVDA,2024-06-07,500.00,put,0.22,0.21,0.16,44,0.26,40,550,15,2024-05-17,0.97583,-0.00291,0.00004,-0.04549,0.01976,-0.00167
NVDA240607C00510000,NVDA,2024-06-07,510.00,call,0.00,416.58,415.30,7,417.85,8,0,0,2024-05-17,0.95632,0.99676,0.00005,-0.12328,0.02174,0.29067
NVDA240607P00510000,NVDA,2024-06-07,510.00,put,0.47,0.20,0.03,5,0.36,69,0,13,2024-05-17,0.93681,-0.00276,0.00004,-0.04164,0.01885,-0.00158
NVDA240607C00520000,NVDA,2024-06-07,520.00,call,414.61,406.62,405.35,7,407.90,7,2,0,2024-05-17,0.93681,0.99641,0.00005,-0.12841,0.02386,0.29621
NVDA240607P00520000,NVDA,2024-06-07,520.00,put,0.30,0.17,0.04,5,0.30,17,0,23,2024-05-17,0.89778,-0.00259,0.00004,-0.03764,0.01778,-0.00147
NVDA240607C00530000,NVDA,2024-06-07,530.00,call,0.00,396.67,395.40,7,397.95,7,0,0,2024-05-17,0.91729,0.99602,0.00006,-0.13367,0.02614,0.30173
NVDA240607P00530000,NVDA,2024-06-07,530.00,put,0.20,0.27,0.15,48,0.38,90,0,517,2024-05-17,0.91729,-0.00398,0.00006,-0.05652,0.02614,-0.00227
NVDA240607C00540000,NVDA,2024-06-07,540.00,call,0.00,386.75,385.50,7,388.00,8,0,0,2024-05-17,0.89778,0.99561,0.00006,-0.13907,0.02858,0.30723
NVDA240607P00540000,NVDA,2024-06-07,540.00,put,0.24,0.32,0.05,37,0.58,1,0,7,2024-05-17,0.89778,-0.00439,0.00006,-0.06046,0.02858,-0.00251
NVDA240607C00550000,NVDA,2024-06-07,550.00,call,346.00,376.80,375.65,6,377.95,6,0,20,2024-05-17,0.87827,0.99515,0.00007,-0.14460,0.03120,0.31271
NVDA240607P00550000,NVDA,2024-06-07,550.00,put,0.22,0.34,0.29,55,0.39,32,0,53,2024-05-17,0.87827,-0.00485,0.00007,-0.06453,0.03120,-0.00276
NVDA240607C00560000,NVDA,2024-06-07,560.00,call,319.09,366.85,365.60,7,368.10,7,0,2,2024-05-17,0.85876,0.99466,0.00008,-0.15026,0.03400,0.31817
NVDA240607P00560000,NVDA,2024-06-07,560.00,put,0.20,0.28,0.11,48,0.45,10,0,13,2024-05-17,0.83925,-0.00456,0.00007,-0.05834,0.02953,-0.00259
NVDA240607C00570000,NVDA,2024-06-07,570.00,call,0.00,356.92,355.65,7,358.20,7,0,0,2024-05-17,0.83925,0.99413,0.00009,-0.15605,0.03699,0.32360
NVDA240607P00570000,NVDA,2024-06-07,570.00,put,0.24,0.30,0.14,48,0.47,20,0,18,2024-05-17,0.81974,-0.00501,0.00008,-0.06200,0.03214,-0.00284
NVDA240607C00580000,NVDA,2024-06-07,580.00,call,326.06,347.00,345.75,7,348.25,7,0,1,2024-05-17,0.81974,0.99355,0.00010,-0.16196,0.04020,0.32901
NVDA240607P00580000,NVDA,2024-06-07,580.00,put,0.36,0.32,0.17,38,0.47,1,1,9,2024-05-17,0.80022,-0.00550,0.00009,-0.06576,0.03493,-0.00312
NVDA240607C00585000,NVDA,2024-06-07,585.00,call,344.12,342.02,340.75,7,343.30,7,2,1,2024-05-17,0.81974,0.99272,0.00011,-0.17148,0.04476,0.33140
NVDA240607P00585000,NVDA,2024-06-07,585.00,put,0.60,0.47,0.19,37,0.76,37,0,18,2024-05-17,0.81974,-0.00728,0.00011,-0.08632,0.04476,-0.00414
NVDA240607C00590000,NVDA,2024-06-07,590.00,call,0.00,336.90,335.50,2,338.30,7,0,0,2024-05-17,0.76120,0.99491,0.00009,-0.14422,0.03259,0.33554
NVDA240607P00590000,NVDA,2024-06-07,590.00,put,0.28,0.38,0.22,1,0.53,12,0,6,2024-05-17,0.78071,-0.00604,0.00010,-0.06961,0.03791,-0.00342
NVDA240607C00595000,NVDA,2024-06-07,595.00,call,280.14,331.95,330.50,2,333.40,7,0,8,2024-05-17,0.76120,0.99419,0.00010,-0.15223,0.03666,0.33800
NVDA240607P00595000,NVDA,2024-06-07,595.00,put,0.28,0.39,0.23,48,0.55,12,0,17,2024-05-17,0.78071,-0.00685,0.00011,-0.07785,0.04241,-0.00388
NVDA240607C00600000,NVDA,2024-06-07,600.00,call,307.32,327.00,325.70,2,328.30,6,0,117,2024-05-17,0.76120,0.99339,0.00011,-0.16091,0.04111,0.34041
NVDA240607P00600000,NVDA,2024-06-07,600.00,put,0.50,0.52,0.46,60,0.57,48,63,270,2024-05-17,0.80022,-0.00899,0.00014,-0.10136,0.05388,-0.00511
NVDA240607C00605000,NVDA,2024-06-07,605.00,call,344.29,322.17,320.90,7,323.45,7,0,3,2024-05-17,0.78071,0.99125,0.00014,-0.18460,0.05261,0.34205
NVDA240607P00605000,NVDA,2024-06-07,605.00,put,0.50,0.43,0.27,48,0.59,12,2,5,2024-05-17,0.76120,-0.00750,0.00012,-0.08222,0.04596,-0.00425
NVDA240607C00610000,NVDA,2024-06-07,610.00,call,314.86,317.23,315.95,7,318.50,7,1,1,2024-05-17,0.78071,0.99015,0.00015,-0.19583,0.05834,0.34429
NVDA240607P00610000,NVDA,2024-06-07,610.00,put,0.38,0.58,0.30,37,0.86,37,0,27,2024-05-17,0.78071,-0.00985,0.00015,-0.10703,0.05834,-0.00559
NVDA240607C00615000,NVDA,2024-06-07,615.00,call,0.00,312.27,311.00,7,313.55,8,0,0,2024-05-17,0.76120,0.99042,0.00015,-0.19137,0.05695,0.34732
NVDA240607P00615000,NVDA,2024-06-07,615.00,put,0.53,0.60,0.32,46,0.89,35,3,19,2024-05-17,0.76120,-0.00958,0.00015,-0.10184,0.05695,-0.00543
NVDA240607C00620000,NVDA,2024-06-07,620.00,call,330.46,307.45,306.05,7,308.85,2,0,10,2024-05-17,0.78071,0.98762,0.00019,-0.22076,0.07117,0.34858
NVDA240607P00620000,NVDA,2024-06-07,620.00,put,0.45,0.51,0.35,44,0.67,16,1,39,2024-05-17,0.74169,-0.00929,0.00015,-0.09659,0.05545,-0.00526
NVDA240607C00625000,NVDA,2024-06-07,625.00,call,327.36,302.50,301.10,9,303.90,2,0,12,2024-05-17,0.76120,0.98790,0.00019,-0.21569,0.06977,0.35162
NVDA240607P00625000,NVDA,2024-06-07,625.00,put,0.48,0.54,0.38,42,0.70,21,1,63,2024-05-17,0.72218,-0.00899,0.00015,-0.09129,0.05384,-0.00507
NVDA240607C00630000,NVDA,2024-06-07,630.00,call,297.26,297.55,296.15,7,298.95,2,5,0,2024-05-17,0.76120,0.98646,0.00021,-0.22915,0.07691,0.35366
NVDA240607P00630000,NVDA,2024-06-07,630.00,put,0.52,0.69,0.41,40,0.97,30,2,47,2024-05-17,0.74169,-0.01179,0.00019,-0.11882,0.06825,-0.00668
NVDA240607C00635000,NVDA,2024-06-07,635.00,call,275.36,292.52,291.35,2,293.70,9,0,1,2024-05-17,0.74169,0.98677,0.00021,-0.22368,0.07539,0.35672
NVDA240607P00635000,NVDA,2024-06-07,635.00,put,0.48,0.60,0.44,41,0.77,5,0,23,2024-05-17,0.70267,-0.00982,0.00017,-0.09598,0.05821,-0.00554
NVDA240607C00640000,NVDA,2024-06-07,640.00,call,282.98,287.73,286.40,2,289.05,2,0,0,2024-05-17,0.74169,0.98520,0.00023,-0.23772,0.08306,0.35869
NVDA240607P00640000,NVDA,2024-06-07,640.00,put,0.70,0.70,0.58,98,0.81,39,2,629,2024-05-17,0.72218,-0.01290,0.00021,-0.12495,0.07375,-0.00730
NVDA240607C00645000,NVDA,2024-06-07,645.00,call,259.59,282.62,281.45,2,283.80,9,0,4,2024-05-17,0.72218,0.98553,0.00023,-0.23184,0.08143,0.36176
NVDA240607P00645000,NVDA,2024-06-07,645.00,put,0.74,0.69,0.52,35,0.86,1,2,1179,2024-05-17,0.70267,-0.01254,0.00021,-0.11859,0.07196,-0.00708
NVDA240607C00650000,NVDA,2024-06-07,650.00,call,286.25,277.85,276.65,5,279.05,2,2,2,2024-05-17,0.72218,0.98381,0.00025,-0.24649,0.08967,0.36365
NVDA240607P00650000,NVDA,2024-06-07,650.00,put,0.57,0.83,0.78,33,0.89,28,1,142,2024-05-17,0.70267,-0.01410,0.00023,-0.13124,0.07965,-0.00797
NVDA240607C00655000,NVDA,2024-06-07,655.00,call,281.88,272.93,271.60,5,274.25,2,3,1,2024-05-17,0.72218,0.98194,0.00028,-0.26208,0.09848,0.36545
NVDA240607P00655000,NVDA,2024-06-07,655.00,put,0.70,0.79,0.62,31,0.96,25,3,752,2024-05-17,0.68315,-0.01370,0.00023,-0.12445,0.07772,-0.00773
NVDA240607C00660000,NVDA,2024-06-07,660.00,call,222.95,267.82,266.65,2,269.00,9,0,4,2024-05-17,0.70267,0.98231,0.00028,-0.25544,0.09677,0.36854
NVDA240607P00660000,NVDA,2024-06-07,660.00,put,1.00,0.88,0.74,19,1.02,17,11,283,2024-05-17,0.68315,-0.01542,0.00026,-0.13768,0.08600,-0.00871
NVDA240607C00665000,NVDA,2024-06-07,665.00,call,0.00,262.68,261.25,2,264.10,9,0,0,2024-05-17,0.66364,0.98502,0.00026,-0.22727,0.08392,0.37299
NVDA240607P00665000,NVDA,2024-06-07,665.00,put,1.04,1.00,0.87,18,1.13,16,14,44,2024-05-17,0.68315,-0.01729,0.00028,-0.15187,0.09490,-0.00978
NVDA240607C00670000,NVDA,2024-06-07,670.00,call,272.30,258.00,256.80,2,259.20,9,1,6,2024-05-17,0.68315,0.98065,0.00031,-0.26459,0.10441,0.37335
NVDA240607P00670000,NVDA,2024-06-07,670.00,put,0.79,1.06,0.96,10,1.17,1,10,113,2024-05-17,0.68315,-0.01935,0.00031,-0.16705,0.10441,-0.01095
NVDA240607C00675000,NVDA,2024-06-07,675.00,call,233.09,252.93,251.60,5,254.25,8,0,1,2024-05-17,0.66364,0.98109,0.00031,-0.25738,0.10241,0.37649
NVDA240607P00675000,NVDA,2024-06-07,675.00,put,1.17,1.11,1.01,1,1.22,14,13,64,2024-05-17,0.66364,-0.01891,0.00031,-0.15911,0.10241,-0.01068
NVDA240607C00680000,NVDA,2024-06-07,680.00,call,276.85,248.18,247.00,2,249.35,9,0,6,2024-05-17,0.66364,0.97884,0.00034,-0.27394,0.11264,0.37808
NVDA240607P00680000,NVDA,2024-06-07,680.00,put,1.17,1.21,1.11,15,1.30,6,13,105,2024-05-17,0.66364,-0.02116,0.00034,-0.17495,0.11264,-0.01196
NVDA240607C00685000,NVDA,2024-06-07,685.00,call,272.15,243.27,242.10,2,244.45,9,0,5,2024-05-17,0.66364,0.97639,0.00038,-0.29155,0.12354,0.37955
NVDA240607P00685000,NVDA,2024-06-07,685.00,put,1.32,1.32,1.25,20,1.40,30,5,82,2024-05-17,0.66364,-0.02361,0.00038,-0.19182,0.12354,-0.01335
NVDA240607C00690000,NVDA,2024-06-07,690.00,call,229.75,238.32,237.05,10,239.60,9,0,7,2024-05-17,0.64413,0.97685,0.00038,-0.28351,0.12152,0.38270
NVDA240607P00690000,NVDA,2024-06-07,690.00,put,1.53,1.43,1.35,24,1.50,29,3,128,2024-05-17,0.66364,-0.02627,0.00041,-0.20974,0.13513,-0.01487
NVDA240607C00695000,NVDA,2024-06-07,695.00,call,167.95,233.52,232.35,2,234.70,9,0,1,2024-05-17,0.64413,0.97417,0.00042,-0.30182,0.13324,0.38404
NVDA240607P00695000,NVDA,2024-06-07,695.00,put,1.68,1.52,1.46,22,1.58,10,8,118,2024-05-17,0.64413,-0.02583,0.00042,-0.20064,0.13324,-0.01459
NVDA240607C00700000,NVDA,2024-06-07,700.00,call,204.34,228.72,227.45,6,230.00,2,0,9,2024-05-17,0.64413,0.97125,0.00046,-0.32119,0.14567,0.38525
NVDA240607P00700000,NVDA,2024-06-07,700.00,put,1.63,1.64,1.58,16,1.70,15,140,631,2024-05-17,0.64413,-0.02875,0.00046,-0.21928,0.14567,-0.01626
NVDA240607C00705000,NVDA,2024-06-07,705.00,call,213.10,223.65,222.35,2,224.95,7,0,3,2024-05-17,0.62462,0.97172,0.00047,-0.31232,0.14372,0.38841
NVDA240607P00705000,NVDA,2024-06-07,705.00,put,1.83,1.77,1.71,16,1.84,16,21,62,2024-05-17,0.64413,-0.03191,0.00050,-0.23900,0.15882,-0.01806
NVDA240607C00710000,NVDA,2024-06-07,710.00,call,208.95,219.12,217.80,2,220.45,2,0,14,2024-05-17,0.64413,0.96468,0.00054,-0.36314,0.17270,0.38723
NVDA240607P00710000,NVDA,2024-06-07,710.00,put,2.19,1.93,1.86,16,1.99,15,17,89,2024-05-17,0.62462,-0.03148,0.00051,-0.22908,0.15707,-0.01778
NVDA240607C00715000,NVDA,2024-06-07,715.00,call,225.60,214.32,213.00,5,215.65,2,2,3,2024-05-17,0.64413,0.96099,0.00059,-0.38570,0.18728,0.38799
NVDA240607P00715000,NVDA,2024-06-07,715.00,put,2.07,2.09,2.03,15,2.16,15,28,119,2024-05-17,0.62462,-0.03494,0.00056,-0.24956,0.17118,-0.01976
NVDA240607C00720000,NVDA,2024-06-07,720.00,call,211.50,209.28,208.65,1,209.90,1,11,24,2024-05-17,0.62462,0.96131,0.00061,-0.37593,0.18603,0.39108
NVDA240607P00720000,NVDA,2024-06-07,720.00,put,2.21,2.28,2.21,15,2.35,16,17,203,2024-05-17,0.62462,-0.03869,0.00061,-0.27111,0.18603,-0.02189
NVDA240607C00725000,NVDA,2024-06-07,725.00,call,222.23,204.50,203.85,1,205.15,1,0,15,2024-05-17,0.62462,0.95728,0.00066,-0.39927,0.20163,0.39165
NVDA240607P00725000,NVDA,2024-06-07,725.00,put,2.54,2.49,2.41,14,2.56,14,29,214,2024-05-17,0.62462,-0.04272,0.00066,-0.29372,0.20163,-0.02420
NVDA240607C00730000,NVDA,2024-06-07,730.00,call,221.50,199.72,199.10,5,200.35,1,0,13,2024-05-17,0.62462,0.95294,0.00071,-0.42364,0.21796,0.39203
NVDA240607P00730000,NVDA,2024-06-07,730.00,put,2.76,2.73,2.63,14,2.83,1,26,258,2024-05-17,0.62462,-0.04706,0.00071,-0.31737,0.21796,-0.02668
NVDA240607C00735000,NVDA,2024-06-07,735.00,call,210.25,195.03,194.40,1,195.65,1,2,1,2024-05-17,0.62462,0.94829,0.00076,-0.44902,0.23499,0.39223
NVDA240607P00735000,NVDA,2024-06-07,735.00,put,2.98,2.96,2.88,5,3.05,15,17,135,2024-05-17,0.60511,-0.04684,0.00073,-0.30614,0.21716,-0.02651
NVDA240607C00740000,NVDA,2024-06-07,740.00,call,185.18,190.32,189.70,1,190.95,1,3,86,2024-05-17,0.60511,0.94840,0.00079,-0.43829,0.23459,0.39523
NVDA240607P00740000,NVDA,2024-06-07,740.00,put,3.25,3.25,3.15,15,3.35,19,11,180,2024-05-17,0.60511,-0.05160,0.00079,-0.33056,0.23459,-0.02922
NVDA240607C00745000,NVDA,2024-06-07,745.00,call,200.05,185.68,185.10,5,186.25,1,2,4,2024-05-17,0.60511,0.94331,0.00085,-0.46443,0.25274,0.39518
NVDA240607P00745000,NVDA,2024-06-07,745.00,put,3.80,3.55,3.40,9,3.70,5,12,129,2024-05-17,0.60511,-0.05669,0.00085,-0.35597,0.25274,-0.03214
NVDA240607C00750000,NVDA,2024-06-07,750.00,call,198.40,181.43,180.40,15,182.45,1,24,3179,2024-05-17,0.62462,0.93237,0.00094,-0.53076,0.29004,0.39168
NVDA240607P00750000,NVDA,2024-06-07,750.00,put,3.90,3.90,3.75,10,4.05,14,89,456,2024-05-17,0.60511,-0.06214,0.00091,-0.38232,0.27158,-0.03526
NVDA240607C00755000,NVDA,2024-06-07,755.00,call,193.60,176.38,175.75,1,177.00,1,2,5,2024-05-17,0.60511,0.93206,0.00098,-0.51947,0.29107,0.39446
NVDA240607P00755000,NVDA,2024-06-07,755.00,put,4.20,4.28,4.10,7,4.45,12,49,128,2024-05-17,0.60511,-0.06794,0.00098,-0.40956,0.29107,-0.03860
NVDA240607C00760000,NVDA,2024-06-07,760.00,call,171.95,171.80,170.35,5,173.25,1,56,3001,2024-05-17,0.60511,0.92588,0.00105,-0.54826,0.31117,0.39377
NVDA240607P00760000,NVDA,2024-06-07,760.00,put,5.25,4.67,4.50,6,4.85,4,12,144,2024-05-17,0.60511,-0.07412,0.00105,-0.43762,0.31117,-0.04215
NVDA240607C00765000,NVDA,2024-06-07,765.00,call,182.65,167.35,166.80,5,167.90,1,6,8,2024-05-17,0.60511,0.91934,0.00111,-0.57781,0.33184,0.39287
NVDA240607P00765000,NVDA,2024-06-07,765.00,put,5.30,5.12,4.95,5,5.30,4,15,142,2024-05-17,0.60511,-0.08066,0.00111,-0.46644,0.33184,-0.04592
NVDA240607C00770000,NVDA,2024-06-07,770.00,call,159.85,162.85,162.30,5,163.40,1,4,7,2024-05-17,0.60511,0.91241,0.00119,-0.60803,0.35301,0.39174
NVDA240607P00770000,NVDA,2024-06-07,770.00,put,6.38,5.62,5.45,18,5.80,4,28,141,2024-05-17,0.60511,-0.08759,0.00119,-0.49593,0.35301,-0.04992
NVDA240607C00775000,NVDA,2024-06-07,775.00,call,158.83,158.40,157.85,5,158.95,1,26,6,2024-05-17,0.60511,0.90510,0.00126,-0.63884,0.37464,0.39038
NVDA240607P00775000,NVDA,2024-06-07,775.00,put,6.36,6.20,6.00,12,6.40,14,3,158,2024-05-17,0.60511,-0.09490,0.00126,-0.52602,0.37464,-0.05415
NVDA240607C00780000,NVDA,2024-06-07,780.00,call,151.35,154.03,153.55,1,154.50,1,6,5,2024-05-17,0.60511,0.89739,0.00133,-0.67016,0.39666,0.38879
NVDA240607P00780000,NVDA,2024-06-07,780.00,put,7.10,6.80,6.60,4,7.00,4,36,194,2024-05-17,0.60511,-0.10261,0.00133,-0.55661,0.39666,-0.05861
NVDA240607C00785000,NVDA,2024-06-07,785.00,call,146.35,149.62,149.10,1,150.15,1,12,20,2024-05-17,0.60511,0.88930,0.00141,-0.70189,0.41901,0.38696
NVDA240607P00785000,NVDA,2024-06-07,785.00,put,7.66,7.43,7.20,4,7.65,3,7,112,2024-05-17,0.60511,-0.11070,0.00141,-0.58761,0.41901,-0.06330
NVDA240607C00790000,NVDA,2024-06-07,790.00,call,157.65,145.40,144.90,1,145.90,1,22,54,2024-05-17,0.60511,0.88081,0.00148,-0.73393,0.44161,0.38489
NVDA240607P00790000,NVDA,2024-06-07,790.00,put,8.42,8.12,7.90,3,8.35,6,59,199,2024-05-17,0.60511,-0.11919,0.00148,-0.61892,0.44161,-0.06823
NVDA240607C00795000,NVDA,2024-06-07,795.00,call,151.90,141.12,140.60,1,141.65,1,10,3,2024-05-17,0.60511,0.87194,0.00156,-0.76617,0.46439,0.38259
NVDA240607P00795000,NVDA,2024-06-07,795.00,put,9.17,8.88,8.65,3,9.10,3,29,165,2024-05-17,0.60511,-0.12806,0.00156,-0.65044,0.46439,-0.07340
NVDA240607C00800000,NVDA,2024-06-07,800.00,call,134.00,137.12,136.00,1,138.25,1,25,2035,2024-05-17,0.60511,0.86267,0.00164,-0.79851,0.48729,0.38005
NVDA240607P00800000,NVDA,2024-06-07,800.00,put,9.60,9.70,9.50,3,9.90,3,441,447,2024-05-17,0.60511,-0.13733,0.00164,-0.68205,0.48729,-0.07881
NVDA240607C00805000,NVDA,2024-06-07,805.00,call,148.95,132.85,132.30,1,133.40,1,2,19,2024-05-17,0.60511,0.85302,0.00171,-0.83083,0.51021,0.37728
NVDA240607P00805000,NVDA,2024-06-07,805.00,put,10.52,10.60,10.35,5,10.85,3,18,86,2024-05-17,0.60511,-0.14698,0.00171,-0.71364,0.51021,-0.08446
NVDA240607C00810000,NVDA,2024-06-07,810.00,call,129.05,128.82,128.30,1,129.35,1,10,5,2024-05-17,0.60511,0.84299,0.00179,-0.86303,0.53309,0.37427
NVDA240607P00810000,NVDA,2024-06-07,810.00,put,11.80,11.55,11.30,5,11.80,3,38,187,2024-05-17,0.60511,-0.15701,0.00179,-0.74511,0.53309,-0.09033
NVDA240607C00815000,NVDA,2024-06-07,815.00,call,135.35,124.82,124.30,5,125.35,1,2,17,2024-05-17,0.60511,0.83258,0.00187,-0.89498,0.55584,0.37102
NVDA240607P00815000,NVDA,2024-06-07,815.00,put,12.80,12.55,12.30,5,12.80,3,47,78,2024-05-17,0.60511,-0.16742,0.00187,-0.77633,0.55584,-0.09645
NVDA240607C00820000,NVDA,2024-06-07,820.00,call,120.15,120.97,120.50,5,121.45,1,6,90,2024-05-17,0.60511,0.82181,0.00194,-0.92657,0.57838,0.36755
NVDA240607P00820000,NVDA,2024-06-07,820.00,put,13.10,13.62,13.35,5,13.90,3,39,193,2024-05-17,0.60511,-0.17819,0.00194,-0.80720,0.57838,-0.10279
NVDA240607C00825000,NVDA,2024-06-07,825.00,call,122.93,117.07,116.55,1,117.60,1,26,72,2024-05-17,0.60511,0.81068,0.00202,-0.95769,0.60063,0.36385
NVDA240607P00825000,NVDA,2024-06-07,825.00,put,14.95,14.78,14.50,5,15.05,3,42,178,2024-05-17,0.60511,-0.18932,0.00202,-0.83759,0.60063,-0.10935
NVDA240607C00830000,NVDA,2024-06-07,830.00,call,120.05,113.30,112.75,1,113.85,1,6,53,2024-05-17,0.60511,0.79920,0.00209,-0.98823,0.62251,0.35993
NVDA240607P00830000,NVDA,2024-06-07,830.00,put,16.12,15.97,15.70,5,16.25,3,30,274,2024-05-17,0.60511,-0.20080,0.00209,-0.86739,0.62251,-0.11614
NVDA240607C00835000,NVDA,2024-06-07,835.00,call,109.35,109.65,109.15,7,110.15,1,9,88,2024-05-17,0.60511,0.78739,0.00216,-1.01806,0.64395,0.35579
NVDA240607P00835000,NVDA,2024-06-07,835.00,put,17.38,17.27,17.00,10,17.55,3,22,107,2024-05-17,0.60511,-0.21261,0.00216,-0.89650,0.64395,-0.12315
NVDA240607C00840000,NVDA,2024-06-07,840.00,call,105.80,105.97,105.45,1,106.50,1,24,81,2024-05-17,0.60511,0.77525,0.00223,-1.04708,0.66485,0.35145
NVDA240607P00840000,NVDA,2024-06-07,840.00,put,18.26,18.62,18.35,6,18.90,5,16,256,2024-05-17,0.60511,-0.22475,0.00223,-0.92479,0.66485,-0.13036
NVDA240607C00845000,NVDA,2024-06-07,845.00,call,104.15,102.40,101.85,1,102.95,1,4,37,2024-05-17,0.60511,0.76281,0.00230,-1.07518,0.68516,0.34690
NVDA240607P00845000,NVDA,2024-06-07,845.00,put,19.95,20.02,19.75,3,20.30,2,25,128,2024-05-17,0.60511,-0.23719,0.00230,-0.95216,0.68516,-0.13778
NVDA240607C00850000,NVDA,2024-06-07,850.00,call,97.95,98.90,98.40,1,99.40,1,100,232,2024-05-17,0.60511,0.75007,0.00237,-1.10226,0.70479,0.34216
NVDA240607P00850000,NVDA,2024-06-07,850.00,put,21.60,21.55,21.30,2,21.80,2,63,310,2024-05-17,0.60511,-0.24993,0.00237,-0.97852,0.70479,-0.14539
NVDA240607C00855000,NVDA,2024-06-07,855.00,call,95.00,95.47,94.95,1,96.00,1,120,153,2024-05-17,0.60511,0.73706,0.00243,-1.12822,0.72368,0.33723
NVDA240607P00855000,NVDA,2024-06-07,855.00,put,25.35,23.10,22.80,3,23.40,2,9,231,2024-05-17,0.60511,-0.26294,0.00243,-1.00375,0.72368,-0.15319
NVDA240607C00860000,NVDA,2024-06-07,860.00,call,94.10,92.12,91.60,1,92.65,1,143,209,2024-05-17,0.60511,0.72379,0.00249,-1.15297,0.74176,0.33212
NVDA240607P00860000,NVDA,2024-06-07,860.00,put,25.03,24.75,24.45,3,25.05,2,81,202,2024-05-17,0.60511,-0.27621,0.00249,-1.02778,0.74176,-0.16116
NVDA240607C00865000,NVDA,2024-06-07,865.00,call,97.25,88.88,88.35,1,89.40,1,2,113,2024-05-17,0.60511,0.71028,0.00255,-1.17643,0.75897,0.32684
NVDA240607P00865000,NVDA,2024-06-07,865.00,put,26.17,26.52,25.75,30,27.30,31,44,241,2024-05-17,0.60511,-0.28972,0.00255,-1.05050,0.75897,-0.16931
NVDA240607C00870000,NVDA,2024-06-07,870.00,call,86.94,85.68,85.15,1,86.20,1,11,231,2024-05-17,0.60511,0.69654,0.00260,-1.19850,0.77525,0.32140
NVDA240607P00870000,NVDA,2024-06-07,870.00,put,27.62,28.32,27.50,13,29.15,19,46,200,2024-05-17,0.60511,-0.30346,0.00260,-1.07184,0.77525,-0.17762
NVDA240607C00875000,NVDA,2024-06-07,875.00,call,83.80,82.53,82.00,1,83.05,1,82,127,2024-05-17,0.60511,0.68261,0.00266,-1.21911,0.79054,0.31581
NVDA240607P00875000,NVDA,2024-06-07,875.00,put,30.08,30.18,29.35,13,31.00,2,44,87,2024-05-17,0.60511,-0.31739,0.00266,-1.09173,0.79054,-0.18608
NVDA240607C00880000,NVDA,2024-06-07,880.00,call,81.00,79.47,78.95,1,80.00,1,151,161,2024-05-17,0.60511,0.66849,0.00270,-1.23820,0.80480,0.31008
NVDA240607P00880000,NVDA,2024-06-07,880.00,put,32.50,32.10,31.30,7,32.90,6,67,113,2024-05-17,0.60511,-0.33151,0.00270,-1.11009,0.80480,-0.19467
NVDA240607C00885000,NVDA,2024-06-07,885.00,call,76.55,76.47,76.10,2,76.85,2,3,295,2024-05-17,0.60511,0.65421,0.00275,-1.25570,0.81798,0.30422
NVDA240607P00885000,NVDA,2024-06-07,885.00,put,36.45,34.15,33.30,18,35.00,9,24,236,2024-05-17,0.60511,-0.34579,0.00275,-1.12687,0.81798,-0.20340
NVDA240607C00890000,NVDA,2024-06-07,890.00,call,72.90,73.58,73.20,2,73.95,2,216,660,2024-05-17,0.60511,0.63979,0.00279,-1.27157,0.83005,0.29825
NVDA240607P00890000,NVDA,2024-06-07,890.00,put,36.53,36.23,35.35,31,37.10,9,55,325,2024-05-17,0.60511,-0.36021,0.00279,-1.14201,0.83005,-0.21224
NVDA240607C00895000,NVDA,2024-06-07,895.00,call,70.40,70.75,70.40,4,71.10,2,253,300,2024-05-17,0.60511,0.62525,0.00282,-1.28576,0.84097,0.29216
NVDA240607P00895000,NVDA,2024-06-07,895.00,put,38.50,38.35,37.50,27,39.20,31,48,170,2024-05-17,0.60511,-0.37475,0.00282,-1.15547,0.84097,-0.22119
NVDA240607C00900000,NVDA,2024-06-07,900.00,call,67.95,68.00,67.65,1,68.35,1,370,760,2024-05-17,0.60511,0.61061,0.00286,-1.29823,0.85071,0.28599
NVDA240607P00900000,NVDA,2024-06-07,900.00,put,40.67,40.60,39.40,9,41.80,2,196,755,2024-05-17,0.60511,-0.38939,0.00286,-1.16721,0.85071,-0.23024
NVDA240607C00905000,NVDA,2024-06-07,905.00,call,65.00,65.28,64.90,2,65.65,2,124,450,2024-05-17,0.60511,0.59590,0.00289,-1.30895,0.85925,0.27972
NVDA240607P00905000,NVDA,2024-06-07,905.00,put,42.09,42.90,42.05,16,43.75,18,25,224,2024-05-17,0.60511,-0.40410,0.00289,-1.17720,0.85925,-0.23937
NVDA240607C00910000,NVDA,2024-06-07,910.00,call,64.57,62.67,62.30,2,63.05,2,120,504,2024-05-17,0.60511,0.58113,0.00291,-1.31790,0.86658,0.27339
NVDA240607P00910000,NVDA,2024-06-07,910.00,put,45.91,45.27,44.40,38,46.15,4,10,182,2024-05-17,0.60511,-0.41887,0.00291,-1.18543,0.86658,-0.24857
NVDA240607C00915000,NVDA,2024-06-07,915.00,call,61.79,60.15,59.80,6,60.50,2,44,164,2024-05-17,0.60511,0.56632,0.00293,-1.32507,0.87269,0.26699
NVDA240607P00915000,NVDA,2024-06-07,915.00,put,48.42,47.92,47.25,14,48.60,10,22,144,2024-05-17,0.60511,-0.43368,0.00293,-1.19187,0.87269,-0.25783
NVDA240607C00920000,NVDA,2024-06-07,920.00,call,57.35,57.65,57.30,2,58.00,2,192,304,2024-05-17,0.60511,0.55151,0.00295,-1.33046,0.87756,0.26055
NVDA240607P00920000,NVDA,2024-06-07,920.00,put,50.35,50.48,49.75,19,51.20,8,79,52,2024-05-17,0.62462,-0.44827,0.00286,-1.23698,0.87749,-0.26801
NVDA240607C00925000,NVDA,2024-06-07,925.00,call,54.58,55.25,54.90,2,55.60,2,179,146,2024-05-17,0.60511,0.53670,0.00296,-1.33405,0.88120,0.25407
NVDA240607P00925000,NVDA,2024-06-07,925.00,put,53.33,52.85,51.95,14,53.75,8,65,82,2024-05-17,0.60511,-0.46330,0.00296,-1.19939,0.88120,-0.27650
NVDA240607C00930000,NVDA,2024-06-07,930.00,call,52.80,52.90,52.55,4,53.25,2,286,141,2024-05-17,0.60511,0.52193,0.00297,-1.33587,0.88361,0.24756
NVDA240607P00930000,NVDA,2024-06-07,930.00,put,55.74,55.30,54.60,27,56.00,1,108,247,2024-05-17,0.60511,-0.47807,0.00297,-1.20048,0.88361,-0.28587
NVDA240607C00935000,NVDA,2024-06-07,935.00,call,50.86,50.62,50.25,2,51.00,2,160,71,2024-05-17,0.60511,0.50720,0.00297,-1.33594,0.88480,0.24103
NVDA240607P00935000,NVDA,2024-06-07,935.00,put,58.90,58.40,57.70,5,59.10,2,57,37,2024-05-17,0.62462,-0.49119,0.00288,-1.24078,0.88473,-0.29540
NVDA240607C00940000,NVDA,2024-06-07,940.00,call,48.30,48.58,48.35,1,48.80,2,198,206,2024-05-17,0.60511,0.49254,0.00297,-1.33426,0.88479,0.23450
NVDA240607P00940000,NVDA,2024-06-07,940.00,put,61.82,60.95,60.50,6,61.40,1,292,387,2024-05-17,0.60511,-0.50746,0.00297,-1.19742,0.88479,-0.30467
NVDA240607C00945000,NVDA,2024-06-07,945.00,call,48.07,46.30,45.95,2,46.65,2,360,278,2024-05-17,0.60511,0.47797,0.00297,-1.33089,0.88360,0.22797
NVDA240607P00945000,NVDA,2024-06-07,945.00,put,64.15,64.08,63.35,5,64.80,7,29,53,2024-05-17,0.62462,-0.51951,0.00288,-1.23488,0.88389,-0.31371
NVDA240607C00950000,NVDA,2024-06-07,950.00,call,44.00,44.22,43.90,2,44.55,2,236,587,2024-05-17,0.60511,0.46351,0.00296,-1.32584,0.88124,0.22146
NVDA240607P00950000,NVDA,2024-06-07,950.00,put,67.45,66.70,66.00,7,67.40,20,60,130,2024-05-17,0.60511,-0.53649,0.00296,-1.18754,0.88124,-0.32344
NVDA240607C00955000,NVDA,2024-06-07,955.00,call,43.50,42.22,41.90,4,42.55,2,75,128,2024-05-17,0.60511,0.44917,0.00295,-1.31917,0.87775,0.21498
NVDA240607P00955000,NVDA,2024-06-07,955.00,put,68.65,70.03,69.25,6,70.80,7,28,3,2024-05-17,0.62462,-0.54743,0.00286,-1.22251,0.87868,-0.33197
NVDA240607C00960000,NVDA,2024-06-07,960.00,call,40.60,40.30,39.95,2,40.65,2,119,297,2024-05-17,0.60511,0.43496,0.00293,-1.31092,0.87316,0.20853
NVDA240607P00960000,NVDA,2024-06-07,960.00,put,71.67,72.90,71.95,8,73.85,7,34,331,2024-05-17,0.60511,-0.56504,0.00293,-1.17116,0.87316,-0.34211
NVDA240607C00965000,NVDA,2024-06-07,965.00,call,39.28,38.42,38.10,4,38.75,2,163,438,2024-05-17,0.60511,0.42092,0.00291,-1.30114,0.86750,0.20212
NVDA240607P00965000,NVDA,2024-06-07,965.00,put,70.24,76.25,75.45,25,77.05,22,21,109,2024-05-17,0.62462,-0.57484,0.00283,-1.20400,0.86933,-0.35010
NVDA240607C00970000,NVDA,2024-06-07,970.00,call,36.60,36.62,36.30,2,36.95,2,61,375,2024-05-17,0.60511,0.40705,0.00289,-1.28989,0.86081,0.19577
NVDA240607P00970000,NVDA,2024-06-07,970.00,put,80.00,79.45,78.65,6,80.25,20,23,72,2024-05-17,0.62462,-0.58831,0.00281,-1.19256,0.86318,-0.35910
NVDA240607C00975000,NVDA,2024-06-07,975.00,call,35.00,34.88,34.55,4,35.20,2,56,148,2024-05-17,0.60511,0.39336,0.00287,-1.27724,0.85314,0.18948
NVDA240607P00975000,NVDA,2024-06-07,975.00,put,85.45,82.50,81.55,7,83.45,7,0,19,2024-05-17,0.60511,-0.60664,0.00287,-1.13529,0.85314,-0.36976
NVDA240607C00980000,NVDA,2024-06-07,980.00,call,33.50,33.42,32.75,7,34.10,2,174,1120,2024-05-17,0.60511,0.37987,0.00284,-1.26324,0.84452,0.18325
NVDA240607P00980000,NVDA,2024-06-07,980.00,put,78.64,85.88,84.90,9,86.85,7,1,18,2024-05-17,0.62462,-0.61472,0.00276,-1.16561,0.84810,-0.37693
NVDA240607C00985000,NVDA,2024-06-07,985.00,call,31.82,31.57,31.25,7,31.90,16,48,52,2024-05-17,0.60511,0.36660,0.00280,-1.24796,0.83500,0.17711
NVDA240607P00985000,NVDA,2024-06-07,985.00,put,81.78,89.28,88.30,9,90.25,7,1,11,2024-05-17,0.62462,-0.62764,0.00273,-1.15022,0.83925,-0.38575
NVDA240607C00990000,NVDA,2024-06-07,990.00,call,29.99,30.02,29.70,9,30.35,19,67,132,2024-05-17,0.60511,0.35355,0.00277,-1.23148,0.82463,0.17105
NVDA240607P00990000,NVDA,2024-06-07,990.00,put,99.65,92.72,91.50,11,93.95,11,0,7,2024-05-17,0.62462,-0.64036,0.00270,-1.13364,0.82959,-0.39449
NVDA240607C00995000,NVDA,2024-06-07,995.00,call,29.35,28.52,28.20,2,28.85,10,124,211,2024-05-17,0.60511,0.34073,0.00273,-1.21386,0.81345,0.16507
NVDA240607P00995000,NVDA,2024-06-07,995.00,put,81.03,96.42,95.00,11,97.85,4,0,11,2024-05-17,0.62462,-0.65285,0.00267,-1.11593,0.81917,-0.40314
NVDA240607C01000000,NVDA,2024-06-07,1000.00,call,26.80,27.10,26.80,2,27.40,2,246,595,2024-05-17,0.60511,0.32816,0.00269,-1.19518,0.80152,0.15920
NVDA240607P01000000,NVDA,2024-06-07,1000.00,put,98.15,99.83,98.65,10,101.00,9,1,579,2024-05-17,0.62462,-0.66513,0.00263,-1.09717,0.80801,-0.41172
NVDA240607C01005000,NVDA,2024-06-07,1005.00,call,25.92,25.68,25.35,2,26.00,13,22,64,2024-05-17,0.60511,0.31584,0.00265,-1.17552,0.78889,0.15342
NVDA240607P01005000,NVDA,2024-06-07,1005.00,put,95.00,103.40,101.85,4,104.95,4,1,50,2024-05-17,0.62462,-0.67716,0.00259,-1.07742,0.79618,-0.42020
NVDA240607C01010000,NVDA,2024-06-07,1010.00,call,24.92,24.35,24.05,2,24.65,12,16,69,2024-05-17,0.60511,0.30378,0.00260,-1.15495,0.77561,0.14775
NVDA240607P01010000,NVDA,2024-06-07,1010.00,put,102.95,107.28,105.90,10,108.65,6,3,4,2024-05-17,0.62462,-0.68896,0.00255,-1.05676,0.78372,-0.42858
NVDA240607C01015000,NVDA,2024-06-07,1015.00,call,23.18,23.10,22.80,2,23.40,4,40,109,2024-05-17,0.60511,0.29199,0.00256,-1.13355,0.76174,0.14219
NVDA240607P01015000,NVDA,2024-06-07,1015.00,put,106.55,111.08,109.65,10,112.50,4,0,10,2024-05-17,0.62462,-0.70051,0.00251,-1.03525,0.77067,-0.43686
NVDA240607C01020000,NVDA,2024-06-07,1020.00,call,21.75,21.88,21.55,2,22.20,6,78,701,2024-05-17,0.60511,0.28047,0.00251,-1.11139,0.74732,0.13675
NVDA240607P01020000,NVDA,2024-06-07,1020.00,put,103.05,114.80,113.40,13,116.20,3,0,10,2024-05-17,0.62462,-0.71181,0.00246,-1.01297,0.75708,-0.44504
NVDA240607C01025000,NVDA,2024-06-07,1025.00,call,20.90,20.73,20.45,5,21.00,13,10,87,2024-05-17,0.60511,0.26924,0.00246,-1.08856,0.73241,0.13143
NVDA240607P01025000,NVDA,2024-06-07,1025.00,put,102.65,118.70,117.25,11,120.15,3,0,7,2024-05-17,0.62462,-0.72284,0.00242,-0.98999,0.74301,-0.45311
NVDA240607C01030000,NVDA,2024-06-07,1030.00,call,20.05,19.62,19.35,5,19.90,19,28,35,2024-05-17,0.60511,0.25828,0.00241,-1.06512,0.71705,0.12623
NVDA240607P01030000,NVDA,2024-06-07,1030.00,put,117.45,122.62,121.20,10,124.05,3,2,44,2024-05-17,0.62462,-0.73362,0.00237,-0.96638,0.72849,-0.46106
NVDA240607C01035000,NVDA,2024-06-07,1035.00,call,18.86,18.58,18.30,2,18.85,3,16,22,2024-05-17,0.60511,0.24761,0.00236,-1.04115,0.70131,0.12115
NVDA240607P01035000,NVDA,2024-06-07,1035.00,put,109.65,126.53,125.15,13,127.90,3,0,5,2024-05-17,0.62462,-0.74412,0.00232,-0.94221,0.71357,-0.46890
NVDA240607C01040000,NVDA,2024-06-07,1040.00,call,17.80,17.58,17.30,3,17.85,3,6,36,2024-05-17,0.60511,0.23724,0.00230,-1.01672,0.68523,0.11620
NVDA240607P01040000,NVDA,2024-06-07,1040.00,put,125.90,130.60,129.20,9,132.00,3,2,5,2024-05-17,0.62462,-0.75436,0.00227,-0.91755,0.69831,-0.47663
NVDA240607C01045000,NVDA,2024-06-07,1045.00,call,16.70,16.60,16.30,3,16.90,3,5,30,2024-05-17,0.60511,0.22715,0.00225,-0.99192,0.66886,0.11138
NVDA240607P01045000,NVDA,2024-06-07,1045.00,put,117.35,134.60,133.15,10,136.05,3,0,4,2024-05-17,0.62462,-0.76433,0.00222,-0.89246,0.68274,-0.48424
NVDA240607C01050000,NVDA,2024-06-07,1050.00,call,16.00,15.70,15.45,5,15.95,18,61,163,2024-05-17,0.60511,0.21736,0.00219,-0.96679,0.65225,0.10669
NVDA240607P01050000,NVDA,2024-06-07,1050.00,put,133.70,138.43,137.15,6,139.70,7,2,16,2024-05-17,0.62462,-0.77402,0.00217,-0.86703,0.66692,-0.49172
NVDA240607C01055000,NVDA,2024-06-07,1055.00,call,14.95,14.82,14.55,8,15.10,21,3,61,2024-05-17,0.60511,0.20786,0.00213,-0.94142,0.63544,0.10213
NVDA240607P01055000,NVDA,2024-06-07,1055.00,put,140.90,142.75,141.20,3,144.30,3,2,4,2024-05-17,0.62462,-0.78344,0.00212,-0.84130,0.65087,-0.49909
NVDA240607C01060000,NVDA,2024-06-07,1060.00,call,14.65,14.03,13.75,10,14.30,4,17,49,2024-05-17,0.60511,0.19865,0.00208,-0.91587,0.61849,0.09770
NVDA240607P01060000,NVDA,2024-06-07,1060.00,put,147.70,147.07,145.75,9,148.40,3,4,7,2024-05-17,0.62462,-0.79258,0.00206,-0.81534,0.63465,-0.50633
NVDA240607C01065000,NVDA,2024-06-07,1065.00,call,13.23,13.22,12.95,6,13.50,3,22,17,2024-05-17,0.60511,0.18973,0.00202,-0.89021,0.60143,0.09341
NVDA240607P01065000,NVDA,2024-06-07,1065.00,put,149.85,151.32,149.95,9,152.70,3,4,11,2024-05-17,0.62462,-0.80145,0.00201,-0.78921,0.61830,-0.51345
NVDA240607C01070000,NVDA,2024-06-07,1070.00,call,12.60,12.53,12.25,18,12.80,5,287,370,2024-05-17,0.60511,0.18111,0.00196,-0.86448,0.58431,0.08925
NVDA240607P01070000,NVDA,2024-06-07,1070.00,put,147.90,155.32,154.00,3,156.65,8,6,29,2024-05-17,0.62462,-0.81005,0.00196,-0.76297,0.60185,-0.52045
NVDA240607C01075000,NVDA,2024-06-07,1075.00,call,12.00,11.82,11.60,6,12.05,3,63,74,2024-05-17,0.60511,0.17277,0.00190,-0.83876,0.56716,0.08522
NVDA240607P01075000,NVDA,2024-06-07,1075.00,put,151.75,159.65,158.30,6,161.00,9,8,5,2024-05-17,0.62462,-0.81838,0.00190,-0.73668,0.58535,-0.52732
NVDA240607C01080000,NVDA,2024-06-07,1080.00,call,11.17,11.15,10.90,22,11.40,3,24,167,2024-05-17,0.60511,0.16472,0.00185,-0.81309,0.55003,0.08132
NVDA240607P01080000,NVDA,2024-06-07,1080.00,put,167.90,164.20,163.00,9,165.40,9,16,12,2024-05-17,0.62462,-0.82644,0.00185,-0.71039,0.56882,-0.53407
NVDA240607C01090000,NVDA,2024-06-07,1090.00,call,10.00,9.95,9.70,30,10.20,4,21,33,2024-05-17,0.60511,0.14946,0.00173,-0.76212,0.51596,0.07392
NVDA240607P01090000,NVDA,2024-06-07,1090.00,put,172.55,173.00,171.85,9,174.15,8,30,6,2024-05-17,0.62462,-0.84175,0.00174,-0.65801,0.53584,-0.54720
NVDA240607C01100000,NVDA,2024-06-07,1100.00,call,8.80,8.82,8.70,40,8.95,2,118,263,2024-05-17,0.60511,0.13530,0.00162,-0.71196,0.48236,0.06703
NVDA240607P01100000,NVDA,2024-06-07,1100.00,put,181.70,182.12,180.95,9,183.30,2,35,37,2024-05-17,0.64413,-0.84752,0.00165,-0.66081,0.52288,-0.55590
NVDA240607C01110000,NVDA,2024-06-07,1110.00,call,8.00,7.95,7.75,31,8.15,4,26,126,2024-05-17,0.60511,0.12221,0.00151,-0.66295,0.44946,0.06064
NVDA240607P01110000,NVDA,2024-06-07,1110.00,put,191.45,191.10,190.00,8,192.20,7,4,10,2024-05-17,0.64413,-0.86091,0.00155,-0.60965,0.49154,-0.56811
NVDA240607C01120000,NVDA,2024-06-07,1120.00,call,7.29,7.10,6.90,36,7.30,10,7,35,2024-05-17,0.60511,0.11014,0.00140,-0.61536,0.41747,0.05473
NVDA240607P01120000,NVDA,2024-06-07,1120.00,put,204.15,200.18,198.75,3,201.60,7,6,2,2024-05-17,0.64413,-0.87337,0.00145,-0.55948,0.46077,-0.57989
NVDA240607C01130000,NVDA,2024-06-07,1130.00,call,6.56,6.35,6.15,32,6.55,6,62,76,2024-05-17,0.62462,0.10707,0.00133,-0.62188,0.40909,0.05312
NVDA240607P01130000,NVDA,2024-06-07,1130.00,put,200.95,209.65,208.40,3,210.90,7,2,0,2024-05-17,0.64413,-0.88493,0.00136,-0.51055,0.43075,-0.59125
NVDA240607C01140000,NVDA,2024-06-07,1140.00,call,5.92,5.72,5.55,11,5.90,6,5,48,2024-05-17,0.62462,0.09662,0.00124,-0.57675,0.37962,0.04800
NVDA240607P01140000,NVDA,2024-06-07,1140.00,put,233.15,218.90,217.45,3,220.35,8,0,26,2024-05-17,0.66364,-0.88790,0.00129,-0.51612,0.42278,-0.59855
NVDA240607C01150000,NVDA,2024-06-07,1150.00,call,5.17,5.15,5.00,7,5.30,4,221,390,2024-05-17,0.62462,0.08702,0.00114,-0.53343,0.35129,0.04329
NVDA240607P01150000,NVDA,2024-06-07,1150.00,put,218.10,228.70,227.35,6,230.05,2,4,2,2024-05-17,0.66364,-0.89802,0.00121,-0.46938,0.39491,-0.60920
NVDA240607C01155000,NVDA,2024-06-07,1155.00,call,4.95,4.85,4.70,16,5.00,12,2,0,2024-05-17,0.62462,0.08252,0.00110,-0.51249,0.33759,0.04108
NVDA240607P01155000,NVDA,2024-06-07,1155.00,put,222.60,233.15,231.70,3,234.60,8,4,0,2024-05-17,0.66364,-0.90278,0.00117,-0.44660,0.38133,-0.61440
NVDA240607C01160000,NVDA,2024-06-07,1160.00,call,4.80,4.62,4.45,33,4.80,7,8,61,2024-05-17,0.62462,0.07822,0.00105,-0.49205,0.32421,0.03897
NVDA240607P01160000,NVDA,2024-06-07,1160.00,put,223.75,238.27,236.85,2,239.70,3,2,2,2024-05-17,0.68315,-0.90013,0.00116,-0.47627,0.38894,-0.61607
NVDA240607C01165000,NVDA,2024-06-07,1165.00,call,4.50,4.38,4.20,12,4.55,32,5,2,2024-05-17,0.62462,0.07411,0.00101,-0.47213,0.31116,0.03694
NVDA240607P01165000,NVDA,2024-06-07,1165.00,put,0.00,242.75,241.30,3,244.20,10,0,0,2024-05-17,0.68315,-0.90465,0.00112,-0.45383,0.37594,-0.62114
NVDA240607C01170000,NVDA,2024-06-07,1170.00,call,4.75,4.17,4.00,16,4.35,25,64,13,2024-05-17,0.62462,0.07018,0.00097,-0.45272,0.29844,0.03501
NVDA240607P01170000,NVDA,2024-06-07,1170.00,put,238.60,247.85,246.40,7,249.30,3,2,0,2024-05-17,0.68315,-0.90900,0.00108,-0.43181,0.36317,-0.62613
NVDA240607C01175000,NVDA,2024-06-07,1175.00,call,4.20,3.98,3.80,24,4.15,46,9,1,2024-05-17,0.62462,0.06643,0.00093,-0.43384,0.28606,0.03316
NVDA240607P01175000,NVDA,2024-06-07,1175.00,put,0.00,252.65,251.25,8,254.05,9,0,0,2024-05-17,0.70267,-0.90629,0.00107,-0.46160,0.37115,-0.62777
NVDA240607C01180000,NVDA,2024-06-07,1180.00,call,4.42,3.78,3.60,27,3.95,58,5,71,2024-05-17,0.62462,0.06286,0.00089,-0.41548,0.27402,0.03139
NVDA240607P01180000,NVDA,2024-06-07,1180.00,put,249.02,257.35,256.05,8,258.65,7,46,10,2024-05-17,0.70267,-0.91044,0.00104,-0.43989,0.35891,-0.63265
NVDA240607C01190000,NVDA,2024-06-07,1190.00,call,3.40,3.45,3.30,15,3.60,5,5,23,2024-05-17,0.64413,0.06241,0.00086,-0.42581,0.27250,0.03111
NVDA240607P01190000,NVDA,2024-06-07,1190.00,put,272.15,267.27,265.80,9,268.75,3,6,9,2024-05-17,0.70267,-0.91827,0.00097,-0.39770,0.33514,-0.64220
NVDA240607C01200000,NVDA,2024-06-07,1200.00,call,3.09,3.25,3.05,2,3.45,12,215,758,2024-05-17,0.64413,0.05603,0.00079,-0.39111,0.25040,0.02796
NVDA240607P01200000,NVDA,2024-06-07,1200.00,put,278.34,276.98,275.60,7,278.35,2,22,21,2024-05-17,0.72218,-0.91918,0.00094,-0.40684,0.33233,-0.64846
NVDA240607C01210000,NVDA,2024-06-07,1210.00,call,3.15,2.86,2.74,12,2.98,5,14,30,2024-05-17,0.64413,0.05022,0.00072,-0.35846,0.22958,0.02509
NVDA240607P01210000,NVDA,2024-06-07,1210.00,put,262.95,286.80,285.30,8,288.30,15,0,30,2024-05-17,0.74169,-0.91996,0.00090,-0.41643,0.32991,-0.65465
NVDA240607C01220000,NVDA,2024-06-07,1220.00,call,2.70,2.62,2.50,13,2.73,5,10,57,2024-05-17,0.64413,0.04494,0.00066,-0.32784,0.21004,0.02248
NVDA240607P01220000,NVDA,2024-06-07,1220.00,put,268.00,296.25,294.75,2,297.75,8,0,12,2024-05-17,0.74169,-0.92662,0.00085,-0.37692,0.30882,-0.66362
NVDA240607C01230000,NVDA,2024-06-07,1230.00,call,2.35,2.38,2.28,14,2.49,29,7,39,2024-05-17,0.64413,0.04016,0.00061,-0.29921,0.19177,0.02011
NVDA240607P01230000,NVDA,2024-06-07,1230.00,put,282.40,306.45,304.95,10,307.95,2,0,6,2024-05-17,0.76120,-0.92702,0.00082,-0.38739,0.30752,-0.66962
NVDA240607C01240000,NVDA,2024-06-07,1240.00,call,2.21,2.17,2.09,13,2.24,16,2,83,2024-05-17,0.66364,0.04061,0.00059,-0.31091,0.19351,0.02029
NVDA240607P01240000,NVDA,2024-06-07,1240.00,put,307.10,315.92,314.45,2,317.40,7,4,5,2024-05-17,0.76120,-0.93297,0.00077,-0.34988,0.28803,-0.67824
NVDA240607C01250000,NVDA,2024-06-07,1250.00,call,1.96,2.00,1.93,15,2.06,15,29,293,2024-05-17,0.66364,0.03640,0.00054,-0.28428,0.17699,0.01820
NVDA240607P01250000,NVDA,2024-06-07,1250.00,put,308.60,325.95,324.70,7,327.20,6,0,3,2024-05-17,0.78071,-0.93308,0.00075,-0.36112,0.28768,-0.68409
NVDA240607C01260000,NVDA,2024-06-07,1260.00,call,1.96,1.84,1.77,15,1.91,17,29,26,2024-05-17,0.66364,0.03258,0.00049,-0.25945,0.16158,0.01631
NVDA240607P01260000,NVDA,2024-06-07,1260.00,put,314.90,335.70,334.20,2,337.20,8,0,4,2024-05-17,0.78071,-0.93842,0.00070,-0.32551,0.26966,-0.69242
NVDA240607C01270000,NVDA,2024-06-07,1270.00,call,1.63,1.71,1.64,16,1.77,17,4,49,2024-05-17,0.66364,0.02912,0.00045,-0.23639,0.14726,0.01459
NVDA240607P01270000,NVDA,2024-06-07,1270.00,put,337.30,345.98,344.45,7,347.50,40,18,1,2024-05-17,0.80022,-0.93830,0.00069,-0.33739,0.27008,-0.69816
NVDA240607C01280000,NVDA,2024-06-07,1280.00,call,1.55,1.58,1.52,1,1.65,19,9,16,2024-05-17,0.68315,0.02985,0.00045,-0.24827,0.15030,0.01493
NVDA240607P01280000,NVDA,2024-06-07,1280.00,put,346.83,355.88,354.35,9,357.40,40,6,0,2024-05-17,0.81974,-0.93813,0.00067,-0.34963,0.27067,-0.70387
NVDA240607C01290000,NVDA,2024-06-07,1290.00,call,1.45,1.46,1.40,19,1.53,18,24,16,2024-05-17,0.68315,0.02677,0.00041,-0.22671,0.13729,0.01340
NVDA240607P01290000,NVDA,2024-06-07,1290.00,put,370.50,365.42,363.90,2,366.95,7,18,0,2024-05-17,0.81974,-0.94281,0.00063,-0.31599,0.25447,-0.71187
NVDA240607C01300000,NVDA,2024-06-07,1300.00,call,1.35,1.35,1.31,16,1.39,1,32,515,2024-05-17,0.68315,0.02399,0.00037,-0.20672,0.12521,0.01202
NVDA240607P01300000,NVDA,2024-06-07,1300.00,put,367.02,375.50,374.20,8,376.80,6,34,0,2024-05-17,0.83925,-0.94247,0.00062,-0.32877,0.25567,-0.71749
NVDA240607C01310000,NVDA,2024-06-07,1310.00,call,1.40,1.29,1.22,14,1.36,28,2,16,2024-05-17,0.70267,0.02479,0.00037,-0.21852,0.12873,0.01240
NVDA240607P01310000,NVDA,2024-06-07,1310.00,put,376.56,385.50,384.15,8,386.85,7,14,0,2024-05-17,0.85876,-0.94210,0.00061,-0.34189,0.25697,-0.72310
NVDA240607C01320000,NVDA,2024-06-07,1320.00,call,1.19,1.19,1.14,18,1.25,19,5,98,2024-05-17,0.70267,0.02229,0.00034,-0.19974,0.11770,0.01115
NVDA240607P01320000,NVDA,2024-06-07,1320.00,put,0.00,395.12,388.05,40,402.20,40,0,0,2024-05-17,0.85876,-0.94625,0.00057,-0.30996,0.24231,-0.73084
NVDA240607C01330000,NVDA,2024-06-07,1330.00,call,1.15,1.13,1.06,20,1.20,32,2,6,2024-05-17,0.70267,0.02001,0.00031,-0.18234,0.10747,0.01003
NVDA240607P01330000,NVDA,2024-06-07,1330.00,put,387.61,405.17,403.65,2,406.70,8,0,0,2024-05-17,0.87827,-0.94575,0.00056,-0.32353,0.24410,-0.73638
NVDA240607C01340000,NVDA,2024-06-07,1340.00,call,1.08,1.06,0.99,22,1.13,33,1,13,2024-05-17,0.72218,0.02084,0.00031,-0.19391,0.11123,0.01042
NVDA240607P01340000,NVDA,2024-06-07,1340.00,put,433.52,415.50,414.10,7,416.90,3,0,0,2024-05-17,0.89778,-0.94523,0.00056,-0.33743,0.24595,-0.74192
NVDA240607C01350000,NVDA,2024-06-07,1350.00,call,0.97,0.99,0.93,23,1.04,21,14,91,2024-05-17,0.72218,0.01878,0.00029,-0.17748,0.10183,0.00940
NVDA240607P01350000,NVDA,2024-06-07,1350.00,put,426.67,425.05,418.00,40,432.10,40,20,0,2024-05-17,0.89778,-0.94895,0.00053,-0.30697,0.23259,-0.74944
NVDA240607C01360000,NVDA,2024-06-07,1360.00,call,0.91,0.93,0.87,5,0.98,28,7,14,2024-05-17,0.72218,0.01691,0.00026,-0.16225,0.09311,0.00847
NVDA240607P01360000,NVDA,2024-06-07,1360.00,put,518.75,435.23,428.35,40,442.10,40,0,0,2024-05-17,0.91729,-0.94833,0.00052,-0.32126,0.23483,-0.75493
NVDA240607C01370000,NVDA,2024-06-07,1370.00,call,0.85,0.88,0.82,5,0.93,31,5,21,2024-05-17,0.72218,0.01522,0.00024,-0.14816,0.08504,0.00762
NVDA240607P01370000,NVDA,2024-06-07,1370.00,put,0.00,445.83,439.60,40,452.05,40,0,0,2024-05-17,0.95632,-0.94354,0.00054,-0.38109,0.25191,-0.75847
NVDA240607C01380000,NVDA,2024-06-07,1380.00,call,0.83,0.82,0.77,20,0.88,33,0,5,2024-05-17,0.74169,0.01603,0.00024,-0.15906,0.08892,0.00802
NVDA240607P01380000,NVDA,2024-06-07,1380.00,put,0.00,455.20,448.35,40,462.05,40,0,0,2024-05-17,0.95632,-0.94705,0.00051,-0.35081,0.23944,-0.76588
NVDA240607C01390000,NVDA,2024-06-07,1390.00,call,0.65,0.77,0.72,5,0.83,32,5,22,2024-05-17,0.74169,0.01447,0.00022,-0.14566,0.08144,0.00724
NVDA240607P01390000,NVDA,2024-06-07,1390.00,put,517.67,465.05,458.05,40,472.05,40,0,0,2024-05-17,0.95632,-0.95036,0.00048,-0.32165,0.22745,-0.77319
NVDA240607C01400000,NVDA,2024-06-07,1400.00,call,0.72,0.74,0.68,26,0.79,28,4,140,2024-05-17,0.74169,0.01305,0.00020,-0.13325,0.07452,0.00654
NVDA240607P01400000,NVDA,2024-06-07,1400.00,put,495.16,474.98,467.90,40,482.05,40,0,0,2024-05-17,0.97583,-0.94965,0.00048,-0.33692,0.23007,-0.77863
NVDA240607C01450000,NVDA,2024-06-07,1450.00,call,0.52,0.53,0.50,36,0.55,20,16,31,2024-05-17,0.76120,0.00926,0.00015,-0.10134,0.05526,0.00464
NVDA240607P01450000,NVDA,2024-06-07,1450.00,put,531.78,524.90,517.90,40,531.90,40,0,0,2024-05-17,1.03437,-0.95316,0.00043,-0.32938,0.21713,-0.80911
NVDA240607C01500000,NVDA,2024-06-07,1500.00,call,0.33,0.45,0.38,38,0.51,65,21,93,2024-05-17,0.80022,0.00802,0.00012,-0.09391,0.04875,0.00401
NVDA240607P01500000,NVDA,2024-06-07,1500.00,put,0.00,575.27,568.50,40,582.05,40,0,0,2024-05-17,1.11241,-0.95231,0.00040,-0.37085,0.22028,-0.83755
NVDA240607C01550000,NVDA,2024-06-07,1550.00,call,0.33,0.35,0.28,45,0.42,79,9,28,2024-05-17,0.81974,0.00599,0.00009,-0.07428,0.03767,0.00300
NVDA240607P01550000,NVDA,2024-06-07,1550.00,put,0.00,625.00,617.95,40,632.05,40,0,0,2024-05-17,1.17095,-0.95424,0.00037,-0.37407,0.21312,-0.86725
NVDA240607C01600000,NVDA,2024-06-07,1600.00,call,0.24,0.26,0.21,43,0.31,46,53,420,2024-05-17,0.83925,0.00456,0.00007,-0.05965,0.02956,0.00228
NVDA240607P01600000,NVDA,2024-06-07,1600.00,put,0.00,675.03,667.95,40,682.10,40,0,0,2024-05-17,1.24899,-0.95252,0.00036,-0.42556,0.21951,-0.89529
NVDA240614C00260000,NVDA,2024-06-14,260.00,call,0.00,665.85,663.65,40,668.05,40,0,0,2024-05-17,0.01976,1.00000,0.00000,-0.03781,0.00000,0.19864
NVDA240614P00260000,NVDA,2024-06-14,260.00,put,0.01,0.01,0.00,0,0.40,49,0,14,2024-05-17,1.30753,-0.00011,0.00000,-0.00256,0.00110,-0.00009
NVDA240614C00280000,NVDA,2024-06-14,280.00,call,0.00,645.98,643.75,40,648.20,40,0,0,2024-05-17,1.38558,0.99954,0.00000,-0.05101,0.00419,0.21356
NVDA240614P00280000,NVDA,2024-06-14,280.00,put,0.00,0.01,0.00,0,0.09,61,0,0,2024-05-17,1.22948,-0.00011,0.00000,-0.00245,0.00113,-0.00009
NVDA240614C00290000,NVDA,2024-06-14,290.00,call,0.00,636.05,633.85,40,638.25,40,0,0,2024-05-17,1.40509,0.99928,0.00001,-0.05814,0.00641,0.22098
NVDA240614P00290000,NVDA,2024-06-14,290.00,put,0.00,0.01,0.00,0,0.09,59,0,0,2024-05-17,1.20997,-0.00014,0.00000,-0.00291,0.00135,-0.00011
NVDA240614C00300000,NVDA,2024-06-14,300.00,call,0.00,626.05,624.05,40,628.05,3,0,0,2024-05-17,1.28802,0.99959,0.00000,-0.05229,0.00379,0.22888
NVDA240614P00300000,NVDA,2024-06-14,300.00,put,0.00,0.05,0.01,4,0.09,56,0,0,2024-05-17,1.30753,-0.00048,0.00001,-0.01020,0.00440,-0.00038
NVDA240614C00310000,NVDA,2024-06-14,310.00,call,0.00,616.05,613.90,40,618.20,40,0,0,2024-05-17,0.01976,1.00000,0.00000,-0.04508,0.00000,0.23684
NVDA240614P00310000,NVDA,2024-06-14,310.00,put,0.00,0.01,0.00,0,0.10,60,0,0,2024-05-17,1.13192,-0.00013,0.00000,-0.00257,0.00128,-0.00010
NVDA240614C00320000,NVDA,2024-06-14,320.00,call,0.00,606.10,603.95,40,608.25,40,0,0,2024-05-17,1.03437,0.99994,0.00000,-0.04762,0.00059,0.24444
NVDA240614P00320000,NVDA,2024-06-14,320.00,put,0.00,0.01,0.00,0,0.10,56,0,0,2024-05-17,1.09290,-0.00012,0.00000,-0.00235,0.00121,-0.00009
NVDA240614C00330000,NVDA,2024-06-14,330.00,call,0.00,596.15,594.00,40,598.30,40,0,0,2024-05-17,1.09290,0.99982,0.00000,-0.05138,0.00175,0.25198
NVDA240614P00330000,NVDA,2024-06-14,330.00,put,0.00,0.06,0.01,4,0.11,60,0,0,2024-05-17,1.22948,-0.00067,0.00001,-0.01295,0.00595,-0.00052
NVDA240614C00340000,NVDA,2024-06-14,340.00,call,0.00,586.20,584.05,40,588.35,40,0,0,2024-05-17,1.11241,0.99968,0.00000,-0.05536,0.00300,0.25951
NVDA240614P00340000,NVDA,2024-06-14,340.00,put,0.00,0.01,0.00,0,0.11,55,0,0,2024-05-17,1.03437,-0.00013,0.00000,-0.00239,0.00131,-0.00010
NVDA240614C00350000,NVDA,2024-06-14,350.00,call,0.00,576.27,574.25,40,578.30,3,0,0,2024-05-17,1.15144,0.99936,0.00001,-0.06262,0.00575,0.26690
NVDA240614P00350000,NVDA,2024-06-14,350.00,put,0.04,0.01,0.00,0,0.12,57,0,16,2024-05-17,1.01485,-0.00015,0.00000,-0.00270,0.00150,-0.00012
NVDA240614C00360000,NVDA,2024-06-14,360.00,call,0.00,566.30,564.15,40,568.45,40,0,0,2024-05-17,1.09290,0.99948,0.00001,-0.06143,0.00469,0.27464
NVDA240614P00360000,NVDA,2024-06-14,360.00,put,0.00,0.01,0.00,0,0.13,59,0,0,2024-05-17,0.97583,-0.00014,0.00000,-0.00233,0.00135,-0.00010
NVDA240614C00370000,NVDA,2024-06-14,370.00,call,533.96,556.38,554.25,40,558.50,40,0,1,2024-05-17,1.13192,0.99901,0.00001,-0.07101,0.00858,0.28191
NVDA240614P00370000,NVDA,2024-06-14,370.00,put,0.07,0.01,0.00,0,0.14,58,2,0,2024-05-17,0.95632,-0.00016,0.00000,-0.00259,0.00153,-0.00012
NVDA240614C00380000,NVDA,2024-06-14,380.00,call,0.00,546.40,544.25,40,548.55,40,0,0,2024-05-17,1.07339,0.99919,0.00001,-0.06869,0.00707,0.28970
NVDA240614P00380000,NVDA,2024-06-14,380.00,put,0.00,0.08,0.01,5,0.15,58,0,0,2024-05-17,1.09290,-0.00096,0.00001,-0.01603,0.00829,-0.00074
NVDA240614C00390000,NVDA,2024-06-14,390.00,call,538.92,536.40,534.35,40,538.45,40,1,0,2024-05-17,0.93681,0.99974,0.00000,-0.06079,0.00245,0.29776
NVDA240614P00390000,NVDA,2024-06-14,390.00,put,0.00,0.09,0.01,62,0.16,56,0,0,2024-05-17,1.07339,-0.00108,0.00001,-0.01762,0.00927,-0.00084
NVDA240614C00400000,NVDA,2024-06-14,400.00,call,551.21,526.52,524.55,40,528.50,40,0,2,2024-05-17,1.05388,0.99878,0.00001,-0.07744,0.01033,0.30466
NVDA240614P00400000,NVDA,2024-06-14,400.00,put,0.15,0.10,0.03,58,0.18,60,2,1,2024-05-17,1.05388,-0.00122,0.00001,-0.01926,0.01033,-0.00094
NVDA240614C00410000,NVDA,2024-06-14,410.00,call,0.00,516.50,514.40,40,518.60,40,0,0,2024-05-17,0.93681,0.99948,0.00001,-0.06742,0.00471,0.31284
NVDA240614P00410000,NVDA,2024-06-14,410.00,put,0.00,0.10,0.04,61,0.15,1,0,0,2024-05-17,1.01485,-0.00115,0.00001,-0.01757,0.00979,-0.00088
NVDA240614C00420000,NVDA,2024-06-14,420.00,call,0.00,506.57,504.50,40,508.65,40,0,0,2024-05-17,0.95632,0.99912,0.00001,-0.07406,0.00767,0.32020
NVDA240614P00420000,NVDA,2024-06-14,420.00,put,0.08,0.08,0.01,1,0.15,1,0,3,2024-05-17,0.97583,-0.00107,0.00001,-0.01581,0.00916,-0.00082
NVDA240614C00430000,NVDA,2024-06-14,430.00,call,0.00,496.70,494.55,40,498.85,40,0,0,2024-05-17,1.01485,0.99801,0.00002,-0.09156,0.01618,0.32698
NVDA240614P00430000,NVDA,2024-06-14,430.00,put,0.12,0.01,0.00,0,0.56,49,0,4,2024-05-17,0.80022,-0.00017,0.00000,-0.00234,0.00166,-0.00013
NVDA240614C00440000,NVDA,2024-06-14,440.00,call,0.00,487.02,485.05,8,489.00,40,0,0,2024-05-17,1.09290,0.99559,0.00005,-0.12799,0.03313,0.33270
NVDA240614P00440000,NVDA,2024-06-14,440.00,put,0.15,0.17,0.01,5,0.32,5,12,11,2024-05-17,0.99534,-0.00221,0.00003,-0.03123,0.01775,-0.00170
NVDA240614C00450000,NVDA,2024-06-14,450.00,call,0.00,476.82,475.25,8,478.40,8,0,0,2024-05-17,0.97583,0.99756,0.00003,-0.09892,0.01942,0.34192
NVDA240614P00450000,NVDA,2024-06-14,450.00,put,0.23,0.23,0.12,57,0.33,119,555,4,2024-05-17,0.99534,-0.00284,0.00003,-0.03924,0.02231,-0.00220
NVDA240614C00460000,NVDA,2024-06-14,460.00,call,484.21,466.95,465.20,8,468.70,8,0,1,2024-05-17,0.99534,0.99638,0.00004,-0.11565,0.02773,0.34863
NVDA240614P00460000,NVDA,2024-06-14,460.00,put,0.15,0.33,0.02,7,0.64,49,0,1,2024-05-17,0.99534,-0.00362,0.00004,-0.04875,0.02773,-0.00280
NVDA240614C00470000,NVDA,2024-06-14,470.00,call,0.00,457.23,455.25,8,459.20,40,0,0,2024-05-17,1.03437,0.99413,0.00006,-0.14634,0.04269,0.35450
NVDA240614P00470000,NVDA,2024-06-14,470.00,put,0.15,0.33,0.02,6,0.63,41,0,9,2024-05-17,0.97583,-0.00397,0.00005,-0.05195,0.03015,-0.00307
NVDA240614C00480000,NVDA,2024-06-14,480.00,call,466.98,447.25,445.30,8,449.20,40,0,1,2024-05-17,0.99534,0.99432,0.00006,-0.14270,0.04148,0.36230
NVDA240614P00480000,NVDA,2024-06-14,480.00,put,0.19,0.34,0.03,5,0.65,40,0,1,2024-05-17,0.95632,-0.00435,0.00005,-0.05520,0.03270,-0.00336
NVDA240614C00490000,NVDA,2024-06-14,490.00,call,0.00,436.88,434.90,40,438.85,8,0,0,2024-05-17,0.80022,0.99863,0.00002,-0.08753,0.01152,0.37332
NVDA240614P00490000,NVDA,2024-06-14,490.00,put,0.25,0.22,0.03,5,0.41,26,1,5,2024-05-17,0.87827,-0.00298,0.00004,-0.03614,0.02332,-0.00228
NVDA240614C00500000,NVDA,2024-06-14,500.00,call,408.70,427.40,425.60,8,429.20,40,0,1,2024-05-17,0.95632,0.99324,0.00008,-0.15440,0.04842,0.37675
NVDA240614P00500000,NVDA,2024-06-14,500.00,put,0.22,0.32,0.25,59,0.39,54,268,34,2024-05-17,0.89778,-0.00448,0.00006,-0.05314,0.03356,-0.00344
NVDA240614C00510000,NVDA,2024-06-14,510.00,call,0.00,417.27,415.55,8,419.00,8,0,0,2024-05-17,0.87827,0.99513,0.00006,-0.13018,0.03616,0.38590
NVDA240614P00510000,NVDA,2024-06-14,510.00,put,0.27,0.25,0.04,1,0.46,44,7,3,2024-05-17,0.83925,-0.00353,0.00005,-0.04012,0.02711,-0.00269
NVDA240614C00520000,NVDA,2024-06-14,520.00,call,0.00,407.33,405.60,8,409.05,8,0,0,2024-05-17,0.85876,0.99472,0.00007,-0.13451,0.03890,0.39322
NVDA240614P00520000,NVDA,2024-06-14,520.00,put,0.21,0.43,0.05,6,0.82,49,0,6,2024-05-17,0.85876,-0.00528,0.00007,-0.05888,0.03890,-0.00405
NVDA240614C00530000,NVDA,2024-06-14,530.00,call,370.72,397.17,395.20,3,399.15,8,0,10,2024-05-17,0.78071,0.99655,0.00005,-0.11364,0.02658,0.40230
NVDA240614P00530000,NVDA,2024-06-14,530.00,put,0.15,0.46,0.06,6,0.86,68,0,2,2024-05-17,0.83925,-0.00572,0.00008,-0.06176,0.04177,-0.00439
NVDA240614C00540000,NVDA,2024-06-14,540.00,call,412.84,387.70,385.75,8,389.65,40,0,0,2024-05-17,0.85876,0.99176,0.00010,-0.16571,0.05763,0.40621
NVDA240614P00540000,NVDA,2024-06-14,540.00,put,0.00,0.47,0.38,56,0.56,90,0,0,2024-05-17,0.81974,-0.00619,0.00008,-0.06463,0.04477,-0.00474
NVDA240614C00550000,NVDA,2024-06-14,550.00,call,0.00,377.57,376.00,8,379.15,7,0,0,2024-05-17,0.81974,0.99225,0.00010,-0.15881,0.05462,0.41425
NVDA240614P00550000,NVDA,2024-06-14,550.00,put,0.38,0.49,0.42,56,0.57,5,6,18,2024-05-17,0.80022,-0.00668,0.00009,-0.06750,0.04791,-0.00511
NVDA240614C00560000,NVDA,2024-06-14,560.00,call,333.44,367.92,365.95,8,369.90,40,0,2,2024-05-17,0.83925,0.98904,0.00013,-0.19062,0.07393,0.41940
NVDA240614P00560000,NVDA,2024-06-14,560.00,put,0.46,0.71,0.44,21,0.98,71,1,16,2024-05-17,0.81974,-0.00962,0.00012,-0.09518,0.06598,-0.00739
NVDA240614C00570000,NVDA,2024-06-14,570.00,call,0.00,357.52,355.55,3,359.50,8,0,0,2024-05-17,0.74169,0.99340,0.00010,-0.14470,0.04738,0.43046
NVDA240614P00570000,NVDA,2024-06-14,570.00,put,0.37,0.75,0.48,28,1.02,67,0,36,2024-05-17,0.80022,-0.01037,0.00013,-0.09918,0.07046,-0.00795
NVDA240614C00580000,NVDA,2024-06-14,580.00,call,324.76,348.05,346.10,8,350.00,40,0,1,2024-05-17,0.78071,0.98883,0.00015,-0.18751,0.07517,0.43456
NVDA240614P00580000,NVDA,2024-06-14,580.00,put,0.43,0.66,0.24,49,1.07,47,0,14,2024-05-17,0.76120,-0.00970,0.00013,-0.08896,0.06649,-0.00741
NVDA240614C00585000,NVDA,2024-06-14,585.00,call,0.00,342.88,341.15,8,344.60,8,0,0,2024-05-17,0.76120,0.98919,0.00015,-0.18282,0.07306,0.43868
NVDA240614P00585000,NVDA,2024-06-14,585.00,put,0.45,0.83,0.56,27,1.10,55,3,12,2024-05-17,0.76120,-0.01081,0.00015,-0.09774,0.07306,-0.00826
NVDA240614C00590000,NVDA,2024-06-14,590.00,call,340.40,337.90,336.15,8,339.65,8,1,2,2024-05-17,0.74169,0.98957,0.00015,-0.17809,0.07082,0.44280
NVDA240614P00590000,NVDA,2024-06-14,590.00,put,0.43,0.71,0.30,46,1.13,43,0,4,2024-05-17,0.74169,-0.01043,0.00015,-0.09229,0.07082,-0.00795
NVDA240614C00595000,NVDA,2024-06-14,595.00,call,319.30,332.75,330.80,3,334.70,10,0,1,2024-05-17,0.70267,0.99144,0.00013,-0.16002,0.05955,0.44809
NVDA240614P00595000,NVDA,2024-06-14,595.00,put,1.58,0.89,0.62,27,1.16,51,0,2,2024-05-17,0.74169,-0.01162,0.00016,-0.10137,0.07781,-0.00887
NVDA240614C00600000,NVDA,2024-06-14,600.00,call,336.04,327.90,326.15,8,329.65,10,1,1,2024-05-17,0.70267,0.99039,0.00014,-0.16859,0.06592,0.45110
NVDA240614P00600000,NVDA,2024-06-14,600.00,put,0.77,0.76,0.68,67,0.83,56,3,25,2024-05-17,0.72218,-0.01120,0.00016,-0.09557,0.07537,-0.00853
NVDA240614C00605000,NVDA,2024-06-14,605.00,call,341.94,323.10,321.35,8,324.85,10,0,1,2024-05-17,0.72218,0.98752,0.00017,-0.19294,0.08279,0.45270
NVDA240614P00605000,NVDA,2024-06-14,605.00,put,0.53,0.96,0.69,28,1.23,48,0,4,2024-05-17,0.74169,-0.01432,0.00019,-0.12140,0.09323,-0.01095
NVDA240614C00610000,NVDA,2024-06-14,610.00,call,315.72,318.17,316.45,8,319.90,8,1,0,2024-05-17,0.72218,0.98612,0.00019,-0.20368,0.09071,0.45545
NVDA240614P00610000,NVDA,2024-06-14,610.00,put,0.85,0.99,0.73,24,1.26,45,0,5,2024-05-17,0.72218,-0.01388,0.00019,-0.11497,0.09071,-0.01058
NVDA240614C00615000,NVDA,2024-06-14,615.00,call,0.00,313.38,311.50,8,315.25,40,0,0,2024-05-17,0.72218,0.98461,0.00021,-0.21507,0.09915,0.45811
NVDA240614P00615000,NVDA,2024-06-14,615.00,put,0.60,1.04,0.77,27,1.30,42,0,6,2024-05-17,0.72218,-0.01539,0.00021,-0.12563,0.09915,-0.01175
NVDA240614C00620000,NVDA,2024-06-14,620.00,call,317.96,308.30,306.60,8,310.00,10,1,0,2024-05-17,0.70267,0.98510,0.00021,-0.20899,0.09642,0.46233
NVDA240614P00620000,NVDA,2024-06-14,620.00,put,1.18,1.08,0.82,23,1.34,40,0,41,2024-05-17,0.70267,-0.01490,0.00021,-0.11883,0.09642,-0.01135
NVDA240614C00625000,NVDA,2024-06-14,625.00,call,300.43,303.38,301.60,5,305.15,8,1,0,2024-05-17,0.70267,0.98348,0.00023,-0.22072,0.10538,0.46490
NVDA240614P00625000,NVDA,2024-06-14,625.00,put,1.21,1.13,0.87,23,1.39,37,0,7,2024-05-17,0.70267,-0.01652,0.00023,-0.12983,0.10538,-0.01259
NVDA240614C00630000,NVDA,2024-06-14,630.00,call,0.00,298.30,296.40,5,300.20,9,0,0,2024-05-17,0.66364,0.98618,0.00021,-0.19673,0.09038,0.47084
NVDA240614P00630000,NVDA,2024-06-14,630.00,put,0.98,1.19,0.93,34,1.44,27,5,13,2024-05-17,0.70267,-0.01828,0.00025,-0.14151,0.11489,-0.01395
NVDA240614C00635000,NVDA,2024-06-14,635.00,call,0.00,293.40,291.50,5,295.30,9,0,0,2024-05-17,0.66364,0.98459,0.00023,-0.20776,0.09926,0.47344
NVDA240614P00635000,NVDA,2024-06-14,635.00,put,0.74,1.25,0.99,29,1.50,32,0,5,2024-05-17,0.68315,-0.01773,0.00025,-0.13398,0.11193,-0.01350
NVDA240614C00640000,NVDA,2024-06-14,640.00,call,0.00,288.45,286.55,5,290.35,9,0,0,2024-05-17,0.66364,0.98286,0.00025,-0.21947,0.10875,0.47594
NVDA240614P00640000,NVDA,2024-06-14,640.00,put,1.10,1.25,1.05,21,1.46,6,1,13,2024-05-17,0.68315,-0.01962,0.00027,-0.14601,0.12202,-0.01495
NVDA240614C00645000,NVDA,2024-06-14,645.00,call,249.52,283.88,282.05,5,285.70,30,0,1,2024-05-17,0.68315,0.97833,0.00030,-0.25255,0.13271,0.47625
NVDA240614P00645000,NVDA,2024-06-14,645.00,put,1.10,1.25,1.13,26,1.36,19,2,15,2024-05-17,0.66364,-0.01902,0.00027,-0.13808,0.11884,-0.01446
NVDA240614C00650000,NVDA,2024-06-14,650.00,call,264.88,278.82,277.25,10,280.40,10,0,1,2024-05-17,0.66364,0.97894,0.00030,-0.24500,0.12954,0.48058
NVDA240614P00650000,NVDA,2024-06-14,650.00,put,1.16,1.29,1.21,1,1.37,33,10,194,2024-05-17,0.66364,-0.02106,0.00030,-0.15047,0.12954,-0.01602
NVDA240614C00655000,NVDA,2024-06-14,655.00,call,303.33,274.18,272.35,5,276.00,38,0,1,2024-05-17,0.66364,0.97674,0.00032,-0.25883,0.14088,0.48271
NVDA240614P00655000,NVDA,2024-06-14,655.00,put,1.01,1.41,1.29,6,1.53,18,0,28,2024-05-17,0.64413,-0.02040,0.00030,-0.14212,0.12612,-0.01548
NVDA240614C00660000,NVDA,2024-06-14,660.00,call,272.13,269.27,267.30,11,271.25,27,0,5,2024-05-17,0.66364,0.97437,0.00035,-0.27339,0.15284,0.48470
NVDA240614P00660000,NVDA,2024-06-14,660.00,put,1.59,1.46,1.38,27,1.55,26,7,22,2024-05-17,0.64413,-0.02259,0.00033,-0.15488,0.13749,-0.01716
NVDA240614C00665000,NVDA,2024-06-14,665.00,call,293.45,264.17,262.45,5,265.90,10,0,1,2024-05-17,0.64413,0.97504,0.00035,-0.26507,0.14951,0.48908
NVDA240614P00665000,NVDA,2024-06-14,665.00,put,1.62,1.56,1.48,25,1.65,24,2,6,2024-05-17,0.64413,-0.02496,0.00035,-0.16836,0.14951,-0.01898
NVDA240614C00670000,NVDA,2024-06-14,670.00,call,265.00,259.35,257.70,5,261.00,10,2,2,2024-05-17,0.64413,0.97248,0.00038,-0.28002,0.16220,0.49093
NVDA240614P00670000,NVDA,2024-06-14,670.00,put,1.66,1.67,1.58,26,1.76,23,3,19,2024-05-17,0.62462,-0.02424,0.00036,-0.15923,0.14589,-0.01839
NVDA240614C00675000,NVDA,2024-06-14,675.00,call,274.85,254.67,252.70,11,256.65,22,0,1,2024-05-17,0.64413,0.96974,0.00042,-0.29570,0.17555,0.49264
NVDA240614P00675000,NVDA,2024-06-14,675.00,put,1.72,1.78,1.69,26,1.87,27,23,63,2024-05-17,0.62462,-0.02680,0.00039,-0.17309,0.15866,-0.02034
NVDA240614C00680000,NVDA,2024-06-14,680.00,call,241.21,249.85,247.90,5,251.80,20,0,6,2024-05-17,0.64413,0.96679,0.00045,-0.31211,0.18956,0.49419
NVDA240614P00680000,NVDA,2024-06-14,680.00,put,1.49,1.92,1.82,23,2.01,23,1,44,2024-05-17,0.62462,-0.02955,0.00042,-0.18770,0.17212,-0.02246
NVDA240614C00685000,NVDA,2024-06-14,685.00,call,0.00,244.72,243.00,8,246.45,10,0,0,2024-05-17,0.62462,0.96749,0.00045,-0.30268,0.18627,0.49861
NVDA240614P00685000,NVDA,2024-06-14,685.00,put,2.03,2.05,1.96,22,2.14,20,1,22,2024-05-17,0.62462,-0.03251,0.00045,-0.20306,0.18627,-0.02473
NVDA240614C00690000,NVDA,2024-06-14,690.00,call,0.00,240.00,238.35,5,241.65,10,0,0,2024-05-17,0.62462,0.96431,0.00049,-0.31950,0.20111,0.49998
NVDA240614P00690000,NVDA,2024-06-14,690.00,put,2.03,2.21,2.11,21,2.30,21,1,366,2024-05-17,0.60511,-0.03175,0.00046,-0.19278,0.18265,-0.02409
NVDA240614C00695000,NVDA,2024-06-14,695.00,call,224.10,235.10,233.35,5,236.85,10,0,0,2024-05-17,0.60511,0.96505,0.00050,-0.30961,0.19767,0.50444
NVDA240614P00695000,NVDA,2024-06-14,695.00,put,2.19,2.37,2.27,22,2.47,20,9,35,2024-05-17,0.60511,-0.03495,0.00050,-0.20854,0.19767,-0.02654
NVDA240614C00700000,NVDA,2024-06-14,700.00,call,231.80,230.35,229.70,1,231.00,1,1,7,2024-05-17,0.60511,0.96162,0.00054,-0.32684,0.21341,0.50562
NVDA240614P00700000,NVDA,2024-06-14,700.00,put,2.55,2.58,2.46,18,2.70,6,84,141,2024-05-17,0.60511,-0.03838,0.00054,-0.22504,0.21341,-0.02917
NVDA240614C00705000,NVDA,2024-06-14,705.00,call,199.06,225.50,224.70,1,226.30,1,0,1,2024-05-17,0.60511,0.95795,0.00058,-0.34481,0.22986,0.50662
NVDA240614P00705000,NVDA,2024-06-14,705.00,put,2.77,2.79,2.65,20,2.92,7,4,10,2024-05-17,0.60511,-0.04205,0.00058,-0.24228,0.22986,-0.03200
NVDA240614C00710000,NVDA,2024-06-14,710.00,call,204.40,220.72,219.95,10,221.50,1,0,1,2024-05-17,0.60511,0.95403,0.00062,-0.36349,0.24700,0.50742
NVDA240614P00710000,NVDA,2024-06-14,710.00,put,2.93,3.00,2.86,20,3.15,7,7,34,2024-05-17,0.60511,-0.04597,0.00062,-0.26023,0.24700,-0.03502
NVDA240614C00715000,NVDA,2024-06-14,715.00,call,229.10,215.97,215.20,5,216.75,1,2,2,2024-05-17,0.60511,0.94984,0.00067,-0.38287,0.26483,0.50801
NVDA240614P00715000,NVDA,2024-06-14,715.00,put,3.25,3.25,3.10,21,3.40,7,4,71,2024-05-17,0.60511,-0.05016,0.00067,-0.27888,0.26483,-0.03824
NVDA240614C00720000,NVDA,2024-06-14,720.00,call,213.48,211.28,210.50,1,212.05,1,3,1,2024-05-17,0.58560,0.95049,0.00068,-0.37162,0.26210,0.51242
NVDA240614P00720000,NVDA,2024-06-14,720.00,put,3.47,3.53,3.35,37,3.70,11,13,33,2024-05-17,0.58560,-0.04951,0.00068,-0.26691,0.26210,-0.03765
NVDA240614C00725000,NVDA,2024-06-14,725.00,call,215.06,206.57,205.80,10,207.35,1,1,0,2024-05-17,0.58560,0.94597,0.00073,-0.39141,0.28096,0.51276
NVDA240614P00725000,NVDA,2024-06-14,725.00,put,3.71,3.80,3.65,38,3.95,7,11,203,2024-05-17,0.58560,-0.05403,0.00073,-0.28597,0.28096,-0.04113
NVDA240614C00730000,NVDA,2024-06-14,730.00,call,210.55,202.00,201.30,1,202.70,1,2,2,2024-05-17,0.58560,0.94116,0.00078,-0.41185,0.30049,0.51288
NVDA240614P00730000,NVDA,2024-06-14,730.00,put,4.08,4.12,3.95,43,4.30,7,8,153,2024-05-17,0.58560,-0.05884,0.00078,-0.30568,0.30049,-0.04484
NVDA240614C00735000,NVDA,2024-06-14,735.00,call,204.10,197.28,196.50,1,198.05,1,2,2,2024-05-17,0.58560,0.93606,0.00083,-0.43292,0.32065,0.51276
NVDA240614P00735000,NVDA,2024-06-14,735.00,put,4.34,4.47,4.30,16,4.65,9,1,44,2024-05-17,0.58560,-0.06394,0.00083,-0.32602,0.32065,-0.04878
NVDA240614C00740000,NVDA,2024-06-14,740.00,call,209.10,192.68,191.90,1,193.45,1,0,8,2024-05-17,0.58560,0.93066,0.00089,-0.45457,0.34143,0.51240
NVDA240614P00740000,NVDA,2024-06-14,740.00,put,4.94,4.85,4.65,39,5.05,7,8,117,2024-05-17,0.58560,-0.06934,0.00089,-0.34695,0.34143,-0.05295
NVDA240614C00745000,NVDA,2024-06-14,745.00,call,202.85,188.15,187.40,5,188.90,1,2,12,2024-05-17,0.58560,0.92495,0.00094,-0.47677,0.36276,0.51180
NVDA240614P00745000,NVDA,2024-06-14,745.00,put,5.30,5.25,5.05,47,5.45,6,7,110,2024-05-17,0.58560,-0.07505,0.00094,-0.36842,0.36276,-0.05737
NVDA240614C00750000,NVDA,2024-06-14,750.00,call,199.65,183.88,182.25,10,185.50,1,24,2046,2024-05-17,0.58560,0.91893,0.00100,-0.49946,0.38462,0.51095
NVDA240614P00750000,NVDA,2024-06-14,750.00,put,5.90,5.62,5.40,5,5.85,5,36,258,2024-05-17,0.58560,-0.08107,0.00100,-0.39039,0.38462,-0.06204
NVDA240614C00755000,NVDA,2024-06-14,755.00,call,194.35,179.07,178.30,2,179.85,1,2,34,2024-05-17,0.58560,0.91261,0.00106,-0.52260,0.40694,0.50985
NVDA240614P00755000,NVDA,2024-06-14,755.00,put,6.10,6.12,5.95,41,6.30,1,9,97,2024-05-17,0.58560,-0.08739,0.00106,-0.41280,0.40694,-0.06696
NVDA240614C00760000,NVDA,2024-06-14,760.00,call,183.00,174.62,173.85,2,175.40,1,2,6,2024-05-17,0.58560,0.90596,0.00112,-0.54613,0.42969,0.50850
NVDA240614P00760000,NVDA,2024-06-14,760.00,put,6.87,6.65,6.40,12,6.90,5,40,705,2024-05-17,0.56608,-0.08753,0.00110,-0.39909,0.40740,-0.06689
NVDA240614C00765000,NVDA,2024-06-14,765.00,call,176.46,170.25,169.65,5,170.85,1,3,8,2024-05-17,0.58560,0.89900,0.00118,-0.57000,0.45281,0.50689
NVDA240614P00765000,NVDA,2024-06-14,765.00,put,7.53,7.28,7.05,68,7.50,5,18,671,2024-05-17,0.58560,-0.10100,0.00118,-0.45874,0.45281,-0.07757
NVDA240614C00770000,NVDA,2024-06-14,770.00,call,149.60,165.85,165.20,1,166.50,1,0,12,2024-05-17,0.56608,0.89845,0.00122,-0.55670,0.45459,0.51050
NVDA240614P00770000,NVDA,2024-06-14,770.00,put,7.60,7.88,7.60,9,8.15,12,13,173,2024-05-17,0.56608,-0.10155,0.00122,-0.44472,0.45459,-0.07778
NVDA240614C00775000,NVDA,2024-06-14,775.00,call,170.40,161.55,160.90,1,162.20,1,4,5,2024-05-17,0.56608,0.89093,0.00129,-0.58069,0.47870,0.50846
NVDA240614P00775000,NVDA,2024-06-14,775.00,put,8.30,8.53,8.25,20,8.80,5,11,87,2024-05-17,0.56608,-0.10907,0.00129,-0.46798,0.47870,-0.08364
NVDA240614C00780000,NVDA,2024-06-14,780.00,call,157.35,157.27,156.60,1,157.95,1,12,7,2024-05-17,0.56608,0.88307,0.00135,-0.60489,0.50308,0.50615
NVDA240614P00780000,NVDA,2024-06-14,780.00,put,10.70,9.18,9.00,31,9.35,1,76,134,2024-05-17,0.56608,-0.11693,0.00135,-0.49146,0.50308,-0.08977
NVDA240614C00785000,NVDA,2024-06-14,785.00,call,160.81,153.12,152.55,6,153.70,1,35,6,2024-05-17,0.56608,0.87487,0.00142,-0.62924,0.52765,0.50355
NVDA240614P00785000,NVDA,2024-06-14,785.00,put,9.71,10.05,9.80,38,10.30,5,17,62,2024-05-17,0.56608,-0.12513,0.00142,-0.51508,0.52765,-0.09618
NVDA240614C00790000,NVDA,2024-06-14,790.00,call,151.15,148.90,148.25,5,149.55,1,10,6,2024-05-17,0.56608,0.86633,0.00149,-0.65366,0.55235,0.50069
NVDA240614P00790000,NVDA,2024-06-14,790.00,put,11.75,10.80,10.50,5,11.10,4,38,102,2024-05-17,0.56608,-0.13367,0.00149,-0.53876,0.55235,-0.10287
NVDA240614C00795000,NVDA,2024-06-14,795.00,call,156.25,144.80,144.10,1,145.50,1,8,7,2024-05-17,0.56608,0.85746,0.00155,-0.67807,0.57709,0.49754
NVDA240614P00795000,NVDA,2024-06-14,795.00,put,12.87,11.70,11.40,5,12.00,6,12,93,2024-05-17,0.56608,-0.14254,0.00155,-0.56245,0.57709,-0.10983
NVDA240614C00800000,NVDA,2024-06-14,800.00,call,140.75,140.75,140.10,1,141.40,1,7,129,2024-05-17,0.56608,0.84826,0.00162,-0.70241,0.60181,0.49412
NVDA240614P00800000,NVDA,2024-06-14,800.00,put,12.73,12.62,12.35,4,12.90,4,72,350,2024-05-17,0.56608,-0.15174,0.00162,-0.58607,0.60181,-0.11707
NVDA240614C00805000,NVDA,2024-06-14,805.00,call,144.70,136.75,136.05,1,137.45,1,20,2,2024-05-17,0.56608,0.83873,0.00169,-0.72660,0.62644,0.49043
NVDA240614P00805000,NVDA,2024-06-14,805.00,put,12.60,13.68,13.40,7,13.95,10,16,86,2024-05-17,0.56608,-0.16127,0.00169,-0.60953,0.62644,-0.12458
NVDA240614C00810000,NVDA,2024-06-14,810.00,call,144.90,132.82,132.15,1,133.50,1,8,77,2024-05-17,0.56608,0.82888,0.00175,-0.75056,0.65089,0.48647
NVDA240614P00810000,NVDA,2024-06-14,810.00,put,14.71,14.68,14.35,8,15.00,10,31,72,2024-05-17,0.56608,-0.17112,0.00175,-0.63276,0.65089,-0.13237
NVDA240614C00815000,NVDA,2024-06-14,815.00,call,136.40,128.95,128.25,1,129.65,1,6,6,2024-05-17,0.56608,0.81873,0.00182,-0.77422,0.67509,0.48224
NVDA240614P00815000,NVDA,2024-06-14,815.00,put,16.00,15.83,15.55,9,16.10,4,16,94,2024-05-17,0.56608,-0.18127,0.00182,-0.65570,0.67509,-0.14041
NVDA240614C00820000,NVDA,2024-06-14,820.00,call,135.90,125.15,124.45,1,125.85,1,6,12,2024-05-17,0.56608,0.80826,0.00188,-0.79750,0.69897,0.47776
NVDA240614P00820000,NVDA,2024-06-14,820.00,put,16.92,16.95,16.60,6,17.30,10,29,179,2024-05-17,0.56608,-0.19174,0.00188,-0.67825,0.69897,-0.14872
NVDA240614C00825000,NVDA,2024-06-14,825.00,call,121.10,121.40,120.70,1,122.10,1,22,10,2024-05-17,0.56608,0.79750,0.00195,-0.82034,0.72245,0.47301
NVDA240614P00825000,NVDA,2024-06-14,825.00,put,18.13,18.20,17.85,7,18.55,10,127,90,2024-05-17,0.56608,-0.20250,0.00195,-0.70035,0.72245,-0.15728
NVDA240614C00830000,NVDA,2024-06-14,830.00,call,127.05,117.70,117.00,5,118.40,1,6,4,2024-05-17,0.56608,0.78646,0.00201,-0.84264,0.74545,0.46802
NVDA240614P00830000,NVDA,2024-06-14,830.00,put,21.24,19.50,19.15,7,19.85,5,118,106,2024-05-17,0.56608,-0.21354,0.00201,-0.72193,0.74545,-0.16609
NVDA240614C00835000,NVDA,2024-06-14,835.00,call,120.15,114.10,113.40,1,114.80,1,11,10,2024-05-17,0.56608,0.77514,0.00207,-0.86435,0.76792,0.46279
NVDA240614P00835000,NVDA,2024-06-14,835.00,put,19.06,20.88,20.50,5,21.25,4,8,32,2024-05-17,0.56608,-0.22486,0.00207,-0.74292,0.76792,-0.17515
NVDA240614C00840000,NVDA,2024-06-14,840.00,call,110.25,110.55,109.85,1,111.25,1,19,4,2024-05-17,0.56608,0.76356,0.00213,-0.88540,0.78977,0.45732
NVDA240614P00840000,NVDA,2024-06-14,840.00,put,22.70,22.32,21.95,5,22.70,3,45,112,2024-05-17,0.56608,-0.23644,0.00213,-0.76324,0.78977,-0.18443
NVDA240614C00845000,NVDA,2024-06-14,845.00,call,106.70,107.07,106.35,1,107.80,1,4,25,2024-05-17,0.56608,0.75174,0.00218,-0.90572,0.81094,0.45163
NVDA240614P00845000,NVDA,2024-06-14,845.00,put,23.90,23.82,23.45,5,24.20,6,9,70,2024-05-17,0.56608,-0.24826,0.00218,-0.78283,0.81094,-0.19395
NVDA240614C00850000,NVDA,2024-06-14,850.00,call,103.15,103.65,103.00,2,104.30,1,9,17,2024-05-17,0.56608,0.73967,0.00224,-0.92524,0.83137,0.44572
NVDA240614P00850000,NVDA,2024-06-14,850.00,put,25.52,25.40,25.05,10,25.75,3,26,117,2024-05-17,0.56608,-0.26033,0.00224,-0.80163,0.83137,-0.20368
NVDA240614C00855000,NVDA,2024-06-14,855.00,call,116.47,100.30,99.60,1,101.00,1,0,15,2024-05-17,0.56608,0.72739,0.00229,-0.94391,0.85099,0.43960
NVDA240614P00855000,NVDA,2024-06-14,855.00,put,29.35,27.02,26.65,6,27.40,7,7,72,2024-05-17,0.56608,-0.27261,0.00229,-0.81957,0.85099,-0.21362
NVDA240614C00860000,NVDA,2024-06-14,860.00,call,98.95,97.08,96.40,3,97.75,1,4,111,2024-05-17,0.56608,0.71489,0.00234,-0.96168,0.86975,0.43328
NVDA240614P00860000,NVDA,2024-06-14,860.00,put,28.79,28.73,28.35,7,29.10,7,46,57,2024-05-17,0.56608,-0.28511,0.00234,-0.83660,0.86975,-0.22376
NVDA240614C00865000,NVDA,2024-06-14,865.00,call,93.80,93.88,93.20,3,94.55,10,6,28,2024-05-17,0.56608,0.70221,0.00239,-0.97847,0.88759,0.42677
NVDA240614P00865000,NVDA,2024-06-14,865.00,put,30.90,30.67,30.45,3,30.90,7,12,67,2024-05-17,0.58560,-0.30209,0.00233,-0.88881,0.89337,-0.23847
NVDA240614C00870000,NVDA,2024-06-14,870.00,call,88.49,90.72,90.05,3,91.40,10,5,101,2024-05-17,0.56608,0.68935,0.00244,-0.99426,0.90447,0.42009
NVDA240614P00870000,NVDA,2024-06-14,870.00,put,32.50,32.35,31.95,10,32.75,7,31,96,2024-05-17,0.56608,-0.31065,0.00244,-0.86774,0.90447,-0.24459
NVDA240614C00875000,NVDA,2024-06-14,875.00,call,106.15,87.62,86.95,3,88.30,1,0,16,2024-05-17,0.56608,0.67633,0.00248,-1.00900,0.92033,0.41324
NVDA240614P00875000,NVDA,2024-06-14,875.00,put,33.73,34.28,33.85,3,34.70,3,20,150,2024-05-17,0.56608,-0.32367,0.00248,-0.88174,0.92033,-0.25526
NVDA240614C00880000,NVDA,2024-06-14,880.00,call,89.56,84.62,83.95,7,85.30,4,3,59,2024-05-17,0.56608,0.66316,0.00252,-1.02263,0.93514,0.40623
NVDA240614P00880000,NVDA,2024-06-14,880.00,put,36.48,36.25,35.85,7,36.65,7,33,107,2024-05-17,0.56608,-0.33684,0.00252,-0.89465,0.93514,-0.26608
NVDA240614C00885000,NVDA,2024-06-14,885.00,call,82.25,81.68,81.20,5,82.15,2,2,83,2024-05-17,0.56608,0.64987,0.00255,-1.03514,0.94886,0.39909
NVDA240614P00885000,NVDA,2024-06-14,885.00,put,38.30,38.30,37.90,3,38.70,6,15,53,2024-05-17,0.58560,-0.35292,0.00248,-0.94169,0.95159,-0.28045
NVDA240614C00890000,NVDA,2024-06-14,890.00,call,90.80,78.80,78.35,5,79.25,2,0,121,2024-05-17,0.58560,0.63410,0.00251,-1.08159,0.96356,0.38868
NVDA240614P00890000,NVDA,2024-06-14,890.00,put,40.47,40.42,40.00,10,40.85,6,46,165,2024-05-17,0.58560,-0.36590,0.00251,-0.95216,0.96356,-0.29127
NVDA240614C00895000,NVDA,2024-06-14,895.00,call,75.65,76.00,75.55,5,76.45,2,7,178,2024-05-17,0.58560,0.62103,0.00254,-1.09163,0.97446,0.38157
NVDA240614P00895000,NVDA,2024-06-14,895.00,put,42.51,42.62,42.20,6,43.05,5,35,65,2024-05-17,0.58560,-0.37897,0.00254,-0.96147,0.97446,-0.30220
NVDA240614C00900000,NVDA,2024-06-14,900.00,call,72.70,73.28,72.85,5,73.70,5,60,217,2024-05-17,0.58560,0.60789,0.00256,-1.10049,0.98424,0.37436
NVDA240614P00900000,NVDA,2024-06-14,900.00,put,44.24,44.88,44.50,3,45.25,5,139,383,2024-05-17,0.58560,-0.39211,0.00256,-0.96960,0.98424,-0.31324
NVDA240614C00905000,NVDA,2024-06-14,905.00,call,71.25,70.60,70.15,5,71.05,5,21,129,2024-05-17,0.58560,0.59471,0.00258,-1.10817,0.99291,0.36706
NVDA240614P00905000,NVDA,2024-06-14,905.00,put,46.25,47.22,46.80,3,47.65,3,68,31,2024-05-17,0.58560,-0.40529,0.00258,-0.97655,0.99291,-0.32436
NVDA240614C00910000,NVDA,2024-06-14,910.00,call,66.95,68.00,67.55,5,68.45,5,10,61,2024-05-17,0.58560,0.58149,0.00260,-1.11465,1.00045,0.35968
NVDA240614P00910000,NVDA,2024-06-14,910.00,put,48.72,49.60,49.15,5,50.05,6,62,83,2024-05-17,0.58560,-0.41851,0.00260,-0.98231,1.00045,-0.33555
NVDA240614C00915000,NVDA,2024-06-14,915.00,call,64.88,65.45,65.00,6,65.90,2,21,61,2024-05-17,0.58560,0.56825,0.00262,-1.11993,1.00686,0.35224
NVDA240614P00915000,NVDA,2024-06-14,915.00,put,51.23,52.15,50.90,42,53.40,11,40,28,2024-05-17,0.58560,-0.43175,0.00262,-0.98686,1.00686,-0.34681
NVDA240614C00920000,NVDA,2024-06-14,920.00,call,62.35,62.98,62.50,13,63.45,2,39,148,2024-05-17,0.58560,0.55501,0.00263,-1.12400,1.01212,0.34474
NVDA240614P00920000,NVDA,2024-06-14,920.00,put,55.50,54.67,53.40,38,55.95,11,66,90,2024-05-17,0.58560,-0.44499,0.00263,-0.99021,1.01212,-0.35813
NVDA240614C00925000,NVDA,2024-06-14,925.00,call,60.21,60.60,60.15,6,61.05,2,212,80,2024-05-17,0.58560,0.54177,0.00265,-1.12688,1.01624,0.33720
NVDA240614P00925000,NVDA,2024-06-14,925.00,put,56.45,57.25,56.00,40,58.50,31,44,163,2024-05-17,0.58560,-0.45823,0.00265,-0.99235,1.01624,-0.36949
NVDA240614C00930000,NVDA,2024-06-14,930.00,call,58.02,58.25,57.80,6,58.70,3,54,130,2024-05-17,0.58560,0.52857,0.00265,-1.12856,1.01923,0.32963
NVDA240614P00930000,NVDA,2024-06-14,930.00,put,59.85,60.23,59.25,33,61.20,18,76,31,2024-05-17,0.58560,-0.47143,0.00265,-0.99331,1.01923,-0.38088
NVDA240614C00935000,NVDA,2024-06-14,935.00,call,57.22,55.95,55.50,6,56.40,3,91,145,2024-05-17,0.58560,0.51540,0.00266,-1.12906,1.02109,0.32204
NVDA240614P00935000,NVDA,2024-06-14,935.00,put,61.50,62.92,61.95,39,63.90,31,52,170,2024-05-17,0.58560,-0.48460,0.00266,-0.99308,1.02109,-0.39230
NVDA240614C00940000,NVDA,2024-06-14,940.00,call,54.59,53.75,53.30,6,54.20,3,128,207,2024-05-17,0.58560,0.50228,0.00266,-1.12839,1.02183,0.31443
NVDA240614P00940000,NVDA,2024-06-14,940.00,put,66.00,65.45,64.25,5,66.65,22,121,34,2024-05-17,0.58560,-0.49772,0.00266,-0.99168,1.02183,-0.40372
NVDA240614C00945000,NVDA,2024-06-14,945.00,call,51.05,51.60,51.15,6,52.05,5,189,168,2024-05-17,0.58560,0.48924,0.00266,-1.12657,1.02147,0.30682
NVDA240614P00945000,NVDA,2024-06-14,945.00,put,68.40,68.55,67.55,43,69.55,17,22,63,2024-05-17,0.58560,-0.51076,0.00266,-0.98914,1.02147,-0.41515
NVDA240614C00950000,NVDA,2024-06-14,950.00,call,49.20,49.55,49.15,5,49.95,2,539,263,2024-05-17,0.58560,0.47627,0.00266,-1.12362,1.02004,0.29922
NVDA240614P00950000,NVDA,2024-06-14,950.00,put,70.35,71.40,70.45,42,72.35,13,57,129,2024-05-17,0.58560,-0.52373,0.00266,-0.98546,1.02004,-0.42657
NVDA240614C00955000,NVDA,2024-06-14,955.00,call,47.00,47.53,47.10,6,47.95,10,24,162,2024-05-17,0.58560,0.46340,0.00265,-1.11957,1.01754,0.29164
NVDA240614P00955000,NVDA,2024-06-14,955.00,put,73.85,74.15,72.90,18,75.40,21,113,46,2024-05-17,0.58560,-0.53660,0.00265,-0.98068,1.01754,-0.43797
NVDA240614C00960000,NVDA,2024-06-14,960.00,call,45.60,45.53,45.10,6,45.95,6,41,108,2024-05-17,0.58560,0.45063,0.00264,-1.11444,1.01401,0.28408
NVDA240614P00960000,NVDA,2024-06-14,960.00,put,73.39,77.38,76.25,45,78.50,1,16,18,2024-05-17,0.58560,-0.54937,0.00264,-0.97482,1.01401,-0.44935
NVDA240614C00965000,NVDA,2024-06-14,965.00,call,44.62,43.62,43.20,6,44.05,6,8,38,2024-05-17,0.58560,0.43797,0.00263,-1.10826,1.00947,0.27656
NVDA240614P00965000,NVDA,2024-06-14,965.00,put,95.75,80.47,79.35,42,81.60,20,0,2,2024-05-17,0.58560,-0.56203,0.00263,-0.96792,1.00947,-0.46069
NVDA240614C00970000,NVDA,2024-06-14,970.00,call,42.24,41.78,41.35,6,42.20,3,13,75,2024-05-17,0.58560,0.42545,0.00261,-1.10106,1.00395,0.26909
NVDA240614P00970000,NVDA,2024-06-14,970.00,put,76.45,83.82,82.85,24,84.80,1,18,8,2024-05-17,0.58560,-0.57455,0.00261,-0.95999,1.00395,-0.47198
NVDA240614C00975000,NVDA,2024-06-14,975.00,call,39.56,40.03,39.60,6,40.45,6,25,100,2024-05-17,0.58560,0.41306,0.00260,-1.09289,0.99749,0.26167
NVDA240614P00975000,NVDA,2024-06-14,975.00,put,85.00,86.75,85.50,50,88.00,19,6,16,2024-05-17,0.58560,-0.58694,0.00260,-0.95109,0.99749,-0.48323
NVDA240614C00980000,NVDA,2024-06-14,980.00,call,38.25,38.30,37.90,10,38.70,3,11,40,2024-05-17,0.58560,0.40083,0.00258,-1.08377,0.99011,0.25431
NVDA240614P00980000,NVDA,2024-06-14,980.00,put,89.80,90.20,89.10,33,91.30,10,44,89,2024-05-17,0.58560,-0.59917,0.00258,-0.94125,0.99011,-0.49441
NVDA240614C00985000,NVDA,2024-06-14,985.00,call,38.00,36.60,36.15,16,37.05,4,5,41,2024-05-17,0.58560,0.38875,0.00256,-1.07375,0.98185,0.24701
NVDA240614P00985000,NVDA,2024-06-14,985.00,put,108.80,93.38,92.05,25,94.70,10,0,71,2024-05-17,0.58560,-0.61125,0.00256,-0.93050,0.98185,-0.50552
NVDA240614C00990000,NVDA,2024-06-14,990.00,call,34.68,35.00,34.60,10,35.40,3,20,27,2024-05-17,0.58560,0.37684,0.00253,-1.06286,0.97275,0.23979
NVDA240614P00990000,NVDA,2024-06-14,990.00,put,81.00,96.72,95.40,9,98.05,10,0,50,2024-05-17,0.58560,-0.62316,0.00253,-0.91888,0.97275,-0.51656
NVDA240614C00995000,NVDA,2024-06-14,995.00,call,34.33,33.45,33.05,10,33.85,3,13,60,2024-05-17,0.58560,0.36510,0.00251,-1.05115,0.96285,0.23266
NVDA240614P00995000,NVDA,2024-06-14,995.00,put,85.00,100.45,98.90,47,102.00,41,0,63,2024-05-17,0.58560,-0.63490,0.00251,-0.90645,0.96285,-0.52752
NVDA240614C01000000,NVDA,2024-06-14,1000.00,call,32.24,31.95,31.55,6,32.35,7,180,376,2024-05-17,0.58560,0.35354,0.00248,-1.03866,0.95219,0.22561
NVDA240614P01000000,NVDA,2024-06-14,1000.00,put,97.30,103.93,102.15,11,105.70,4,7,138,2024-05-17,0.58560,-0.64646,0.00248,-0.89323,0.95219,-0.53838
NVDA240614C01005000,NVDA,2024-06-14,1005.00,call,34.24,30.48,30.05,7,30.90,4,1,53,2024-05-17,0.56608,0.33504,0.00251,-0.98426,0.93320,0.21499
NVDA240614P01005000,NVDA,2024-06-14,1005.00,put,93.70,107.70,105.90,12,109.50,5,0,38,2024-05-17,0.58560,-0.65782,0.00245,-0.87927,0.94081,-0.54916
NVDA240614C01010000,NVDA,2024-06-14,1010.00,call,29.61,29.00,27.80,5,30.20,5,210,943,2024-05-17,0.56608,0.32359,0.00248,-0.96981,0.92024,0.20792
NVDA240614P01010000,NVDA,2024-06-14,1010.00,put,97.10,111.22,109.30,34,113.15,33,0,67,2024-05-17,0.58560,-0.66899,0.00242,-0.86462,0.92874,-0.55983
NVDA240614C01015000,NVDA,2024-06-14,1015.00,call,27.50,27.75,27.35,7,28.15,3,13,16,2024-05-17,0.56608,0.31236,0.00244,-0.95472,0.90662,0.20096
NVDA240614P01015000,NVDA,2024-06-14,1015.00,put,106.30,114.88,113.10,31,116.65,1,2,74,2024-05-17,0.58560,-0.67995,0.00238,-0.84933,0.91604,-0.57040
NVDA240614C01020000,NVDA,2024-06-14,1020.00,call,26.97,26.45,26.05,7,26.85,4,21,85,2024-05-17,0.56608,0.30135,0.00240,-0.93903,0.89238,0.19412
NVDA240614P01020000,NVDA,2024-06-14,1020.00,put,96.05,118.32,116.60,13,120.05,10,0,47,2024-05-17,0.58560,-0.69071,0.00235,-0.83343,0.90274,-0.58086
NVDA240614C01025000,NVDA,2024-06-14,1025.00,call,28.10,25.18,24.75,4,25.60,4,5,37,2024-05-17,0.56608,0.29057,0.00236,-0.92280,0.87759,0.18741
NVDA240614P01025000,NVDA,2024-06-14,1025.00,put,102.55,122.38,120.45,22,124.30,8,0,87,2024-05-17,0.58560,-0.70125,0.00231,-0.81697,0.88889,-0.59121
NVDA240614C01030000,NVDA,2024-06-14,1030.00,call,24.06,24.02,23.60,3,24.45,4,16,46,2024-05-17,0.56608,0.28003,0.00232,-0.90606,0.86227,0.18083
NVDA240614P01030000,NVDA,2024-06-14,1030.00,put,124.90,126.30,124.50,19,128.10,5,0,47,2024-05-17,0.58560,-0.71158,0.00228,-0.80001,0.87452,-0.60144
NVDA240614C01035000,NVDA,2024-06-14,1035.00,call,24.00,22.90,22.50,7,23.30,9,14,23,2024-05-17,0.56608,0.26973,0.00228,-0.88888,0.84649,0.17438
NVDA240614P01035000,NVDA,2024-06-14,1035.00,put,111.55,130.10,128.20,12,132.00,5,0,73,2024-05-17,0.58560,-0.72169,0.00224,-0.78257,0.85969,-0.61155
NVDA240614C01040000,NVDA,2024-06-14,1040.00,call,22.49,21.80,21.40,7,22.20,9,21,113,2024-05-17,0.56608,0.25967,0.00224,-0.87129,0.83028,0.16806
NVDA240614P01040000,NVDA,2024-06-14,1040.00,put,126.05,133.97,132.00,12,135.95,10,2,133,2024-05-17,0.58560,-0.73158,0.00220,-0.76471,0.84443,-0.62153
NVDA240614C01045000,NVDA,2024-06-14,1045.00,call,21.35,20.75,20.35,5,21.15,9,5,11,2024-05-17,0.56608,0.24985,0.00219,-0.85335,0.81369,0.16189
NVDA240614P01045000,NVDA,2024-06-14,1045.00,put,146.70,137.93,136.00,13,139.85,8,0,47,2024-05-17,0.58560,-0.74123,0.00216,-0.74648,0.82879,-0.63139
NVDA240614C01050000,NVDA,2024-06-14,1050.00,call,19.80,19.75,19.40,1,20.10,5,343,357,2024-05-17,0.56608,0.24028,0.00215,-0.83510,0.79677,0.15586
NVDA240614P01050000,NVDA,2024-06-14,1050.00,put,127.96,141.95,140.15,10,143.75,4,1,28,2024-05-17,0.58560,-0.75067,0.00212,-0.72791,0.81280,-0.64111
NVDA240614C01055000,NVDA,2024-06-14,1055.00,call,18.72,18.77,18.40,8,19.15,4,14,6,2024-05-17,0.56608,0.23096,0.00210,-0.81658,0.77957,0.14997
NVDA240614P01055000,NVDA,2024-06-14,1055.00,put,125.20,146.05,144.15,4,147.95,4,0,45,2024-05-17,0.58560,-0.75987,0.00207,-0.70905,0.79651,-0.65071
NVDA240614C01060000,NVDA,2024-06-14,1060.00,call,18.42,17.85,17.45,4,18.25,8,6,14,2024-05-17,0.56608,0.22188,0.00205,-0.79785,0.76212,0.14423
NVDA240614P01060000,NVDA,2024-06-14,1060.00,put,136.20,150.20,148.30,9,152.10,4,0,19,2024-05-17,0.58560,-0.76884,0.00203,-0.68993,0.77995,-0.66017
NVDA240614C01065000,NVDA,2024-06-14,1065.00,call,17.70,16.98,16.60,4,17.35,4,5,29,2024-05-17,0.56608,0.21305,0.00200,-0.77894,0.74446,0.13863
NVDA240614P01065000,NVDA,2024-06-14,1065.00,put,151.20,154.30,152.45,9,156.15,4,0,29,2024-05-17,0.58560,-0.77758,0.00199,-0.67061,0.76318,-0.66950
NVDA240614C01070000,NVDA,2024-06-14,1070.00,call,16.83,16.18,15.80,19,16.55,6,11,17,2024-05-17,0.56608,0.20447,0.00196,-0.75989,0.72665,0.13318
NVDA240614P01070000,NVDA,2024-06-14,1070.00,put,149.25,158.68,156.90,11,160.45,8,2,15,2024-05-17,0.60511,-0.77698,0.00193,-0.69773,0.76435,-0.67337
NVDA240614C01075000,NVDA,2024-06-14,1075.00,call,15.00,15.40,15.05,2,15.75,10,7,46,2024-05-17,0.58560,0.20563,0.00190,-0.78784,0.72909,0.13354
NVDA240614P01075000,NVDA,2024-06-14,1075.00,put,150.45,162.53,160.80,9,164.25,10,2,10,2024-05-17,0.58560,-0.79437,0.00190,-0.63150,0.72909,-0.68776
NVDA240614C01080000,NVDA,2024-06-14,1080.00,call,15.20,14.60,14.25,16,14.95,5,3,90,2024-05-17,0.56608,0.18806,0.00186,-0.72155,0.69069,0.12272
NVDA240614P01080000,NVDA,2024-06-14,1080.00,put,166.20,167.00,165.10,15,168.90,8,4,21,2024-05-17,0.60511,-0.79319,0.00184,-0.65891,0.73156,-0.69121
NVDA240614C01090000,NVDA,2024-06-14,1090.00,call,13.10,13.20,12.85,10,13.55,8,8,25,2024-05-17,0.58560,0.18218,0.00176,-0.73073,0.67719,0.11864
NVDA240614P01090000,NVDA,2024-06-14,1090.00,put,167.60,175.62,173.75,14,177.50,4,2,9,2024-05-17,0.60511,-0.80854,0.00176,-0.61972,0.69834,-0.70856
NVDA240614C01100000,NVDA,2024-06-14,1100.00,call,12.10,11.97,11.70,43,12.25,4,145,275,2024-05-17,0.58560,0.16767,0.00167,-0.69264,0.64245,0.10939
NVDA240614P01100000,NVDA,2024-06-14,1100.00,put,203.90,184.12,182.35,1,185.90,11,0,5,2024-05-17,0.60511,-0.82304,0.00167,-0.58041,0.66493,-0.72539
NVDA240614C01110000,NVDA,2024-06-14,1110.00,call,10.70,10.82,10.55,43,11.10,4,10,15,2024-05-17,0.58560,0.15405,0.00158,-0.65483,0.60788,0.10068
NVDA240614P01110000,NVDA,2024-06-14,1110.00,put,170.55,193.28,191.50,9,195.05,4,0,27,2024-05-17,0.60511,-0.83671,0.00159,-0.54122,0.63154,-0.74173
NVDA240614C01120000,NVDA,2024-06-14,1120.00,call,9.73,9.82,9.55,41,10.10,6,40,73,2024-05-17,0.58560,0.14130,0.00149,-0.61752,0.57369,0.09250
NVDA240614P01120000,NVDA,2024-06-14,1120.00,put,193.60,202.32,200.60,10,204.05,1,2,2,2024-05-17,0.60511,-0.84956,0.00151,-0.50238,0.59839,-0.75756
NVDA240614C01130000,NVDA,2024-06-14,1130.00,call,10.10,8.88,8.60,1,9.15,5,5,54,2024-05-17,0.58560,0.12939,0.00141,-0.58091,0.54007,0.08483
NVDA240614P01130000,NVDA,2024-06-14,1130.00,put,200.70,211.50,209.75,10,213.25,4,6,3,2024-05-17,0.62462,-0.85274,0.00144,-0.51185,0.58988,-0.76749
NVDA240614C01140000,NVDA,2024-06-14,1140.00,call,8.02,8.03,7.75,48,8.30,12,2,8,2024-05-17,0.58560,0.11828,0.00132,-0.54516,0.50719,0.07767
NVDA240614P01140000,NVDA,2024-06-14,1140.00,put,200.65,220.80,218.80,10,222.80,4,0,1,2024-05-17,0.62462,-0.86416,0.00136,-0.47400,0.55849,-0.78242
NVDA240614C01150000,NVDA,2024-06-14,1150.00,call,7.44,7.28,7.00,32,7.55,8,35,163,2024-05-17,0.58560,0.10796,0.00124,-0.51042,0.47518,0.07100
NVDA240614P01150000,NVDA,2024-06-14,1150.00,put,250.57,229.68,227.85,3,231.50,8,0,1,2024-05-17,0.62462,-0.87486,0.00129,-0.43686,0.52767,-0.79691
NVDA240614C01160000,NVDA,2024-06-14,1160.00,call,6.81,6.60,6.35,56,6.85,5,3,21,2024-05-17,0.58560,0.09838,0.00116,-0.47681,0.44417,0.06479
NVDA240614P01160000,NVDA,2024-06-14,1160.00,put,249.95,239.55,237.55,8,241.55,4,0,1,2024-05-17,0.64413,-0.87658,0.00124,-0.44770,0.52259,-0.80585
NVDA240614C01170000,NVDA,2024-06-14,1170.00,call,6.15,6.03,5.75,48,6.30,10,11,44,2024-05-17,0.58560,0.08951,0.00108,-0.44443,0.41426,0.05903
NVDA240614P01170000,NVDA,2024-06-14,1170.00,put,237.50,249.00,247.05,8,250.95,4,2,0,2024-05-17,0.64413,-0.88613,0.00117,-0.41185,0.49370,-0.81960
NVDA240614C01180000,NVDA,2024-06-14,1180.00,call,5.70,5.47,5.25,43,5.70,12,2,33,2024-05-17,0.58560,0.08132,0.00100,-0.41337,0.38553,0.05370
NVDA240614P01180000,NVDA,2024-06-14,1180.00,put,247.42,258.12,256.15,4,260.10,8,2,1,2024-05-17,0.64413,-0.89506,0.00110,-0.37694,0.46556,-0.83297
NVDA240614C01190000,NVDA,2024-06-14,1190.00,call,4.94,5.00,4.75,55,5.25,19,2,45,2024-05-17,0.60511,0.08132,0.00097,-0.42677,0.38552,0.05357
NVDA240614P01190000,NVDA,2024-06-14,1190.00,put,257.85,268.15,266.20,8,270.10,12,2,0,2024-05-17,0.66364,-0.89573,0.00106,-0.38903,0.46339,-0.84121
NVDA240614C01200000,NVDA,2024-06-14,1200.00,call,4.65,4.60,4.40,10,4.80,12,27,257,2024-05-17,0.60511,0.07406,0.00090,-0.39734,0.35911,0.04885
NVDA240614P01200000,NVDA,2024-06-14,1200.00,put,299.12,277.82,276.00,8,279.65,3,0,1,2024-05-17,0.66364,-0.90374,0.00100,-0.35550,0.43715,-0.85398
NVDA240614C01210000,NVDA,2024-06-14,1210.00,call,5.04,4.18,3.95,29,4.40,9,14,16,2024-05-17,0.60511,0.06736,0.00084,-0.36925,0.33388,0.04449
NVDA240614P01210000,NVDA,2024-06-14,1210.00,put,264.05,287.18,285.30,10,289.05,12,0,2,2024-05-17,0.68315,-0.90396,0.00097,-0.36831,0.43640,-0.86191
NVDA240614C01220000,NVDA,2024-06-14,1220.00,call,4.00,3.88,3.70,22,4.05,8,6,6,2024-05-17,0.60511,0.06119,0.00078,-0.34253,0.30986,0.04046
NVDA240614P01220000,NVDA,2024-06-14,1220.00,put,277.00,296.75,294.70,4,298.80,13,0,1,2024-05-17,0.68315,-0.91116,0.00092,-0.33613,0.41194,-0.87417
NVDA240614C01230000,NVDA,2024-06-14,1230.00,call,3.64,3.58,3.40,23,3.75,7,2,5,2024-05-17,0.60511,0.05552,0.00072,-0.31718,0.28706,0.03675
NVDA240614P01230000,NVDA,2024-06-14,1230.00,put,286.35,306.50,304.45,4,308.55,30,0,1,2024-05-17,0.68315,-0.91790,0.00087,-0.30502,0.38831,-0.88613
NVDA240614C01240000,NVDA,2024-06-14,1240.00,call,3.15,3.28,3.10,33,3.45,9,1,40,2024-05-17,0.60511,0.05031,0.00067,-0.29321,0.26548,0.03334
NVDA240614P01240000,NVDA,2024-06-14,1240.00,put,295.40,316.33,314.30,4,318.35,20,0,3,2024-05-17,0.70267,-0.91754,0.00085,-0.31871,0.38958,-0.89367
NVDA240614C01250000,NVDA,2024-06-14,1250.00,call,2.90,3.00,2.91,16,3.10,4,25,113,2024-05-17,0.62462,0.05138,0.00066,-0.30756,0.26994,0.03396
NVDA240614P01250000,NVDA,2024-06-14,1250.00,put,304.35,326.38,324.75,10,328.00,20,0,1,2024-05-17,0.72218,-0.91713,0.00083,-0.33274,0.39104,-0.90117
NVDA240614C01260000,NVDA,2024-06-14,1260.00,call,3.17,2.81,2.67,20,2.95,8,6,11,2024-05-17,0.62462,0.04670,0.00061,-0.28488,0.25013,0.03091
NVDA240614P01260000,NVDA,2024-06-14,1260.00,put,317.15,335.95,333.95,4,337.95,39,0,3,2024-05-17,0.72218,-0.92305,0.00078,-0.30310,0.36974,-0.91259
NVDA240614C01270000,NVDA,2024-06-14,1270.00,call,2.87,2.61,2.47,20,2.74,8,2,4,2024-05-17,0.62462,0.04241,0.00056,-0.26348,0.23143,0.02809
NVDA240614P01270000,NVDA,2024-06-14,1270.00,put,334.48,345.85,343.85,14,347.85,49,2,1,2024-05-17,0.74169,-0.92242,0.00076,-0.31763,0.37204,-0.91994
NVDA240614C01280000,NVDA,2024-06-14,1280.00,call,2.18,2.42,2.29,21,2.55,8,0,2,2024-05-17,0.62462,0.03847,0.00052,-0.24335,0.21382,0.02551
NVDA240614P01280000,NVDA,2024-06-14,1280.00,put,0.00,355.75,353.80,13,357.70,50,0,0,2024-05-17,0.74169,-0.92781,0.00072,-0.28915,0.35213,-0.93103
NVDA240614C01290000,NVDA,2024-06-14,1290.00,call,2.24,2.21,2.12,22,2.31,24,11,6,2024-05-17,0.62462,0.03486,0.00048,-0.22443,0.19727,0.02314
NVDA240614P01290000,NVDA,2024-06-14,1290.00,put,346.95,365.67,363.70,11,367.65,44,0,1,2024-05-17,0.76120,-0.92701,0.00071,-0.30413,0.35514,-0.93826
NVDA240614C01300000,NVDA,2024-06-14,1300.00,call,2.05,2.19,1.90,5,2.47,20,24,2565,2024-05-17,0.64413,0.03619,0.00048,-0.23852,0.20341,0.02396
NVDA240614P01300000,NVDA,2024-06-14,1300.00,put,346.57,375.80,374.15,8,377.45,40,0,3,2024-05-17,0.78071,-0.92618,0.00070,-0.31943,0.35822,-0.94548
NVDA240614C01310000,NVDA,2024-06-14,1310.00,call,2.14,1.93,1.84,23,2.02,23,2,5,2024-05-17,0.64413,0.03291,0.00045,-0.22054,0.18812,0.02181
NVDA240614P01310000,NVDA,2024-06-14,1310.00,put,0.00,385.45,383.50,13,387.40,49,0,0,2024-05-17,0.78071,-0.93101,0.00066,-0.29212,0.34009,-0.95619
NVDA240614C01320000,NVDA,2024-06-14,1320.00,call,1.78,1.77,1.65,8,1.90,26,25,14,2024-05-17,0.64413,0.02990,0.00041,-0.20366,0.17378,0.01983
NVDA240614P01320000,NVDA,2024-06-14,1320.00,put,0.00,395.35,393.30,3,397.40,8,0,0,2024-05-17,0.80022,-0.93005,0.00065,-0.30781,0.34373,-0.96332
NVDA240614C01330000,NVDA,2024-06-14,1330.00,call,1.56,1.72,1.60,25,1.84,9,0,5,2024-05-17,0.64413,0.02714,0.00038,-0.18785,0.16033,0.01802
NVDA240614P01330000,NVDA,2024-06-14,1330.00,put,427.63,405.38,403.45,10,407.30,8,0,0,2024-05-17,0.80022,-0.93450,0.00062,-0.28147,0.32669,-0.97379
NVDA240614C01340000,NVDA,2024-06-14,1340.00,call,2.18,1.58,1.49,33,1.67,33,0,8,2024-05-17,0.64413,0.02461,0.00035,-0.17307,0.14776,0.01635
NVDA240614P01340000,NVDA,2024-06-14,1340.00,put,438.05,415.15,413.10,40,417.20,8,0,0,2024-05-17,0.81974,-0.93344,0.00062,-0.29752,0.33080,-0.98085
NVDA240614C01350000,NVDA,2024-06-14,1350.00,call,1.82,1.52,1.41,23,1.62,9,0,75,2024-05-17,0.66364,0.02595,0.00035,-0.18632,0.15446,0.01720
NVDA240614P01350000,NVDA,2024-06-14,1350.00,put,443.31,425.15,423.30,3,427.00,8,0,0,2024-05-17,0.81974,-0.93757,0.00059,-0.27208,0.31475,-0.99110
NVDA240614C01360000,NVDA,2024-06-14,1360.00,call,1.51,1.40,1.32,31,1.48,33,1,5,2024-05-17,0.66364,0.02362,0.00033,-0.17215,0.14275,0.01567
NVDA240614P01360000,NVDA,2024-06-14,1360.00,put,0.00,434.98,433.05,40,436.90,8,0,0,2024-05-17,0.83925,-0.93642,0.00058,-0.28845,0.31925,-0.99810
NVDA240614C01370000,NVDA,2024-06-14,1370.00,call,0.00,1.28,1.17,9,1.40,37,0,0,2024-05-17,0.66364,0.02149,0.00030,-0.15890,0.13179,0.01427
NVDA240614P01370000,NVDA,2024-06-14,1370.00,put,0.00,444.62,437.45,40,451.80,40,0,0,2024-05-17,0.83925,-0.94025,0.00055,-0.26385,0.30411,-1.00817
NVDA240614C01380000,NVDA,2024-06-14,1380.00,call,1.29,1.21,1.10,9,1.32,29,1,4,2024-05-17,0.66364,0.01953,0.00028,-0.14652,0.12155,0.01298
NVDA240614P01380000,NVDA,2024-06-14,1380.00,put,438.15,454.62,447.40,40,461.85,40,0,0,2024-05-17,0.85876,-0.93904,0.00055,-0.28052,0.30894,-1.01513
NVDA240614C01390000,NVDA,2024-06-14,1390.00,call,1.10,1.16,1.06,41,1.25,37,1,6,2024-05-17,0.68315,0.02081,0.00029,-0.15906,0.12824,0.01379
NVDA240614P01390000,NVDA,2024-06-14,1390.00,put,0.00,463.93,457.60,40,470.25,40,0,0,2024-05-17,0.83925,-0.94730,0.00050,-0.21712,0.27545,-1.02793
NVDA240614C01400000,NVDA,2024-06-14,1400.00,call,1.13,1.10,1.03,33,1.18,36,7,36,2024-05-17,0.68315,0.01898,0.00026,-0.14711,0.11862,0.01259
NVDA240614P01400000,NVDA,2024-06-14,1400.00,put,0.00,476.65,471.50,40,481.80,40,0,0,2024-05-17,0.93681,-0.92684,0.00058,-0.40040,0.35577,-1.02313
NVDA240614C01450000,NVDA,2024-06-14,1450.00,call,0.85,0.81,0.71,11,0.92,36,13,20,2024-05-17,0.70267,0.01417,0.00020,-0.11766,0.09235,0.00940
NVDA240614P01450000,NVDA,2024-06-14,1450.00,put,495.44,524.85,517.95,40,531.75,40,0,0,2024-05-17,0.95632,-0.93944,0.00049,-0.32128,0.30733,-1.06928
NVDA240614C01500000,NVDA,2024-06-14,1500.00,call,0.60,0.63,0.53,1,0.73,40,25,64,2024-05-17,0.72218,0.01079,0.00015,-0.09546,0.07297,0.00717
NVDA240614P01500000,NVDA,2024-06-14,1500.00,put,0.00,574.73,567.75,40,581.70,40,0,0,2024-05-17,1.01485,-0.94128,0.00045,-0.33262,0.30002,-1.10886
NVDA240614C01550000,NVDA,2024-06-14,1550.00,call,0.39,0.46,0.44,53,0.48,1,3,14,2024-05-17,0.74169,0.00839,0.00012,-0.07861,0.05856,0.00557
NVDA240614P01550000,NVDA,2024-06-14,1550.00,put,0.00,624.25,616.80,40,631.70,40,0,0,2024-05-17,1.05388,-0.94623,0.00040,-0.30776,0.27988,-1.15028
NVDA240614C01600000,NVDA,2024-06-14,1600.00,call,0.35,0.38,0.33,55,0.43,100,14,154,2024-05-17,0.76120,0.00666,0.00010,-0.06573,0.04774,0.00442
NVDA240614P01600000,NVDA,2024-06-14,1600.00,put,0.00,674.85,668.00,40,681.70,40,0,0,2024-05-17,1.13192,-0.94281,0.00040,-0.36809,0.29386,-1.18666
NVDA240621C00005000,NVDA,2024-06-21,5.00,call,915.35,919.90,917.65,40,922.15,40,30,5412,2024-05-17,6.18546,0.99989,0.00000,-0.01203,0.00128,0.00459
NVDA240621P00005000,NVDA,2024-06-21,5.00,put,0.01,0.01,0.00,0,0.01,438,0,5864,2024-05-17,5.09280,-0.00002,0.00000,-0.00184,0.00025,-0.00003
NVDA240621C00010000,NVDA,2024-06-21,10.00,call,899.89,914.80,913.40,1,916.20,1,0,106,2024-05-17,0.01976,1.00000,0.00000,-0.00145,0.00000,0.00954
NVDA240621P00010000,NVDA,2024-06-21,10.00,put,0.01,0.01,0.00,0,0.01,256,0,1608,2024-05-17,4.33185,-0.00003,0.00000,-0.00194,0.00031,-0.00003
NVDA240621C00015000,NVDA,2024-06-21,15.00,call,825.65,909.83,908.40,1,911.25,1,0,36,2024-05-17,0.01976,1.00000,0.00000,-0.00218,0.00000,0.01431
NVDA240621P00015000,NVDA,2024-06-21,15.00,put,0.01,0.01,0.00,0,0.01,252,0,1524,2024-05-17,3.90259,-0.00003,0.00000,-0.00197,0.00036,-0.00004
NVDA240621C00020000,NVDA,2024-06-21,20.00,call,893.29,904.85,903.45,1,906.25,1,0,124,2024-05-17,0.01976,1.00000,0.00000,-0.00291,0.00000,0.01908
NVDA240621P00020000,NVDA,2024-06-21,20.00,put,0.01,0.01,0.00,0,0.01,250,0,303,2024-05-17,3.60991,-0.00003,0.00000,-0.00203,0.00039,-0.00004
NVDA240621C00025000,NVDA,2024-06-21,25.00,call,862.05,899.88,898.45,1,901.30,1,0,80,2024-05-17,0.01976,1.00000,0.00000,-0.00363,0.00000,0.02385
NVDA240621P00025000,NVDA,2024-06-21,25.00,put,0.01,0.01,0.00,0,0.01,250,0,508,2024-05-17,3.37577,-0.00003,0.00000,-0.00198,0.00041,-0.00004
NVDA240621C00030000,NVDA,2024-06-21,30.00,call,878.30,894.90,893.50,1,896.30,1,0,375,2024-05-17,0.01976,1.00000,0.00000,-0.00436,0.00000,0.02862
NVDA240621P00030000,NVDA,2024-06-21,30.00,put,0.01,0.01,0.00,0,0.01,250,0,634,2024-05-17,3.20017,-0.00004,0.00000,-0.00205,0.00045,-0.00004
NVDA240621C00035000,NVDA,2024-06-21,35.00,call,644.80,889.98,888.60,5,891.35,1,0,136,2024-05-17,3.08310,0.99995,0.00000,-0.00747,0.00054,0.03334
NVDA240621P00035000,NVDA,2024-06-21,35.00,put,0.01,0.01,0.00,0,0.01,250,0,1287,2024-05-17,3.04407,-0.00004,0.00000,-0.00202,0.00047,-0.00004
NVDA240621C00040000,NVDA,2024-06-21,40.00,call,251.00,884.27,881.50,40,887.05,40,0,9,2024-05-17,0.01976,1.00000,0.00000,-0.00581,0.00000,0.03816
NVDA240621P00040000,NVDA,2024-06-21,40.00,put,0.01,0.01,0.00,0,0.01,100,0,530,2024-05-17,2.92700,-0.00004,0.00000,-0.00216,0.00052,-0.00005
NVDA240621C00045000,NVDA,2024-06-21,45.00,call,408.55,879.97,878.55,1,881.40,1,0,138,2024-05-17,0.01976,1.00000,0.00000,-0.00654,0.00000,0.04293
NVDA240621P00045000,NVDA,2024-06-21,45.00,put,0.01,0.01,0.00,0,0.01,100,0,1163,2024-05-17,2.80993,-0.00005,0.00000,-0.00215,0.00054,-0.00005
NVDA240621C00050000,NVDA,2024-06-21,50.00,call,874.57,875.00,873.90,1,876.10,1,0,255,2024-05-17,0.01976,1.00000,0.00000,-0.00726,0.00000,0.04770
NVDA240621P00050000,NVDA,2024-06-21,50.00,put,0.02,0.01,0.00,0,0.01,100,0,1195,2024-05-17,2.69286,-0.00004,0.00000,-0.00200,0.00052,-0.00005
NVDA240621C00055000,NVDA,2024-06-21,55.00,call,382.67,870.03,868.60,1,871.45,1,0,139,2024-05-17,0.01976,1.00000,0.00000,-0.00799,0.00000,0.05247
NVDA240621P00055000,NVDA,2024-06-21,55.00,put,0.02,0.01,0.00,0,0.01,100,0,357,2024-05-17,2.61481,-0.00005,0.00000,-0.00214,0.00058,-0.00005
NVDA240621C00060000,NVDA,2024-06-21,60.00,call,827.70,865.05,863.65,1,866.45,1,0,174,2024-05-17,0.01976,1.00000,0.00000,-0.00872,0.00000,0.05724
NVDA240621P00060000,NVDA,2024-06-21,60.00,put,0.01,0.01,0.00,0,0.01,100,0,397,2024-05-17,2.53677,-0.00005,0.00000,-0.00221,0.00061,-0.00006
NVDA240621C00065000,NVDA,2024-06-21,65.00,call,566.00,860.10,858.70,1,861.50,1,0,133,2024-05-17,0.01976,1.00000,0.00000,-0.00944,0.00000,0.06201
NVDA240621P00065000,NVDA,2024-06-21,65.00,put,0.09,0.01,0.00,0,0.01,100,0,790,2024-05-17,2.45872,-0.00005,0.00000,-0.00220,0.00063,-0.00006
NVDA240621C00070000,NVDA,2024-06-21,70.00,call,881.97,855.12,853.95,1,856.30,1,0,562,2024-05-17,0.01976,1.00000,0.00000,-0.01017,0.00000,0.06678
NVDA240621P00070000,NVDA,2024-06-21,70.00,put,0.10,0.01,0.00,0,0.01,100,0,444,2024-05-17,2.38067,-0.00005,0.00000,-0.00211,0.00062,-0.00006
NVDA240621C00075000,NVDA,2024-06-21,75.00,call,874.35,850.15,848.75,1,851.55,1,0,85,2024-05-17,0.01976,1.00000,0.00000,-0.01090,0.00000,0.07155
NVDA240621P00075000,NVDA,2024-06-21,75.00,put,0.01,0.01,0.00,0,0.01,100,0,1264,2024-05-17,2.32214,-0.00006,0.00000,-0.00219,0.00066,-0.00006
NVDA240621C00080000,NVDA,2024-06-21,80.00,call,871.10,845.17,844.00,1,846.35,1,0,697,2024-05-17,0.01976,1.00000,0.00000,-0.01162,0.00000,0.07632
NVDA240621P00080000,NVDA,2024-06-21,80.00,put,0.02,0.01,0.00,0,0.01,100,0,431,2024-05-17,2.26360,-0.00006,0.00000,-0.00223,0.00069,-0.00006
NVDA240621C00085000,NVDA,2024-06-21,85.00,call,493.92,840.20,839.05,1,841.35,1,0,637,2024-05-17,0.01976,1.00000,0.00000,-0.01235,0.00000,0.08109
NVDA240621P00085000,NVDA,2024-06-21,85.00,put,0.01,0.01,0.00,0,0.01,100,0,635,2024-05-17,2.20507,-0.00006,0.00000,-0.00221,0.00071,-0.00006
NVDA240621C00090000,NVDA,2024-06-21,90.00,call,816.30,835.00,831.75,40,838.25,40,0,756,2024-05-17,0.01976,1.00000,0.00000,-0.01308,0.00000,0.08586
NVDA240621P00090000,NVDA,2024-06-21,90.00,put,0.01,0.01,0.00,0,0.01,100,0,933,2024-05-17,2.14653,-0.00006,0.00000,-0.00215,0.00070,-0.00006
NVDA240621C00095000,NVDA,2024-06-21,95.00,call,625.00,830.28,829.10,1,831.45,1,0,620,2024-05-17,2.00995,0.99996,0.00000,-0.01501,0.00042,0.09060
NVDA240621P00095000,NVDA,2024-06-21,95.00,put,0.02,0.01,0.00,0,0.01,100,0,1667,2024-05-17,2.08800,-0.00006,0.00000,-0.00204,0.00069,-0.00006
NVDA240621C00100000,NVDA,2024-06-21,100.00,call,814.30,825.30,824.20,1,826.40,1,0,646,2024-05-17,1.65874,1.00000,0.00000,-0.01460,0.00003,0.09540
NVDA240621P00100000,NVDA,2024-06-21,100.00,put,0.01,0.01,0.00,0,0.01,100,0,4557,2024-05-17,2.04897,-0.00006,0.00000,-0.00216,0.00074,-0.00007
NVDA240621C00105000,NVDA,2024-06-21,105.00,call,357.75,820.33,819.15,1,821.50,1,0,649,2024-05-17,1.91239,0.99997,0.00000,-0.01639,0.00042,0.10014
NVDA240621P00105000,NVDA,2024-06-21,105.00,put,0.01,0.01,0.00,0,0.02,1,0,1326,2024-05-17,2.00995,-0.00007,0.00000,-0.00226,0.00079,-0.00007
NVDA240621C00110000,NVDA,2024-06-21,110.00,call,410.88,815.10,811.85,40,818.35,40,0,865,2024-05-17,0.01976,1.00000,0.00000,-0.01598,0.00000,0.10494
NVDA240621P00110000,NVDA,2024-06-21,110.00,put,0.07,0.01,0.00,0,0.02,1,0,1857,2024-05-17,1.95142,-0.00006,0.00000,-0.00204,0.00073,-0.00007
NVDA240621C00115000,NVDA,2024-06-21,115.00,call,805.64,810.38,809.20,1,811.55,1,0,407,2024-05-17,1.79532,0.99997,0.00000,-0.01755,0.00033,0.10968
NVDA240621P00115000,NVDA,2024-06-21,115.00,put,0.01,0.01,0.00,0,0.01,5,0,1511,2024-05-17,1.91239,-0.00007,0.00000,-0.00207,0.00076,-0.00007
NVDA240621C00120000,NVDA,2024-06-21,120.00,call,807.00,805.17,801.95,40,808.40,40,3,1717,2024-05-17,0.01976,1.00000,0.00000,-0.01743,0.00000,0.11448
NVDA240621P00120000,NVDA,2024-06-21,120.00,put,0.01,0.01,0.00,0,0.07,1,0,2125,2024-05-17,1.87337,-0.00007,0.00000,-0.00207,0.00078,-0.00007
NVDA240621C00125000,NVDA,2024-06-21,125.00,call,680.00,800.42,799.25,1,801.60,1,0,541,2024-05-17,0.01976,1.00000,0.00000,-0.01816,0.00000,0.11925
NVDA240621P00125000,NVDA,2024-06-21,125.00,put,0.02,0.01,0.00,0,0.05,1,0,1118,2024-05-17,1.83435,-0.00007,0.00000,-0.00205,0.00079,-0.00007
NVDA240621C00130000,NVDA,2024-06-21,130.00,call,761.00,795.45,794.30,1,796.60,1,0,579,2024-05-17,0.01976,1.00000,0.00000,-0.01889,0.00000,0.12402
NVDA240621P00130000,NVDA,2024-06-21,130.00,put,0.01,0.01,0.00,0,0.14,23,0,2918,2024-05-17,1.79532,-0.00007,0.00000,-0.00200,0.00079,-0.00007
NVDA240621C00135000,NVDA,2024-06-21,135.00,call,764.00,789.77,787.00,40,792.55,40,0,999,2024-05-17,0.01976,1.00000,0.00000,-0.01961,0.00000,0.12879
NVDA240621P00135000,NVDA,2024-06-21,135.00,put,0.01,0.01,0.00,0,0.03,20,0,1089,2024-05-17,1.77581,-0.00008,0.00000,-0.00225,0.00089,-0.00008
NVDA240621C00140000,NVDA,2024-06-21,140.00,call,792.55,784.83,782.05,40,787.60,40,12,2001,2024-05-17,0.01976,1.00000,0.00000,-0.02034,0.00000,0.13356
NVDA240621P00140000,NVDA,2024-06-21,140.00,put,0.05,0.01,0.00,0,0.05,2,0,3634,2024-05-17,1.73679,-0.00008,0.00000,-0.00215,0.00087,-0.00008
NVDA240621C00145000,NVDA,2024-06-21,145.00,call,664.88,779.83,777.05,40,782.60,40,0,865,2024-05-17,0.01976,1.00000,0.00000,-0.02107,0.00000,0.13833
NVDA240621P00145000,NVDA,2024-06-21,145.00,put,0.01,0.01,0.00,0,0.01,3,10,5191,2024-05-17,1.69776,-0.00007,0.00000,-0.00204,0.00085,-0.00007
NVDA240621C00150000,NVDA,2024-06-21,150.00,call,800.42,775.00,772.35,40,777.65,40,0,2804,2024-05-17,0.01976,1.00000,0.00000,-0.02179,0.00000,0.14310
NVDA240621P00150000,NVDA,2024-06-21,150.00,put,0.01,0.01,0.00,0,0.07,5,0,2752,2024-05-17,1.67825,-0.00008,0.00000,-0.00224,0.00094,-0.00008
NVDA240621C00155000,NVDA,2024-06-21,155.00,call,744.95,770.58,769.40,1,771.75,1,0,431,2024-05-17,0.01976,1.00000,0.00000,-0.02252,0.00000,0.14787
NVDA240621P00155000,NVDA,2024-06-21,155.00,put,0.01,0.01,0.00,0,0.07,5,0,1473,2024-05-17,1.63923,-0.00008,0.00000,-0.00208,0.00089,-0.00008
NVDA240621C00160000,NVDA,2024-06-21,160.00,call,780.49,764.92,762.15,40,767.70,40,1,3512,2024-05-17,0.01976,1.00000,0.00000,-0.02325,0.00000,0.15264
NVDA240621P00160000,NVDA,2024-06-21,160.00,put,0.03,0.01,0.00,0,0.01,1,0,2957,2024-05-17,1.61972,-0.00009,0.00000,-0.00225,0.00098,-0.00009
NVDA240621C00165000,NVDA,2024-06-21,165.00,call,730.52,760.62,759.20,1,762.05,1,0,388,2024-05-17,0.01976,1.00000,0.00000,-0.02397,0.00000,0.15741
NVDA240621P00165000,NVDA,2024-06-21,165.00,put,0.04,0.01,0.00,0,0.01,1,0,2207,2024-05-17,1.58069,-0.00008,0.00000,-0.00205,0.00091,-0.00008
NVDA240621C00170000,NVDA,2024-06-21,170.00,call,765.00,754.98,752.20,40,757.75,40,1,1740,2024-05-17,0.01976,1.00000,0.00000,-0.02470,0.00000,0.16218
NVDA240621P00170000,NVDA,2024-06-21,170.00,put,0.01,0.01,0.01,1,0.02,5,10,2881,2024-05-17,1.56118,-0.00009,0.00000,-0.00219,0.00099,-0.00009
NVDA240621C00175000,NVDA,2024-06-21,175.00,call,778.19,750.48,747.25,40,753.70,40,0,1394,2024-05-17,0.01976,1.00000,0.00000,-0.02542,0.00000,0.16695
NVDA240621P00175000,NVDA,2024-06-21,175.00,put,0.01,0.01,0.00,0,0.14,23,0,1454,2024-05-17,1.52216,-0.00008,0.00000,-0.00196,0.00091,-0.00008
NVDA240621C00180000,NVDA,2024-06-21,180.00,call,720.02,745.02,742.25,1,747.80,40,0,2498,2024-05-17,0.01976,1.00000,0.00000,-0.02615,0.00000,0.17172
NVDA240621P00180000,NVDA,2024-06-21,180.00,put,0.01,0.03,0.01,7,0.04,1,0,1900,2024-05-17,1.61972,-0.00021,0.00000,-0.00528,0.00230,-0.00022
NVDA240621C00185000,NVDA,2024-06-21,185.00,call,760.15,740.52,737.30,40,743.75,40,0,915,2024-05-17,0.01976,1.00000,0.00000,-0.02688,0.00000,0.17649
NVDA240621P00185000,NVDA,2024-06-21,185.00,put,0.02,0.02,0.01,9,0.03,3,0,2253,2024-05-17,1.56118,-0.00017,0.00000,-0.00416,0.00188,-0.00017
NVDA240621C00190000,NVDA,2024-06-21,190.00,call,757.00,735.78,734.60,1,736.95,1,0,535,2024-05-17,1.54167,0.99982,0.00000,-0.03196,0.00199,0.18108
NVDA240621P00190000,NVDA,2024-06-21,190.00,put,0.01,0.02,0.01,264,0.03,1,0,1560,2024-05-17,1.52216,-0.00016,0.00000,-0.00373,0.00173,-0.00016
NVDA240621C00195000,NVDA,2024-06-21,195.00,call,725.97,730.80,729.65,1,731.95,1,0,616,2024-05-17,1.48313,0.99986,0.00000,-0.03164,0.00157,0.18589
NVDA240621P00195000,NVDA,2024-06-21,195.00,put,0.02,0.02,0.01,50,0.03,1,0,2011,2024-05-17,1.50265,-0.00017,0.00000,-0.00389,0.00182,-0.00017
NVDA240621C00200000,NVDA,2024-06-21,200.00,call,728.45,725.60,722.65,40,728.55,40,1,2041,2024-05-17,0.01976,1.00000,0.00000,-0.02906,0.00000,0.19080
NVDA240621P00200000,NVDA,2024-06-21,200.00,put,0.01,0.02,0.01,8,0.03,1,2,6101,2024-05-17,1.48313,-0.00018,0.00000,-0.00404,0.00192,-0.00018
NVDA240621C00205000,NVDA,2024-06-21,205.00,call,717.21,720.88,719.70,1,722.05,1,10,494,2024-05-17,1.54167,0.99967,0.00000,-0.03737,0.00347,0.19524
NVDA240621P00205000,NVDA,2024-06-21,205.00,put,0.01,0.03,0.01,10,0.05,10,0,2884,2024-05-17,1.50265,-0.00025,0.00000,-0.00569,0.00267,-0.00025
NVDA240621C00210000,NVDA,2024-06-21,210.00,call,720.00,715.65,712.40,40,718.90,40,1,775,2024-05-17,0.01976,1.00000,0.00000,-0.03051,0.00000,0.20034
NVDA240621P00210000,NVDA,2024-06-21,210.00,put,0.02,0.01,0.00,0,0.08,15,0,2825,2024-05-17,1.36606,-0.00010,0.00000,-0.00212,0.00110,-0.00010
NVDA240621C00215000,NVDA,2024-06-21,215.00,call,654.20,710.92,709.75,1,712.10,1,0,630,2024-05-17,1.46362,0.99973,0.00000,-0.03727,0.00290,0.20484
NVDA240621P00215000,NVDA,2024-06-21,215.00,put,0.01,0.02,0.01,210,0.03,1,1,2594,2024-05-17,1.40509,-0.00017,0.00000,-0.00372,0.00187,-0.00017
NVDA240621C00220000,NVDA,2024-06-21,220.00,call,690.05,705.73,702.50,40,708.95,40,0,802,2024-05-17,0.01976,1.00000,0.00000,-0.03196,0.00000,0.20988
NVDA240621P00220000,NVDA,2024-06-21,220.00,put,0.07,0.01,0.00,0,0.09,13,0,1263,2024-05-17,1.32704,-0.00010,0.00000,-0.00219,0.00116,-0.00010
NVDA240621C00225000,NVDA,2024-06-21,225.00,call,678.44,700.97,699.80,1,702.15,1,0,550,2024-05-17,1.42460,0.99971,0.00000,-0.03899,0.00312,0.21436
NVDA240621P00225000,NVDA,2024-06-21,225.00,put,0.03,0.01,0.00,0,0.06,9,4,1210,2024-05-17,1.30753,-0.00011,0.00000,-0.00221,0.00119,-0.00010
NVDA240621C00230000,NVDA,2024-06-21,230.00,call,719.16,695.33,692.55,40,698.10,40,0,892,2024-05-17,0.01976,1.00000,0.00000,-0.03342,0.00000,0.21942
NVDA240621P00230000,NVDA,2024-06-21,230.00,put,0.02,0.02,0.01,1,0.03,2,0,1918,2024-05-17,1.34655,-0.00019,0.00000,-0.00389,0.00204,-0.00018
NVDA240621C00235000,NVDA,2024-06-21,235.00,call,712.70,691.03,689.85,1,692.20,1,0,644,2024-05-17,1.40509,0.99963,0.00000,-0.04172,0.00380,0.22383
NVDA240621P00235000,NVDA,2024-06-21,235.00,put,0.08,0.01,0.00,0,0.10,20,0,771,2024-05-17,1.26851,-0.00011,0.00000,-0.00221,0.00123,-0.00011
NVDA240621C00240000,NVDA,2024-06-21,240.00,call,708.97,685.38,682.60,40,688.15,40,0,1609,2024-05-17,0.01976,1.00000,0.00000,-0.03487,0.00000,0.22896
NVDA240621P00240000,NVDA,2024-06-21,240.00,put,0.05,0.03,0.01,1,0.05,4,1,2465,2024-05-17,1.34655,-0.00027,0.00000,-0.00557,0.00291,-0.00027
NVDA240621C00245000,NVDA,2024-06-21,245.00,call,638.22,681.08,679.90,1,682.25,1,0,702,2024-05-17,1.36606,0.99962,0.00000,-0.04332,0.00399,0.23335
NVDA240621P00245000,NVDA,2024-06-21,245.00,put,0.04,0.06,0.01,10,0.10,11,0,1505,2024-05-17,1.40509,-0.00052,0.00000,-0.01042,0.00523,-0.00052
NVDA240621C00250000,NVDA,2024-06-21,250.00,call,687.00,676.15,672.75,40,679.55,40,5,3163,2024-05-17,1.42460,0.99931,0.00001,-0.05022,0.00688,0.23781
NVDA240621P00250000,NVDA,2024-06-21,250.00,put,0.04,0.01,0.00,0,0.05,25,15,6332,2024-05-17,1.20997,-0.00011,0.00000,-0.00215,0.00125,-0.00011
NVDA240621C00255000,NVDA,2024-06-21,255.00,call,691.00,670.45,667.70,40,673.20,40,1,822,2024-05-17,0.01976,1.00000,0.00000,-0.03705,0.00000,0.24327
NVDA240621P00255000,NVDA,2024-06-21,255.00,put,0.02,0.01,0.00,0,0.11,32,0,1554,2024-05-17,1.19046,-0.00011,0.00000,-0.00211,0.00125,-0.00011
NVDA240621C00260000,NVDA,2024-06-21,260.00,call,687.77,665.48,662.70,40,668.25,40,0,886,2024-05-17,0.01976,1.00000,0.00000,-0.03777,0.00000,0.24804
NVDA240621P00260000,NVDA,2024-06-21,260.00,put,0.01,0.01,0.00,0,0.05,6,0,4746,2024-05-17,1.17095,-0.00011,0.00000,-0.00206,0.00124,-0.00011
NVDA240621C00265000,NVDA,2024-06-21,265.00,call,680.84,660.50,657.75,40,663.25,40,0,1242,2024-05-17,0.01976,1.00000,0.00000,-0.03850,0.00000,0.25281
NVDA240621P00265000,NVDA,2024-06-21,265.00,put,0.04,0.01,0.00,0,0.12,8,0,954,2024-05-17,1.15144,-0.00011,0.00000,-0.00200,0.00123,-0.00011
NVDA240621C00270000,NVDA,2024-06-21,270.00,call,674.60,655.52,652.75,40,658.30,40,0,1193,2024-05-17,0.01976,1.00000,0.00000,-0.03923,0.00000,0.25758
NVDA240621P00270000,NVDA,2024-06-21,270.00,put,0.05,0.01,0.00,0,0.05,25,0,2804,2024-05-17,1.13192,-0.00011,0.00000,-0.00194,0.00121,-0.00010
NVDA240621C00275000,NVDA,2024-06-21,275.00,call,677.74,650.58,647.80,40,653.35,40,0,1136,2024-05-17,0.01976,1.00000,0.00000,-0.03995,0.00000,0.26235
NVDA240621P00275000,NVDA,2024-06-21,275.00,put,0.04,0.03,0.01,1,0.05,25,0,1218,2024-05-17,1.20997,-0.00029,0.00000,-0.00532,0.00310,-0.00029
NVDA240621C00280000,NVDA,2024-06-21,280.00,call,665.98,645.58,642.80,40,648.35,40,0,826,2024-05-17,0.01976,1.00000,0.00000,-0.04068,0.00000,0.26712
NVDA240621P00280000,NVDA,2024-06-21,280.00,put,0.05,0.01,0.00,0,0.05,25,51,532,2024-05-17,1.11241,-0.00013,0.00000,-0.00226,0.00143,-0.00012
NVDA240621C00285000,NVDA,2024-06-21,285.00,call,648.53,641.30,639.90,1,642.70,5,1,232,2024-05-17,1.24899,0.99942,0.00001,-0.05169,0.00581,0.27132
NVDA240621P00285000,NVDA,2024-06-21,285.00,put,0.05,0.01,0.00,0,0.10,6,0,862,2024-05-17,1.09290,-0.00012,0.00000,-0.00216,0.00140,-0.00012
NVDA240621C00290000,NVDA,2024-06-21,290.00,call,583.00,636.35,634.95,1,637.75,1,0,240,2024-05-17,1.26851,0.99922,0.00001,-0.05599,0.00771,0.27589
NVDA240621P00290000,NVDA,2024-06-21,290.00,put,0.06,0.01,0.00,0,0.10,13,1,1437,2024-05-17,1.07339,-0.00012,0.00000,-0.00206,0.00136,-0.00012
NVDA240621C00295000,NVDA,2024-06-21,295.00,call,630.50,630.67,627.90,40,633.45,40,2,865,2024-05-17,0.01976,1.00000,0.00000,-0.04286,0.00000,0.28143
NVDA240621P00295000,NVDA,2024-06-21,295.00,put,0.05,0.01,0.00,0,0.10,6,25,676,2024-05-17,1.05388,-0.00012,0.00000,-0.00195,0.00131,-0.00011
NVDA240621C00300000,NVDA,2024-06-21,300.00,call,626.72,626.35,624.20,40,628.50,40,34,2287,2024-05-17,1.13192,0.99967,0.00000,-0.04921,0.00351,0.28588
NVDA240621P00300000,NVDA,2024-06-21,300.00,put,0.05,0.07,0.03,1,0.10,2,4,6696,2024-05-17,1.20997,-0.00067,0.00001,-0.01149,0.00671,-0.00066
NVDA240621C00305000,NVDA,2024-06-21,305.00,call,618.75,620.73,617.95,40,623.50,40,5,880,2024-05-17,0.01976,1.00000,0.00000,-0.04431,0.00000,0.29097
NVDA240621P00305000,NVDA,2024-06-21,305.00,put,0.10,0.01,0.00,0,0.10,2,2,1522,2024-05-17,1.03437,-0.00014,0.00000,-0.00223,0.00152,-0.00013
NVDA240621C00310000,NVDA,2024-06-21,310.00,call,641.15,615.77,613.00,40,618.55,40,0,789,2024-05-17,0.01976,1.00000,0.00000,-0.04504,0.00000,0.29574
NVDA240621P00310000,NVDA,2024-06-21,310.00,put,0.06,0.05,0.02,37,0.08,1,3,2595,2024-05-17,1.15144,-0.00056,0.00001,-0.00923,0.00566,-0.00055
NVDA240621C00315000,NVDA,2024-06-21,315.00,call,585.26,611.50,610.35,1,612.65,1,0,636,2024-05-17,1.20997,0.99895,0.00001,-0.06305,0.01009,0.29948
NVDA240621P00315000,NVDA,2024-06-21,315.00,put,0.04,0.01,0.00,0,0.16,20,0,841,2024-05-17,0.99534,-0.00012,0.00000,-0.00195,0.00138,-0.00012
NVDA240621C00320000,NVDA,2024-06-21,320.00,call,630.38,606.30,603.05,40,609.55,40,0,2575,2024-05-17,0.01976,1.00000,0.00000,-0.04649,0.00000,0.30529
NVDA240621P00320000,NVDA,2024-06-21,320.00,put,0.06,0.10,0.03,200,0.17,32,4,1451,2024-05-17,1.17095,-0.00090,0.00001,-0.01447,0.00873,-0.00088
NVDA240621C00325000,NVDA,2024-06-21,325.00,call,609.41,601.58,600.40,1,602.75,1,1,750,2024-05-17,1.19046,0.99880,0.00001,-0.06646,0.01142,0.30887
NVDA240621P00325000,NVDA,2024-06-21,325.00,put,0.09,0.01,0.00,0,0.14,10,0,1421,2024-05-17,0.97583,-0.00014,0.00000,-0.00218,0.00158,-0.00014
NVDA240621C00330000,NVDA,2024-06-21,330.00,call,623.12,596.35,593.10,40,599.60,40,0,890,2024-05-17,0.01976,1.00000,0.00000,-0.04794,0.00000,0.31483
NVDA240621P00330000,NVDA,2024-06-21,330.00,put,0.08,0.06,0.01,5,0.10,6,4,5252,2024-05-17,1.09290,-0.00062,0.00001,-0.00961,0.00622,-0.00060
NVDA240621C00335000,NVDA,2024-06-21,335.00,call,569.37,591.40,588.15,40,594.65,40,0,798,2024-05-17,0.01976,1.00000,0.00000,-0.04867,0.00000,0.31960
NVDA240621P00335000,NVDA,2024-06-21,335.00,put,0.10,0.01,0.00,0,0.19,11,0,1644,2024-05-17,0.93681,-0.00012,0.00000,-0.00185,0.00139,-0.00012
NVDA240621C00340000,NVDA,2024-06-21,340.00,call,606.90,586.65,585.25,1,588.05,5,0,359,2024-05-17,1.13192,0.99883,0.00001,-0.06716,0.01109,0.32322
NVDA240621P00340000,NVDA,2024-06-21,340.00,put,0.04,0.10,0.04,19,0.15,31,0,3754,2024-05-17,1.11241,-0.00099,0.00001,-0.01510,0.00959,-0.00097
NVDA240621C00345000,NVDA,2024-06-21,345.00,call,590.40,581.67,580.50,1,582.85,1,1,594,2024-05-17,1.11241,0.99885,0.00001,-0.06732,0.01093,0.32801
NVDA240621P00345000,NVDA,2024-06-21,345.00,put,0.07,0.01,0.00,0,0.17,13,0,817,2024-05-17,0.91729,-0.00014,0.00000,-0.00203,0.00156,-0.00013
NVDA240621C00350000,NVDA,2024-06-21,350.00,call,601.06,576.72,575.65,1,577.80,1,0,602,2024-05-17,1.13192,0.99847,0.00002,-0.07361,0.01422,0.33240
NVDA240621P00350000,NVDA,2024-06-21,350.00,put,0.10,0.01,0.00,0,0.12,6,10,5653,2024-05-17,0.89778,-0.00013,0.00000,-0.00184,0.00145,-0.00012
NVDA240621C00355000,NVDA,2024-06-21,355.00,call,456.65,571.75,570.35,1,573.15,5,0,359,2024-05-17,1.11241,0.99849,0.00002,-0.07364,0.01402,0.33720
NVDA240621P00355000,NVDA,2024-06-21,355.00,put,0.14,0.01,0.00,0,0.18,10,9,1092,2024-05-17,0.89778,-0.00016,0.00000,-0.00221,0.00174,-0.00015
NVDA240621C00360000,NVDA,2024-06-21,360.00,call,531.35,566.78,565.60,1,567.95,1,0,613,2024-05-17,1.09290,0.99852,0.00002,-0.07362,0.01379,0.34200
NVDA240621P00360000,NVDA,2024-06-21,360.00,put,0.08,0.12,0.01,5,0.22,32,0,1760,2024-05-17,1.07339,-0.00126,0.00001,-0.01814,0.01195,-0.00124
NVDA240621C00365000,NVDA,2024-06-21,365.00,call,523.00,561.53,558.20,40,564.85,40,0,1679,2024-05-17,0.01976,1.00000,0.00000,-0.05303,0.00000,0.34822
NVDA240621P00365000,NVDA,2024-06-21,365.00,put,0.32,0.08,0.01,6,0.15,1,0,846,2024-05-17,1.01485,-0.00087,0.00001,-0.01216,0.00848,-0.00084
NVDA240621C00370000,NVDA,2024-06-21,370.00,call,554.12,556.58,553.30,40,559.85,40,4,3113,2024-05-17,0.01976,1.00000,0.00000,-0.05375,0.00000,0.35299
NVDA240621P00370000,NVDA,2024-06-21,370.00,put,0.07,0.01,0.00,0,0.23,32,0,8440,2024-05-17,0.85876,-0.00016,0.00000,-0.00215,0.00177,-0.00015
NVDA240621C00375000,NVDA,2024-06-21,375.00,call,526.65,551.88,550.45,1,553.30,5,0,349,2024-05-17,1.07339,0.99812,0.00002,-0.08055,0.01719,0.35591
NVDA240621P00375000,NVDA,2024-06-21,375.00,put,0.11,0.14,0.05,9,0.24,54,2,2537,2024-05-17,1.05388,-0.00162,0.00002,-0.02228,0.01496,-0.00158
NVDA240621C00380000,NVDA,2024-06-21,380.00,call,528.57,546.92,545.75,1,548.10,1,0,403,2024-05-17,1.05388,0.99816,0.00002,-0.08029,0.01684,0.36072
NVDA240621P00380000,NVDA,2024-06-21,380.00,put,0.07,0.14,0.04,2,0.25,33,0,2323,2024-05-17,1.03437,-0.00157,0.00002,-0.02135,0.01460,-0.00154
NVDA240621C00385000,NVDA,2024-06-21,385.00,call,527.39,541.95,540.55,1,543.35,5,0,177,2024-05-17,1.05388,0.99791,0.00002,-0.08408,0.01890,0.36525
NVDA240621P00385000,NVDA,2024-06-21,385.00,put,0.15,0.16,0.06,1,0.26,51,2,993,2024-05-17,1.03437,-0.00180,0.00002,-0.02406,0.01646,-0.00175
NVDA240621C00390000,NVDA,2024-06-21,390.00,call,555.75,537.00,535.60,1,538.40,1,0,344,2024-05-17,1.05388,0.99763,0.00002,-0.08816,0.02115,0.36974
NVDA240621P00390000,NVDA,2024-06-21,390.00,put,0.15,0.14,0.01,5,0.27,61,3,1565,2024-05-17,0.99534,-0.00148,0.00002,-0.01940,0.01380,-0.00144
NVDA240621C00395000,NVDA,2024-06-21,395.00,call,514.54,532.03,530.85,1,533.20,1,0,698,2024-05-17,1.03437,0.99769,0.00002,-0.08765,0.02072,0.37457
NVDA240621P00395000,NVDA,2024-06-21,395.00,put,0.15,0.15,0.02,5,0.27,12,1,1649,2024-05-17,0.99534,-0.00169,0.00002,-0.02191,0.01559,-0.00164
NVDA240621C00400000,NVDA,2024-06-21,400.00,call,532.62,527.35,524.85,40,529.85,40,1,2036,2024-05-17,1.11241,0.99560,0.00004,-0.11611,0.03691,0.37724
NVDA240621P00400000,NVDA,2024-06-21,400.00,put,0.21,0.16,0.12,37,0.20,10,806,5594,2024-05-17,0.99534,-0.00193,0.00002,-0.02467,0.01755,-0.00188
NVDA240621C00405000,NVDA,2024-06-21,405.00,call,506.00,522.10,520.70,1,523.50,1,0,217,2024-05-17,1.01485,0.99745,0.00003,-0.09125,0.02262,0.38388
NVDA240621P00405000,NVDA,2024-06-21,405.00,put,0.15,0.15,0.02,23,0.29,3,1,748,2024-05-17,0.97583,-0.00186,0.00002,-0.02346,0.01702,-0.00181
NVDA240621C00410000,NVDA,2024-06-21,410.00,call,505.40,516.92,513.70,40,520.15,40,0,1820,2024-05-17,0.83925,0.99948,0.00001,-0.06582,0.00528,0.39065
NVDA240621P00410000,NVDA,2024-06-21,410.00,put,0.10,0.20,0.09,5,0.30,1,0,1029,2024-05-17,0.97583,-0.00212,0.00002,-0.02636,0.01914,-0.00206
NVDA240621C00415000,NVDA,2024-06-21,415.00,call,530.00,511.95,508.70,40,515.20,40,0,790,2024-05-17,0.83925,0.99939,0.00001,-0.06757,0.00614,0.39533
NVDA240621P00415000,NVDA,2024-06-21,415.00,put,0.22,0.14,0.04,23,0.23,1,6,1977,2024-05-17,0.93681,-0.00172,0.00002,-0.02097,0.01586,-0.00167
NVDA240621C00420000,NVDA,2024-06-21,420.00,call,525.00,506.92,503.65,40,510.20,40,0,868,2024-05-17,0.01976,1.00000,0.00000,-0.06102,0.00000,0.40069
NVDA240621P00420000,NVDA,2024-06-21,420.00,put,0.20,0.18,0.05,35,0.32,38,2,1416,2024-05-17,0.93681,-0.00197,0.00002,-0.02363,0.01788,-0.00190
NVDA240621C00425000,NVDA,2024-06-21,425.00,call,522.11,502.25,501.35,4,503.15,4,0,383,2024-05-17,0.97583,0.99694,0.00003,-0.09851,0.02670,0.40247
NVDA240621P00425000,NVDA,2024-06-21,425.00,put,0.21,0.20,0.06,23,0.33,11,12,920,2024-05-17,0.93681,-0.00224,0.00003,-0.02656,0.02009,-0.00217
NVDA240621C00430000,NVDA,2024-06-21,430.00,call,510.37,496.75,493.85,40,499.65,40,1,1819,2024-05-17,0.01976,1.00000,0.00000,-0.06247,0.00000,0.41023
NVDA240621P00430000,NVDA,2024-06-21,430.00,put,0.20,0.21,0.07,35,0.34,24,1,1251,2024-05-17,0.93681,-0.00254,0.00003,-0.02975,0.02251,-0.00246
NVDA240621C00435000,NVDA,2024-06-21,435.00,call,486.95,492.60,491.45,4,493.75,1,0,229,2024-05-17,1.03437,0.99431,0.00005,-0.13098,0.04645,0.40938
NVDA240621P00435000,NVDA,2024-06-21,435.00,put,0.21,0.23,0.17,34,0.28,10,27,1259,2024-05-17,0.93681,-0.00287,0.00003,-0.03324,0.02515,-0.00278
NVDA240621C00440000,NVDA,2024-06-21,440.00,call,488.26,487.15,483.90,40,490.40,40,3,4557,2024-05-17,0.85876,0.99839,0.00002,-0.08200,0.01493,0.41822
NVDA240621P00440000,NVDA,2024-06-21,440.00,put,0.24,0.23,0.10,6,0.36,34,1,4825,2024-05-17,0.91729,-0.00276,0.00003,-0.03144,0.02430,-0.00267
NVDA240621C00445000,NVDA,2024-06-21,445.00,call,504.85,482.45,481.55,4,483.35,4,0,322,2024-05-17,0.95632,0.99580,0.00005,-0.11246,0.03545,0.42044
NVDA240621P00445000,NVDA,2024-06-21,445.00,put,0.11,0.25,0.11,23,0.39,23,0,1093,2024-05-17,0.91729,-0.00312,0.00004,-0.03508,0.02712,-0.00302
NVDA240621C00450000,NVDA,2024-06-21,450.00,call,490.38,477.18,474.10,40,480.25,1,1,1013,2024-05-17,0.81974,0.99858,0.00002,-0.08073,0.01328,0.42795
NVDA240621P00450000,NVDA,2024-06-21,450.00,put,0.28,0.24,0.21,11,0.28,15,334,4746,2024-05-17,0.89778,-0.00299,0.00004,-0.03311,0.02616,-0.00290
NVDA240621C00455000,NVDA,2024-06-21,455.00,call,476.01,472.48,471.60,4,473.35,4,0,575,2024-05-17,0.91729,0.99606,0.00004,-0.10940,0.03349,0.43025
NVDA240621P00455000,NVDA,2024-06-21,455.00,put,0.25,0.24,0.14,23,0.34,2,2,833,2024-05-17,0.87827,-0.00287,0.00003,-0.03113,0.02515,-0.00277
NVDA240621C00460000,NVDA,2024-06-21,460.00,call,491.00,467.33,464.05,1,470.60,40,0,996,2024-05-17,0.85876,0.99727,0.00003,-0.09598,0.02408,0.43622
NVDA240621P00460000,NVDA,2024-06-21,460.00,put,0.24,0.28,0.15,35,0.40,38,5,1325,2024-05-17,0.87827,-0.00324,0.00004,-0.03475,0.02808,-0.00313
NVDA240621C00465000,NVDA,2024-06-21,465.00,call,492.38,461.77,459.10,40,464.45,40,0,794,2024-05-17,0.01976,1.00000,0.00000,-0.06756,0.00000,0.44362
NVDA240621P00465000,NVDA,2024-06-21,465.00,put,0.12,0.29,0.17,5,0.42,10,3,554,2024-05-17,0.87827,-0.00365,0.00004,-0.03868,0.03126,-0.00353
NVDA240621C00470000,NVDA,2024-06-21,470.00,call,481.38,457.32,454.00,40,460.65,40,0,1584,2024-05-17,0.80022,0.99799,0.00003,-0.08888,0.01827,0.44646
NVDA240621P00470000,NVDA,2024-06-21,470.00,put,0.18,0.28,0.18,31,0.38,33,0,1991,2024-05-17,0.85876,-0.00349,0.00004,-0.03636,0.03005,-0.00337
NVDA240621C00475000,NVDA,2024-06-21,475.00,call,466.34,451.85,449.15,40,454.55,40,1,1146,2024-05-17,0.01976,1.00000,0.00000,-0.06901,0.00000,0.45316
NVDA240621P00475000,NVDA,2024-06-21,475.00,put,0.30,0.32,0.20,8,0.44,41,20,1080,2024-05-17,0.85876,-0.00394,0.00005,-0.04044,0.03343,-0.00380
NVDA240621C00480000,NVDA,2024-06-21,480.00,call,469.00,446.90,444.25,1,449.55,40,0,1074,2024-05-17,0.01976,1.00000,0.00000,-0.06974,0.00000,0.45793
NVDA240621P00480000,NVDA,2024-06-21,480.00,put,0.35,0.30,0.21,31,0.39,13,640,1499,2024-05-17,0.83925,-0.00376,0.00005,-0.03792,0.03209,-0.00362
NVDA240621C00485000,NVDA,2024-06-21,485.00,call,426.46,442.75,441.85,4,443.65,4,0,637,2024-05-17,0.87827,0.99426,0.00006,-0.12832,0.04679,0.45713
NVDA240621P00485000,NVDA,2024-06-21,485.00,put,0.35,0.31,0.22,23,0.40,23,269,899,2024-05-17,0.83925,-0.00423,0.00005,-0.04215,0.03567,-0.00408
NVDA240621C00490000,NVDA,2024-06-21,490.00,call,456.76,437.60,434.35,40,440.85,40,0,771,2024-05-17,0.81974,0.99597,0.00005,-0.11063,0.03418,0.46359
NVDA240621P00490000,NVDA,2024-06-21,490.00,put,0.25,0.35,0.24,35,0.47,33,25,1039,2024-05-17,0.81974,-0.00403,0.00005,-0.03944,0.03418,-0.00388
NVDA240621C00495000,NVDA,2024-06-21,495.00,call,456.88,432.82,431.95,4,433.70,4,0,634,2024-05-17,0.85876,0.99383,0.00007,-0.13220,0.04988,0.46626
NVDA240621P00495000,NVDA,2024-06-21,495.00,put,0.24,0.38,0.26,23,0.49,20,0,585,2024-05-17,0.81974,-0.00454,0.00006,-0.04380,0.03797,-0.00437
NVDA240621C00500000,NVDA,2024-06-21,500.00,call,430.42,427.57,424.50,40,430.65,40,17,3635,2024-05-17,0.76120,0.99701,0.00004,-0.10065,0.02615,0.47415
NVDA240621P00500000,NVDA,2024-06-21,500.00,put,0.41,0.40,0.35,80,0.45,21,579,6272,2024-05-17,0.81974,-0.00509,0.00006,-0.04852,0.04207,-0.00491
NVDA240621C00505000,NVDA,2024-06-21,505.00,call,409.80,422.10,419.45,40,424.75,40,0,776,2024-05-17,0.01976,1.00000,0.00000,-0.07337,0.00000,0.48178
NVDA240621P00505000,NVDA,2024-06-21,505.00,put,0.26,0.44,0.30,23,0.58,23,0,565,2024-05-17,0.81974,-0.00570,0.00007,-0.05361,0.04649,-0.00549
NVDA240621C00510000,NVDA,2024-06-21,510.00,call,417.25,418.00,417.10,4,418.90,4,7,634,2024-05-17,0.83925,0.99265,0.00008,-0.14286,0.05826,0.47943
NVDA240621P00510000,NVDA,2024-06-21,510.00,put,0.28,0.43,0.32,35,0.53,32,0,1042,2024-05-17,0.80022,-0.00544,0.00007,-0.05026,0.04466,-0.00524
NVDA240621C00515000,NVDA,2024-06-21,515.00,call,415.44,413.05,412.15,4,413.95,4,2,513,2024-05-17,0.81974,0.99292,0.00008,-0.13978,0.05636,0.48448
NVDA240621P00515000,NVDA,2024-06-21,515.00,put,0.44,0.45,0.34,29,0.55,27,1,561,2024-05-17,0.80022,-0.00609,0.00008,-0.05550,0.04933,-0.00587
NVDA240621C00520000,NVDA,2024-06-21,520.00,call,414.18,407.80,404.45,40,411.15,40,3,887,2024-05-17,0.76120,0.99509,0.00007,-0.11914,0.04075,0.49139
NVDA240621P00520000,NVDA,2024-06-21,520.00,put,0.40,0.46,0.36,35,0.56,13,1,621,2024-05-17,0.78071,-0.00581,0.00007,-0.05193,0.04732,-0.00558
NVDA240621C00525000,NVDA,2024-06-21,525.00,call,404.81,403.10,400.75,40,405.45,40,10,1355,2024-05-17,0.80022,0.99244,0.00009,-0.14347,0.05975,0.49356
NVDA240621P00525000,NVDA,2024-06-21,525.00,put,0.42,0.48,0.38,35,0.58,18,2,1036,2024-05-17,0.78071,-0.00650,0.00008,-0.05732,0.05225,-0.00625
NVDA240621C00530000,NVDA,2024-06-21,530.00,call,393.10,397.45,394.65,40,400.25,40,1,1085,2024-05-17,0.01976,1.00000,0.00000,-0.07700,0.00000,0.50563
NVDA240621P00530000,NVDA,2024-06-21,530.00,put,0.36,0.51,0.40,23,0.61,10,0,1021,2024-05-17,0.76120,-0.00619,0.00008,-0.05351,0.05004,-0.00594
NVDA240621C00535000,NVDA,2024-06-21,535.00,call,418.50,393.25,392.35,4,394.15,4,0,443,2024-05-17,0.80022,0.99069,0.00011,-0.15830,0.07168,0.50140
NVDA240621P00535000,NVDA,2024-06-21,535.00,put,0.51,0.52,0.42,35,0.62,11,13,573,2024-05-17,0.76120,-0.00692,0.00009,-0.05906,0.05524,-0.00664
NVDA240621C00540000,NVDA,2024-06-21,540.00,call,396.69,388.42,387.40,4,389.45,1,2,687,2024-05-17,0.80022,0.98971,0.00012,-0.16639,0.07825,0.50521
NVDA240621P00540000,NVDA,2024-06-21,540.00,put,0.58,0.58,0.54,11,0.62,31,52,676,2024-05-17,0.76120,-0.00772,0.00010,-0.06501,0.06083,-0.00742
NVDA240621C00545000,NVDA,2024-06-21,545.00,call,412.55,382.58,379.80,40,385.35,40,0,1540,2024-05-17,0.50755,0.99975,0.00001,-0.08112,0.00272,0.51970
NVDA240621P00545000,NVDA,2024-06-21,545.00,put,0.60,0.57,0.51,263,0.64,16,816,698,2024-05-17,0.74169,-0.00736,0.00010,-0.06070,0.05830,-0.00705
NVDA240621C00550000,NVDA,2024-06-21,550.00,call,382.00,378.10,375.05,40,381.15,40,3,2867,2024-05-17,0.72218,0.99302,0.00009,-0.13631,0.05566,0.51804
NVDA240621P00550000,NVDA,2024-06-21,550.00,put,0.60,0.62,0.56,5,0.69,29,74,3486,2024-05-17,0.74169,-0.00821,0.00011,-0.06681,0.06419,-0.00787
NVDA240621C00555000,NVDA,2024-06-21,555.00,call,348.91,373.45,372.55,4,374.35,4,0,581,2024-05-17,0.76120,0.98944,0.00013,-0.16614,0.08006,0.51930
NVDA240621P00555000,NVDA,2024-06-21,555.00,put,0.41,0.67,0.62,6,0.71,8,0,1090,2024-05-17,0.74169,-0.00913,0.00012,-0.07336,0.07050,-0.00877
NVDA240621C00560000,NVDA,2024-06-21,560.00,call,362.52,367.80,365.05,1,370.55,40,2,1072,2024-05-17,0.60511,0.99743,0.00005,-0.10069,0.02279,0.53183
NVDA240621P00560000,NVDA,2024-06-21,560.00,put,0.40,0.65,0.56,29,0.74,7,0,794,2024-05-17,0.72218,-0.00871,0.00011,-0.06850,0.06763,-0.00834
NVDA240621C00565000,NVDA,2024-06-21,565.00,call,339.04,363.55,362.65,4,364.45,4,0,558,2024-05-17,0.74169,0.98877,0.00014,-0.16991,0.08444,0.52821
NVDA240621P00565000,NVDA,2024-06-21,565.00,put,0.58,0.73,0.68,7,0.77,16,10,956,2024-05-17,0.72218,-0.00969,0.00013,-0.07521,0.07427,-0.00929
NVDA240621C00570000,NVDA,2024-06-21,570.00,call,353.80,357.88,355.10,40,360.65,40,1,815,2024-05-17,0.60511,0.99657,0.00006,-0.10787,0.02955,0.54056
NVDA240621P00570000,NVDA,2024-06-21,570.00,put,0.75,0.71,0.62,21,0.80,16,325,1096,2024-05-17,0.70267,-0.00923,0.00012,-0.07008,0.07115,-0.00882
NVDA240621C00575000,NVDA,2024-06-21,575.00,call,348.11,353.68,352.80,4,354.55,5,1,482,2024-05-17,0.72218,0.98808,0.00015,-0.17356,0.08895,0.53711
NVDA240621P00575000,NVDA,2024-06-21,575.00,put,0.79,0.77,0.74,13,0.80,2,35,1707,2024-05-17,0.70267,-0.01027,0.00014,-0.07694,0.07814,-0.00983
NVDA240621C00580000,NVDA,2024-06-21,580.00,call,323.13,348.88,347.85,5,349.90,5,0,694,2024-05-17,0.74169,0.98494,0.00018,-0.19738,0.10885,0.53879
NVDA240621P00580000,NVDA,2024-06-21,580.00,put,0.61,0.89,0.78,10,0.99,27,16,1768,2024-05-17,0.70267,-0.01141,0.00015,-0.08428,0.08562,-0.01093
NVDA240621C00585000,NVDA,2024-06-21,585.00,call,325.70,344.02,341.20,41,346.85,41,0,787,2024-05-17,0.72218,0.98546,0.00018,-0.19177,0.10556,0.54411
NVDA240621P00585000,NVDA,2024-06-21,585.00,put,0.64,0.93,0.82,14,1.03,5,1,1782,2024-05-17,0.70267,-0.01264,0.00016,-0.09210,0.09359,-0.01212
NVDA240621C00590000,NVDA,2024-06-21,590.00,call,339.70,338.88,338.00,4,339.75,5,3,617,2024-05-17,0.70267,0.98602,0.00018,-0.18613,0.10207,0.54945
NVDA240621P00590000,NVDA,2024-06-21,590.00,put,0.91,0.95,0.84,14,1.06,22,319,1395,2024-05-17,0.68315,-0.01208,0.00016,-0.08605,0.08998,-0.01156
NVDA240621C00595000,NVDA,2024-06-21,595.00,call,354.46,334.08,333.05,4,335.10,1,0,515,2024-05-17,0.70267,0.98458,0.00019,-0.19568,0.11107,0.55282
NVDA240621P00595000,NVDA,2024-06-21,595.00,put,0.93,1.02,0.91,23,1.12,8,4,1541,2024-05-17,0.68315,-0.01339,0.00018,-0.09405,0.09837,-0.01282
NVDA240621C00600000,NVDA,2024-06-21,600.00,call,328.70,328.98,326.80,6,331.15,41,42,3761,2024-05-17,0.68315,0.98519,0.00019,-0.18972,0.10729,0.55822
NVDA240621P00600000,NVDA,2024-06-21,600.00,put,1.01,1.05,0.92,6,1.18,14,370,4766,2024-05-17,0.68315,-0.01481,0.00019,-0.10255,0.10729,-0.01419
NVDA240621C00605000,NVDA,2024-06-21,605.00,call,333.30,324.12,323.25,5,325.00,5,0,643,2024-05-17,0.68315,0.98365,0.00021,-0.19945,0.11676,0.56150
NVDA240621P00605000,NVDA,2024-06-21,605.00,put,0.95,1.12,1.01,30,1.23,20,19,1304,2024-05-17,0.68315,-0.01635,0.00021,-0.11156,0.11676,-0.01568
NVDA240621C00610000,NVDA,2024-06-21,610.00,call,326.91,319.20,318.30,4,320.10,5,2,429,2024-05-17,0.68315,0.98200,0.00023,-0.20972,0.12678,0.56467
NVDA240621P00610000,NVDA,2024-06-21,610.00,put,1.04,1.18,1.07,26,1.29,19,34,1128,2024-05-17,0.66364,-0.01568,0.00021,-0.10453,0.11267,-0.01500
NVDA240621C00615000,NVDA,2024-06-21,615.00,call,343.06,314.12,313.10,1,315.15,5,0,521,2024-05-17,0.66364,0.98269,0.00023,-0.20309,0.12263,0.57015
NVDA240621P00615000,NVDA,2024-06-21,615.00,put,1.17,1.24,1.13,15,1.35,5,16,841,2024-05-17,0.66364,-0.01731,0.00023,-0.11374,0.12263,-0.01657
NVDA240621C00620000,NVDA,2024-06-21,620.00,call,329.75,309.62,306.85,41,312.40,41,0,807,2024-05-17,0.68315,0.97831,0.00027,-0.23183,0.14851,0.57063
NVDA240621P00620000,NVDA,2024-06-21,620.00,put,1.22,1.23,1.12,14,1.34,24,32,1546,2024-05-17,0.64413,-0.01659,0.00022,-0.10637,0.11822,-0.01584
NVDA240621C00625000,NVDA,2024-06-21,625.00,call,306.48,304.30,301.10,40,307.50,40,10,878,2024-05-17,0.64413,0.98168,0.00024,-0.20657,0.12870,0.57875
NVDA240621P00625000,NVDA,2024-06-21,625.00,put,1.00,1.38,1.27,9,1.49,5,6,1047,2024-05-17,0.64413,-0.01832,0.00024,-0.11576,0.12870,-0.01751
NVDA240621C00630000,NVDA,2024-06-21,630.00,call,295.41,299.65,298.85,5,300.45,5,3,525,2024-05-17,0.66364,0.97700,0.00029,-0.23609,0.15603,0.57895
NVDA240621P00630000,NVDA,2024-06-21,630.00,put,1.35,1.44,1.31,16,1.57,11,76,1093,2024-05-17,0.64413,-0.02019,0.00026,-0.12570,0.13980,-0.01931
NVDA240621C00635000,NVDA,2024-06-21,635.00,call,291.58,294.62,293.70,5,295.55,5,2,332,2024-05-17,0.64413,0.97779,0.00029,-0.22843,0.15151,0.58454
NVDA240621P00635000,NVDA,2024-06-21,635.00,put,1.44,1.48,1.41,42,1.56,27,47,601,2024-05-17,0.62462,-0.01938,0.00026,-0.11763,0.13498,-0.01848
NVDA240621C00640000,NVDA,2024-06-21,640.00,call,299.14,289.88,289.05,5,290.70,5,2,456,2024-05-17,0.64413,0.97563,0.00031,-0.24019,0.16384,0.58721
NVDA240621P00640000,NVDA,2024-06-21,640.00,put,1.45,1.60,1.43,20,1.77,16,15,1131,2024-05-17,0.62462,-0.02137,0.00029,-0.12776,0.14666,-0.02040
NVDA240621C00645000,NVDA,2024-06-21,645.00,call,284.95,284.93,284.05,4,285.80,5,1,563,2024-05-17,0.64413,0.97331,0.00033,-0.25250,0.17680,0.58974
NVDA240621P00645000,NVDA,2024-06-21,645.00,put,1.61,1.70,1.53,13,1.87,11,42,644,2024-05-17,0.62462,-0.02352,0.00031,-0.13845,0.15899,-0.02247
NVDA240621C00650000,NVDA,2024-06-21,650.00,call,281.90,280.07,276.70,42,283.45,60,18,2696,2024-05-17,0.62462,0.97418,0.00034,-0.24413,0.17197,0.59541
NVDA240621P00650000,NVDA,2024-06-21,650.00,put,1.77,1.75,1.67,7,1.82,6,288,5466,2024-05-17,0.62462,-0.02582,0.00034,-0.14969,0.17197,-0.02470
NVDA240621C00655000,NVDA,2024-06-21,655.00,call,281.27,275.12,274.20,5,276.05,5,2,560,2024-05-17,0.62462,0.97170,0.00036,-0.25666,0.18561,0.59779
NVDA240621P00655000,NVDA,2024-06-21,655.00,put,1.87,1.88,1.81,6,1.94,6,40,914,2024-05-17,0.60511,-0.02489,0.00034,-0.14055,0.16677,-0.02374
NVDA240621C00660000,NVDA,2024-06-21,660.00,call,279.13,270.62,267.95,31,273.30,41,1,1423,2024-05-17,0.62462,0.96906,0.00039,-0.26975,0.19990,0.60000
NVDA240621P00660000,NVDA,2024-06-21,660.00,put,1.87,1.99,1.92,5,2.06,12,14,1087,2024-05-17,0.60511,-0.02735,0.00036,-0.15201,0.18044,-0.02611
NVDA240621C00665000,NVDA,2024-06-21,665.00,call,265.83,265.52,262.60,9,268.45,8,16,950,2024-05-17,0.60511,0.97001,0.00039,-0.26064,0.19480,0.60576
NVDA240621P00665000,NVDA,2024-06-21,665.00,put,2.25,2.12,2.04,17,2.19,9,31,802,2024-05-17,0.60511,-0.02999,0.00039,-0.16403,0.19480,-0.02866
NVDA240621C00670000,NVDA,2024-06-21,670.00,call,258.42,260.20,257.20,40,263.20,42,3,858,2024-05-17,0.58560,0.97103,0.00039,-0.25148,0.18928,0.61158
NVDA240621P00670000,NVDA,2024-06-21,670.00,put,2.40,2.31,2.18,16,2.44,4,168,1301,2024-05-17,0.60511,-0.03281,0.00042,-0.17662,0.20985,-0.03139
NVDA240621C00675000,NVDA,2024-06-21,675.00,call,263.98,255.85,254.95,10,256.75,5,3,655,2024-05-17,0.60511,0.96417,0.00045,-0.28784,0.22557,0.60965
NVDA240621P00675000,NVDA,2024-06-21,675.00,put,2.49,2.42,2.34,11,2.50,13,18,1750,2024-05-17,0.58560,-0.03179,0.00043,-0.16639,0.20441,-0.03032
NVDA240621C00680000,NVDA,2024-06-21,680.00,call,255.00,250.80,247.60,40,254.00,40,2,1177,2024-05-17,0.58560,0.96520,0.00046,-0.27800,0.22026,0.61550
NVDA240621P00680000,NVDA,2024-06-21,680.00,put,2.53,2.54,2.42,11,2.67,5,27,1347,2024-05-17,0.58560,-0.03480,0.00046,-0.17920,0.22026,-0.03323
NVDA240621C00685000,NVDA,2024-06-21,685.00,call,244.90,246.22,245.35,10,247.10,5,1,493,2024-05-17,0.58560,0.96197,0.00049,-0.29210,0.23682,0.61716
NVDA240621P00685000,NVDA,2024-06-21,685.00,put,2.69,2.77,2.68,12,2.86,6,8,867,2024-05-17,0.58560,-0.03803,0.00049,-0.19258,0.23682,-0.03634
NVDA240621C00690000,NVDA,2024-06-21,690.00,call,249.83,241.55,240.95,5,242.15,1,1,541,2024-05-17,0.58560,0.95854,0.00053,-0.30676,0.25408,0.61860
NVDA240621P00690000,NVDA,2024-06-21,690.00,put,3.05,2.89,2.78,10,3.00,1,54,1178,2024-05-17,0.58560,-0.04146,0.00053,-0.20652,0.25408,-0.03967
NVDA240621C00695000,NVDA,2024-06-21,695.00,call,247.05,236.78,236.15,5,237.40,1,5,618,2024-05-17,0.58560,0.95488,0.00057,-0.32196,0.27203,0.61983
NVDA240621P00695000,NVDA,2024-06-21,695.00,put,3.25,3.20,3.10,6,3.30,34,22,762,2024-05-17,0.58560,-0.04512,0.00057,-0.22099,0.27203,-0.04321
NVDA240621C00700000,NVDA,2024-06-21,700.00,call,232.29,232.05,231.45,5,232.65,1,132,8445,2024-05-17,0.58560,0.95100,0.00061,-0.33769,0.29064,0.62084
NVDA240621P00700000,NVDA,2024-06-21,700.00,put,3.55,3.35,3.20,24,3.50,12,1452,7427,2024-05-17,0.56608,-0.04405,0.00057,-0.20938,0.26683,-0.04206
NVDA240621C00705000,NVDA,2024-06-21,705.00,call,224.30,227.32,226.70,5,227.95,1,3,551,2024-05-17,0.58560,0.94688,0.00065,-0.35392,0.30991,0.62161
NVDA240621P00705000,NVDA,2024-06-21,705.00,put,3.75,3.65,3.45,10,3.85,1,89,498,2024-05-17,0.56608,-0.04797,0.00062,-0.22408,0.28573,-0.04585
NVDA240621C00710000,NVDA,2024-06-21,710.00,call,246.75,222.55,220.80,10,224.30,2,0,1231,2024-05-17,0.58560,0.94253,0.00069,-0.37064,0.32979,0.62215
NVDA240621P00710000,NVDA,2024-06-21,710.00,put,4.00,3.97,3.85,14,4.10,10,67,882,2024-05-17,0.56608,-0.05213,0.00066,-0.23931,0.30531,-0.04987
NVDA240621C00715000,NVDA,2024-06-21,715.00,call,215.00,217.93,217.30,5,218.55,1,3,720,2024-05-17,0.56608,0.94346,0.00070,-0.35892,0.32557,0.62797
NVDA240621P00715000,NVDA,2024-06-21,715.00,put,4.15,4.18,3.95,5,4.40,16,58,427,2024-05-17,0.56608,-0.05654,0.00070,-0.25504,0.32557,-0.05415
NVDA240621C00720000,NVDA,2024-06-21,720.00,call,213.60,213.15,211.35,4,214.95,1,90,1332,2024-05-17,0.56608,0.93880,0.00075,-0.37585,0.34646,0.62821
NVDA240621P00720000,NVDA,2024-06-21,720.00,put,4.48,4.58,4.45,34,4.70,5,128,1260,2024-05-17,0.56608,-0.06120,0.00075,-0.27125,0.34646,-0.05868
NVDA240621C00725000,NVDA,2024-06-21,725.00,call,210.80,208.57,206.85,6,210.30,2,67,1932,2024-05-17,0.56608,0.93388,0.00079,-0.39323,0.36796,0.62820
NVDA240621P00725000,NVDA,2024-06-21,725.00,put,5.05,4.95,4.80,13,5.10,38,37,1417,2024-05-17,0.56608,-0.06612,0.00079,-0.28790,0.36796,-0.06347
NVDA240621C00730000,NVDA,2024-06-21,730.00,call,203.50,204.18,202.65,7,205.70,4,1,796,2024-05-17,0.56608,0.92869,0.00084,-0.41104,0.39003,0.62791
NVDA240621P00730000,NVDA,2024-06-21,730.00,put,5.50,5.33,5.20,35,5.45,15,122,1825,2024-05-17,0.56608,-0.07131,0.00084,-0.30498,0.39003,-0.06852
NVDA240621C00735000,NVDA,2024-06-21,735.00,call,207.50,199.45,197.70,5,201.20,1,21,1237,2024-05-17,0.56608,0.92323,0.00089,-0.42923,0.41263,0.62736
NVDA240621P00735000,NVDA,2024-06-21,735.00,put,5.75,5.60,5.30,5,5.90,34,29,800,2024-05-17,0.54657,-0.07052,0.00086,-0.29165,0.38669,-0.06755
NVDA240621C00740000,NVDA,2024-06-21,740.00,call,197.38,194.88,194.00,5,195.75,5,327,2288,2024-05-17,0.56608,0.91750,0.00094,-0.44778,0.43573,0.62653
NVDA240621P00740000,NVDA,2024-06-21,740.00,put,5.95,6.20,6.05,33,6.35,11,94,1598,2024-05-17,0.56608,-0.08250,0.00094,-0.34027,0.43573,-0.07944
NVDA240621C00745000,NVDA,2024-06-21,745.00,call,187.80,190.45,189.85,5,191.05,1,86,558,2024-05-17,0.56608,0.91150,0.00099,-0.46664,0.45926,0.62542
NVDA240621P00745000,NVDA,2024-06-21,745.00,put,6.81,6.50,6.20,2,6.80,14,77,897,2024-05-17,0.54657,-0.08195,0.00097,-0.32653,0.43353,-0.07867
NVDA240621C00750000,NVDA,2024-06-21,750.00,call,186.00,185.93,185.10,4,186.75,4,2778,2585,2024-05-17,0.56608,0.90522,0.00104,-0.48578,0.48319,0.62403
NVDA240621P00750000,NVDA,2024-06-21,750.00,put,7.20,7.20,7.05,19,7.35,6,282,3782,2024-05-17,0.54657,-0.08809,0.00102,-0.34448,0.45769,-0.08467
NVDA240621C00755000,NVDA,2024-06-21,755.00,call,184.40,181.85,180.50,6,183.20,5,132,814,2024-05-17,0.56608,0.89867,0.00109,-0.50515,0.50746,0.62236
NVDA240621P00755000,NVDA,2024-06-21,755.00,put,7.60,7.75,7.60,16,7.90,18,109,1105,2024-05-17,0.54657,-0.09454,0.00108,-0.36272,0.48228,-0.09097
NVDA240621C00760000,NVDA,2024-06-21,760.00,call,177.50,177.03,175.50,6,178.55,5,143,1826,2024-05-17,0.54657,0.89873,0.00113,-0.49162,0.50724,0.62749
NVDA240621P00760000,NVDA,2024-06-21,760.00,put,8.45,8.32,8.15,21,8.50,14,97,1802,2024-05-17,0.54657,-0.10127,0.00113,-0.38121,0.50724,-0.09757
NVDA240621C00765000,NVDA,2024-06-21,765.00,call,172.20,172.78,172.15,1,173.40,1,58,693,2024-05-17,0.54657,0.89169,0.00119,-0.51103,0.53251,0.62536
NVDA240621P00765000,NVDA,2024-06-21,765.00,put,8.88,8.98,8.80,15,9.15,14,71,881,2024-05-17,0.54657,-0.10831,0.00119,-0.39989,0.53251,-0.10447
NVDA240621C00770000,NVDA,2024-06-21,770.00,call,169.20,168.53,167.05,1,170.00,5,154,2787,2024-05-17,0.54657,0.88436,0.00124,-0.53059,0.55804,0.62292
NVDA240621P00770000,NVDA,2024-06-21,770.00,put,9.76,9.72,9.45,8,10.00,6,123,1712,2024-05-17,0.54657,-0.11564,0.00124,-0.41872,0.55804,-0.11167
NVDA240621C00775000,NVDA,2024-06-21,775.00,call,164.22,164.10,162.55,1,165.65,1,139,1486,2024-05-17,0.54657,0.87674,0.00130,-0.55025,0.58375,0.62019
NVDA240621P00775000,NVDA,2024-06-21,775.00,put,10.35,10.20,9.80,5,10.60,11,223,1883,2024-05-17,0.54657,-0.12326,0.00130,-0.43765,0.58375,-0.11917
NVDA240621C00780000,NVDA,2024-06-21,780.00,call,162.80,160.12,159.60,5,160.65,1,126,8053,2024-05-17,0.54657,0.86882,0.00136,-0.56996,0.60959,0.61715
NVDA240621P00780000,NVDA,2024-06-21,780.00,put,11.14,11.12,10.95,2,11.30,2,562,8800,2024-05-17,0.54657,-0.13118,0.00136,-0.45664,0.60959,-0.12699
NVDA240621C00785000,NVDA,2024-06-21,785.00,call,156.50,155.90,155.30,5,156.50,1,123,519,2024-05-17,0.54657,0.86062,0.00142,-0.58967,0.63548,0.61380
NVDA240621P00785000,NVDA,2024-06-21,785.00,put,12.00,11.97,11.75,9,12.20,10,58,781,2024-05-17,0.54657,-0.13938,0.00142,-0.47562,0.63548,-0.13510
NVDA240621C00790000,NVDA,2024-06-21,790.00,call,153.90,151.57,150.15,1,153.00,1,180,3718,2024-05-17,0.54657,0.85212,0.00148,-0.60933,0.66137,0.61015
NVDA240621P00790000,NVDA,2024-06-21,790.00,put,13.07,12.80,12.50,5,13.10,5,104,1940,2024-05-17,0.54657,-0.14788,0.00148,-0.49455,0.66137,-0.14352
NVDA240621C00795000,NVDA,2024-06-21,795.00,call,144.53,147.95,146.70,1,149.20,1,37,763,2024-05-17,0.54657,0.84335,0.00153,-0.62888,0.68718,0.60621
NVDA240621P00795000,NVDA,2024-06-21,795.00,put,13.90,13.65,13.20,2,14.10,5,92,1320,2024-05-17,0.54657,-0.15665,0.00153,-0.51338,0.68718,-0.15223
NVDA240621C00800000,NVDA,2024-06-21,800.00,call,143.78,143.88,143.35,6,144.40,1,819,8142,2024-05-17,0.54657,0.83429,0.00159,-0.64827,0.71284,0.60197
NVDA240621P00800000,NVDA,2024-06-21,800.00,put,14.85,14.72,14.60,5,14.85,10,1040,9549,2024-05-17,0.54657,-0.16571,0.00159,-0.53204,0.71284,-0.16125
NVDA240621C00805000,NVDA,2024-06-21,805.00,call,141.90,139.88,139.30,5,140.45,1,20,425,2024-05-17,0.54657,0.82496,0.00165,-0.66745,0.73829,0.59743
NVDA240621P00805000,NVDA,2024-06-21,805.00,put,15.90,15.85,15.65,2,16.05,5,187,448,2024-05-17,0.54657,-0.17504,0.00165,-0.55050,0.73829,-0.17055
NVDA240621C00810000,NVDA,2024-06-21,810.00,call,138.00,136.05,134.70,7,137.40,6,30,1718,2024-05-17,0.54657,0.81537,0.00170,-0.68637,0.76346,0.59261
NVDA240621P00810000,NVDA,2024-06-21,810.00,put,17.24,16.98,16.45,5,17.50,2,153,1565,2024-05-17,0.54657,-0.18463,0.00170,-0.56869,0.76346,-0.18014
NVDA240621C00815000,NVDA,2024-06-21,815.00,call,132.35,132.20,131.60,1,132.80,1,18,559,2024-05-17,0.54657,0.80552,0.00176,-0.70496,0.78827,0.58751
NVDA240621P00815000,NVDA,2024-06-21,815.00,put,18.40,18.12,17.90,5,18.35,2,72,689,2024-05-17,0.54657,-0.19448,0.00176,-0.58656,0.78827,-0.19002
NVDA240621C00820000,NVDA,2024-06-21,820.00,call,130.49,128.45,127.85,1,129.05,1,87,22739,2024-05-17,0.54657,0.79542,0.00181,-0.72319,0.81266,0.58213
NVDA240621P00820000,NVDA,2024-06-21,820.00,put,19.62,19.38,18.80,7,19.95,2,346,2617,2024-05-17,0.54657,-0.20458,0.00181,-0.60406,0.81266,-0.20017
NVDA240621C00825000,NVDA,2024-06-21,825.00,call,124.03,124.75,124.15,1,125.35,1,30,480,2024-05-17,0.54657,0.78508,0.00187,-0.74100,0.83658,0.57647
NVDA240621P00825000,NVDA,2024-06-21,825.00,put,21.00,20.60,19.95,2,21.25,2,271,868,2024-05-17,0.54657,-0.21492,0.00187,-0.62114,0.83658,-0.21059
NVDA240621C00830000,NVDA,2024-06-21,830.00,call,121.50,121.43,120.40,5,122.45,14,123,2052,2024-05-17,0.54657,0.77450,0.00192,-0.75835,0.85994,0.57056
NVDA240621P00830000,NVDA,2024-06-21,830.00,put,22.13,21.95,21.30,2,22.60,1,265,1482,2024-05-17,0.54657,-0.22550,0.00192,-0.63776,0.85994,-0.22127
NVDA240621C00835000,NVDA,2024-06-21,835.00,call,117.30,117.58,117.00,1,118.15,1,12,570,2024-05-17,0.54657,0.76370,0.00197,-0.77517,0.88270,0.56440
NVDA240621P00835000,NVDA,2024-06-21,835.00,put,23.05,23.42,23.20,4,23.65,3,94,486,2024-05-17,0.54657,-0.23630,0.00197,-0.65386,0.88270,-0.23221
NVDA240621C00840000,NVDA,2024-06-21,840.00,call,113.90,113.85,113.00,16,114.70,1,51,2509,2024-05-17,0.54657,0.75270,0.00202,-0.79144,0.90478,0.55798
NVDA240621P00840000,NVDA,2024-06-21,840.00,put,25.00,24.73,24.05,1,25.40,5,174,2767,2024-05-17,0.54657,-0.24730,0.00202,-0.66941,0.90478,-0.24339
NVDA240621C00845000,NVDA,2024-06-21,845.00,call,109.65,110.60,110.05,1,111.15,10,23,484,2024-05-17,0.54657,0.74149,0.00207,-0.80711,0.92614,0.55133
NVDA240621P00845000,NVDA,2024-06-21,845.00,put,26.48,26.45,26.20,1,26.70,1,88,624,2024-05-17,0.54657,-0.25851,0.00207,-0.68435,0.92614,-0.25481
NVDA240621C00850000,NVDA,2024-06-21,850.00,call,106.50,107.25,106.70,1,107.80,1,279,7457,2024-05-17,0.54657,0.73009,0.00211,-0.82213,0.94672,0.54446
NVDA240621P00850000,NVDA,2024-06-21,850.00,put,28.00,27.98,27.80,5,28.15,1,394,6935,2024-05-17,0.54657,-0.26991,0.00211,-0.69864,0.94672,-0.26645
NVDA240621C00855000,NVDA,2024-06-21,855.00,call,104.15,103.93,103.40,1,104.45,1,11,452,2024-05-17,0.54657,0.71851,0.00216,-0.83647,0.96647,0.53737
NVDA240621P00855000,NVDA,2024-06-21,855.00,put,29.37,29.73,29.45,1,30.00,1,106,433,2024-05-17,0.54657,-0.28149,0.00216,-0.71225,0.96647,-0.27832
NVDA240621C00860000,NVDA,2024-06-21,860.00,call,100.33,100.58,99.15,1,102.00,1,23,4876,2024-05-17,0.54657,0.70677,0.00220,-0.85009,0.98534,0.53007
NVDA240621P00860000,NVDA,2024-06-21,860.00,put,31.50,31.35,30.65,1,32.05,5,159,1802,2024-05-17,0.54657,-0.29323,0.00220,-0.72515,0.98534,-0.29039
NVDA240621C00865000,NVDA,2024-06-21,865.00,call,99.20,97.55,97.05,1,98.05,2,24,540,2024-05-17,0.54657,0.69488,0.00224,-0.86296,1.00328,0.52257
NVDA240621P00865000,NVDA,2024-06-21,865.00,put,33.13,33.30,33.00,5,33.60,1,77,578,2024-05-17,0.54657,-0.30512,0.00224,-0.73729,1.00328,-0.30265
NVDA240621C00870000,NVDA,2024-06-21,870.00,call,94.80,94.30,92.90,1,95.70,1,27,912,2024-05-17,0.54657,0.68284,0.00228,-0.87504,1.02026,0.51489
NVDA240621P00870000,NVDA,2024-06-21,870.00,put,34.60,35.02,34.30,1,35.75,9,85,1073,2024-05-17,0.54657,-0.31716,0.00228,-0.74865,1.02026,-0.31510
NVDA240621C00875000,NVDA,2024-06-21,875.00,call,91.01,91.25,89.90,1,92.60,5,36,2629,2024-05-17,0.54657,0.67069,0.00231,-0.88632,1.03623,0.50704
NVDA240621P00875000,NVDA,2024-06-21,875.00,put,37.00,37.00,36.30,1,37.70,5,108,1004,2024-05-17,0.54657,-0.32931,0.00231,-0.75920,1.03623,-0.32773
NVDA240621C00880000,NVDA,2024-06-21,880.00,call,87.66,88.38,88.00,2,88.75,1,91,44737,2024-05-17,0.54657,0.65842,0.00235,-0.89676,1.05116,0.49902
NVDA240621P00880000,NVDA,2024-06-21,880.00,put,39.35,38.95,38.15,6,39.75,7,345,1840,2024-05-17,0.54657,-0.34158,0.00235,-0.76891,1.05116,-0.34051
NVDA240621C00885000,NVDA,2024-06-21,885.00,call,84.35,85.38,84.35,6,86.40,4,111,1801,2024-05-17,0.54657,0.64605,0.00238,-0.90634,1.06502,0.49086
NVDA240621P00885000,NVDA,2024-06-21,885.00,put,42.00,41.17,40.85,2,41.50,1,32,502,2024-05-17,0.54657,-0.35395,0.00238,-0.77776,1.06502,-0.35345
NVDA240621C00890000,NVDA,2024-06-21,890.00,call,81.88,82.72,81.85,5,83.60,1,92,1857,2024-05-17,0.54657,0.63359,0.00240,-0.91504,1.07779,0.48256
NVDA240621P00890000,NVDA,2024-06-21,890.00,put,43.72,43.30,42.40,1,44.20,1,63,1070,2024-05-17,0.54657,-0.36641,0.00240,-0.78574,1.07779,-0.36652
NVDA240621C00895000,NVDA,2024-06-21,895.00,call,80.00,79.72,78.65,2,80.80,1,17,1272,2024-05-17,0.54657,0.62107,0.00243,-0.92286,1.08944,0.47413
NVDA240621P00895000,NVDA,2024-06-21,895.00,put,45.95,45.45,44.55,1,46.35,1,32,829,2024-05-17,0.54657,-0.37893,0.00243,-0.79283,1.08944,-0.37972
NVDA240621C00900000,NVDA,2024-06-21,900.00,call,76.90,77.05,76.65,1,77.45,1,1904,20948,2024-05-17,0.54657,0.60848,0.00245,-0.92977,1.09996,0.46559
NVDA240621P00900000,NVDA,2024-06-21,900.00,put,47.80,47.70,46.80,5,48.60,1,774,3398,2024-05-17,0.54657,-0.39152,0.00245,-0.79901,1.09996,-0.39303
NVDA240621C00905000,NVDA,2024-06-21,905.00,call,76.00,74.38,73.35,5,75.40,1,30,795,2024-05-17,0.54657,0.59585,0.00247,-0.93576,1.10932,0.45694
NVDA240621P00905000,NVDA,2024-06-21,905.00,put,49.23,50.10,49.75,1,50.45,1,66,377,2024-05-17,0.54657,-0.40415,0.00247,-0.80428,1.10932,-0.40644
NVDA240621C00910000,NVDA,2024-06-21,910.00,call,71.53,71.57,71.05,10,72.10,15,39,1171,2024-05-17,0.54657,0.58320,0.00249,-0.94084,1.11753,0.44821
NVDA240621P00910000,NVDA,2024-06-21,910.00,put,51.86,52.50,51.50,1,53.50,1,137,821,2024-05-17,0.54657,-0.41680,0.00249,-0.80863,1.11753,-0.41994
NVDA240621C00915000,NVDA,2024-06-21,915.00,call,70.95,69.25,68.85,1,69.65,1,272,1063,2024-05-17,0.54657,0.57052,0.00251,-0.94499,1.12456,0.43941
NVDA240621P00915000,NVDA,2024-06-21,915.00,put,55.50,54.95,54.60,5,55.30,1,110,325,2024-05-17,0.54657,-0.42948,0.00251,-0.81206,1.12456,-0.43352
NVDA240621C00920000,NVDA,2024-06-21,920.00,call,66.30,66.67,66.35,2,67.00,2,216,6828,2024-05-17,0.54657,0.55784,0.00252,-0.94822,1.13043,0.43053
NVDA240621P00920000,NVDA,2024-06-21,920.00,put,57.60,57.35,56.30,1,58.40,1,144,2612,2024-05-17,0.54657,-0.44216,0.00252,-0.81456,1.13043,-0.44716
NVDA240621C00925000,NVDA,2024-06-21,925.00,call,64.40,64.65,63.95,1,65.35,6,499,1281,2024-05-17,0.54657,0.54518,0.00253,-0.95053,1.13513,0.42161
NVDA240621P00925000,NVDA,2024-06-21,925.00,put,60.41,60.05,59.70,5,60.40,3,207,695,2024-05-17,0.54657,-0.45482,0.00253,-0.81614,1.13513,-0.46086
NVDA240621C00930000,NVDA,2024-06-21,930.00,call,61.80,62.02,61.65,1,62.40,1,1127,1640,2024-05-17,0.54657,0.53253,0.00254,-0.95192,1.13866,0.41264
NVDA240621P00930000,NVDA,2024-06-21,930.00,put,63.05,62.73,62.35,1,63.10,1,186,582,2024-05-17,0.54657,-0.46747,0.00254,-0.81681,1.13866,-0.47459
NVDA240621C00935000,NVDA,2024-06-21,935.00,call,59.70,59.75,59.40,1,60.10,1,744,443,2024-05-17,0.54657,0.51992,0.00255,-0.95241,1.14104,0.40365
NVDA240621P00935000,NVDA,2024-06-21,935.00,put,64.38,65.42,65.05,1,65.80,2,118,334,2024-05-17,0.54657,-0.48008,0.00255,-0.81657,1.14104,-0.48836
NVDA240621C00940000,NVDA,2024-06-21,940.00,call,56.98,57.52,57.15,1,57.90,1,667,3532,2024-05-17,0.54657,0.50736,0.00255,-0.95200,1.14227,0.39464
NVDA240621P00940000,NVDA,2024-06-21,940.00,put,68.30,68.20,67.80,3,68.60,2,205,655,2024-05-17,0.54657,-0.49264,0.00255,-0.81543,1.14227,-0.50214
NVDA240621C00945000,NVDA,2024-06-21,945.00,call,55.22,55.33,54.90,1,55.75,1,325,793,2024-05-17,0.54657,0.49485,0.00255,-0.95070,1.14236,0.38562
NVDA240621P00945000,NVDA,2024-06-21,945.00,put,71.73,71.05,70.65,3,71.45,1,87,283,2024-05-17,0.54657,-0.50515,0.00255,-0.81341,1.14236,-0.51593
NVDA240621C00950000,NVDA,2024-06-21,950.00,call,52.95,53.25,52.90,1,53.60,2,3598,9069,2024-05-17,0.54657,0.48242,0.00255,-0.94854,1.14135,0.37660
NVDA240621P00950000,NVDA,2024-06-21,950.00,put,74.91,73.90,72.95,6,74.85,5,113,2110,2024-05-17,0.54657,-0.51758,0.00255,-0.81052,1.14135,-0.52971
NVDA240621C00955000,NVDA,2024-06-21,955.00,call,52.57,51.08,50.10,1,52.05,1,118,1064,2024-05-17,0.54657,0.47007,0.00254,-0.94552,1.13924,0.36760
NVDA240621P00955000,NVDA,2024-06-21,955.00,put,76.62,76.92,76.50,1,77.35,1,125,265,2024-05-17,0.54657,-0.52993,0.00254,-0.80678,1.13924,-0.54348
NVDA240621C00960000,NVDA,2024-06-21,960.00,call,48.95,48.75,48.10,1,49.40,10,246,3879,2024-05-17,0.54657,0.45781,0.00253,-0.94167,1.13607,0.35863
NVDA240621P00960000,NVDA,2024-06-21,960.00,put,80.05,79.75,78.55,1,80.95,10,8,1532,2024-05-17,0.54657,-0.54219,0.00253,-0.80220,1.13607,-0.55722
NVDA240621C00965000,NVDA,2024-06-21,965.00,call,46.95,47.30,46.95,1,47.65,10,208,505,2024-05-17,0.54657,0.44566,0.00253,-0.93702,1.13184,0.34969
NVDA240621P00965000,NVDA,2024-06-21,965.00,put,78.50,83.00,82.55,1,83.45,1,1,106,2024-05-17,0.54657,-0.55434,0.00253,-0.79682,1.13184,-0.57093
NVDA240621C00970000,NVDA,2024-06-21,970.00,call,44.70,45.35,45.05,1,45.65,25,694,2795,2024-05-17,0.54657,0.43362,0.00251,-0.93157,1.12661,0.34080
NVDA240621P00970000,NVDA,2024-06-21,970.00,put,81.01,86.10,85.05,1,87.15,6,15,758,2024-05-17,0.54657,-0.56638,0.00251,-0.79065,1.12661,-0.58460
NVDA240621C00975000,NVDA,2024-06-21,975.00,call,43.95,43.50,42.55,1,44.45,1,75,1117,2024-05-17,0.54657,0.42170,0.00250,-0.92537,1.12038,0.33196
NVDA240621P00975000,NVDA,2024-06-21,975.00,put,88.34,89.35,88.90,1,89.80,1,7,105,2024-05-17,0.54657,-0.57830,0.00250,-0.78372,1.12038,-0.59821
NVDA240621C00980000,NVDA,2024-06-21,980.00,call,41.90,41.50,40.80,1,42.20,5,307,1936,2024-05-17,0.54657,0.40991,0.00248,-0.91843,1.11320,0.32318
NVDA240621P00980000,NVDA,2024-06-21,980.00,put,95.92,92.60,91.85,5,93.35,4,14,518,2024-05-17,0.54657,-0.59009,0.00248,-0.77605,1.11320,-0.61175
NVDA240621C00985000,NVDA,2024-06-21,985.00,call,41.16,40.12,39.80,1,40.45,1,58,650,2024-05-17,0.54657,0.39826,0.00247,-0.91078,1.10511,0.31448
NVDA240621P00985000,NVDA,2024-06-21,985.00,put,117.70,95.93,95.15,4,96.70,4,0,92,2024-05-17,0.54657,-0.60174,0.00247,-0.76767,1.10511,-0.62523
NVDA240621C00990000,NVDA,2024-06-21,990.00,call,38.55,38.28,37.95,14,38.60,6,82,2818,2024-05-17,0.54657,0.38677,0.00245,-0.90245,1.09612,0.30585
NVDA240621P00990000,NVDA,2024-06-21,990.00,put,92.20,99.25,98.50,5,100.00,4,1,391,2024-05-17,0.54657,-0.61323,0.00245,-0.75862,1.09612,-0.63863
NVDA240621C00995000,NVDA,2024-06-21,995.00,call,37.14,36.80,36.60,3,37.00,17,106,705,2024-05-17,0.54657,0.37542,0.00242,-0.89347,1.08629,0.29731
NVDA240621P00995000,NVDA,2024-06-21,995.00,put,107.00,102.80,101.85,9,103.75,2,31,64,2024-05-17,0.54657,-0.62458,0.00242,-0.74892,1.08629,-0.65193
NVDA240621C01000000,NVDA,2024-06-21,1000.00,call,35.35,35.23,35.00,1,35.45,6,1885,14775,2024-05-17,0.54657,0.36424,0.00240,-0.88388,1.07566,0.28887
NVDA240621P01000000,NVDA,2024-06-21,1000.00,put,105.15,106.78,104.35,4,109.20,2,84,814,2024-05-17,0.56608,-0.62901,0.00233,-0.77447,1.08219,-0.66119
NVDA240621C01010000,NVDA,2024-06-21,1010.00,call,32.20,32.38,32.00,3,32.75,5,222,1648,2024-05-17,0.54657,0.34240,0.00235,-0.86297,1.05211,0.27229
NVDA240621P01010000,NVDA,2024-06-21,1010.00,put,117.00,113.33,112.40,7,114.25,8,22,379,2024-05-17,0.54657,-0.65760,0.00235,-0.71623,1.05211,-0.69127
NVDA240621C01020000,NVDA,2024-06-21,1020.00,call,29.71,29.55,28.70,1,30.40,1,161,2623,2024-05-17,0.54657,0.32127,0.00229,-0.83997,1.02580,0.25616
NVDA240621P01020000,NVDA,2024-06-21,1020.00,put,105.41,120.58,119.70,7,121.45,7,0,266,2024-05-17,0.54657,-0.67873,0.00229,-0.69178,1.02580,-0.71694
NVDA240621C01030000,NVDA,2024-06-21,1030.00,call,27.40,26.98,26.20,1,27.75,7,224,1143,2024-05-17,0.54657,0.30091,0.00222,-0.81515,0.99706,0.24052
NVDA240621P01030000,NVDA,2024-06-21,1030.00,put,112.75,128.15,127.20,7,129.10,8,0,156,2024-05-17,0.54657,-0.69909,0.00222,-0.66551,0.99706,-0.74211
NVDA240621C01040000,NVDA,2024-06-21,1040.00,call,25.06,24.60,24.30,30,24.90,17,102,987,2024-05-17,0.54657,0.28134,0.00216,-0.78877,0.96622,0.22542
NVDA240621P01040000,NVDA,2024-06-21,1040.00,put,139.10,135.85,134.95,6,136.75,7,57,279,2024-05-17,0.54657,-0.71866,0.00216,-0.63768,0.96622,-0.76676
NVDA240621C01050000,NVDA,2024-06-21,1050.00,call,22.40,22.55,22.35,4,22.75,15,2987,8722,2024-05-17,0.54657,0.26258,0.00208,-0.76110,0.93362,0.21087
NVDA240621P01050000,NVDA,2024-06-21,1050.00,put,138.40,143.77,142.85,6,144.70,2,19,686,2024-05-17,0.56608,-0.72826,0.00205,-0.64872,0.94991,-0.78449
NVDA240621C01060000,NVDA,2024-06-21,1060.00,call,20.50,20.25,19.75,1,20.75,17,66,1403,2024-05-17,0.54657,0.24465,0.00201,-0.73238,0.89957,0.19690
NVDA240621P01060000,NVDA,2024-06-21,1060.00,put,146.50,151.88,150.85,6,152.90,2,2,227,2024-05-17,0.56608,-0.74590,0.00198,-0.61927,0.91787,-0.80768
NVDA240621C01070000,NVDA,2024-06-21,1070.00,call,18.60,18.77,18.30,5,19.25,9,436,1803,2024-05-17,0.54657,0.22756,0.00193,-0.70288,0.86438,0.18354
NVDA240621P01070000,NVDA,2024-06-21,1070.00,put,153.05,160.05,159.05,6,161.05,2,4,379,2024-05-17,0.56608,-0.76276,0.00191,-0.58895,0.88464,-0.83032
NVDA240621C01080000,NVDA,2024-06-21,1080.00,call,17.00,16.93,16.25,1,17.60,1,198,1065,2024-05-17,0.54657,0.21132,0.00185,-0.67281,0.82837,0.17078
NVDA240621P01080000,NVDA,2024-06-21,1080.00,put,169.35,168.45,167.45,6,169.45,2,14,227,2024-05-17,0.56608,-0.77884,0.00183,-0.55798,0.85049,-0.85240
NVDA240621C01085000,NVDA,2024-06-21,1085.00,call,16.90,16.25,16.05,1,16.45,9,30,5,2024-05-17,0.54657,0.20351,0.00181,-0.65764,0.81013,0.16463
NVDA240621P01085000,NVDA,2024-06-21,1085.00,put,173.40,172.72,171.70,5,173.75,2,19,0,2024-05-17,0.56608,-0.78658,0.00179,-0.54231,0.83316,-0.86323
NVDA240621C01090000,NVDA,2024-06-21,1090.00,call,15.30,15.50,15.30,10,15.70,12,47,661,2024-05-17,0.54657,0.19591,0.00177,-0.64241,0.79180,0.15863
NVDA240621P01090000,NVDA,2024-06-21,1090.00,put,170.15,177.03,176.00,5,178.05,2,22,369,2024-05-17,0.56608,-0.79414,0.00176,-0.52656,0.81569,-0.87392
NVDA240621C01095000,NVDA,2024-06-21,1095.00,call,15.20,14.82,14.60,7,15.05,2,79,26,2024-05-17,0.54657,0.18852,0.00173,-0.62715,0.77339,0.15279
NVDA240621P01095000,NVDA,2024-06-21,1095.00,put,176.55,181.35,180.35,5,182.35,2,14,0,2024-05-17,0.56608,-0.80149,0.00172,-0.51074,0.79813,-0.88447
NVDA240621C01100000,NVDA,2024-06-21,1100.00,call,14.00,14.10,13.90,1,14.30,26,2088,13947,2024-05-17,0.54657,0.18134,0.00168,-0.61188,0.75495,0.14711
NVDA240621P01100000,NVDA,2024-06-21,1100.00,put,190.10,185.57,184.75,4,186.40,4,16,407,2024-05-17,0.56608,-0.80866,0.00168,-0.49489,0.78049,-0.89488
NVDA240621C01105000,NVDA,2024-06-21,1105.00,call,13.40,13.45,13.25,12,13.65,21,74,53,2024-05-17,0.54657,0.17436,0.00164,-0.59663,0.73649,0.14157
NVDA240621P01105000,NVDA,2024-06-21,1105.00,put,189.65,190.07,189.05,6,191.10,2,10,0,2024-05-17,0.56608,-0.81563,0.00164,-0.47903,0.76280,-0.90514
NVDA240621C01110000,NVDA,2024-06-21,1110.00,call,13.05,12.82,12.60,12,13.05,36,43,997,2024-05-17,0.54657,0.16759,0.00160,-0.58141,0.71806,0.13619
NVDA240621P01110000,NVDA,2024-06-21,1110.00,put,168.85,194.62,193.50,7,195.75,2,0,252,2024-05-17,0.56608,-0.82241,0.00160,-0.46317,0.74510,-0.91526
NVDA240621C01115000,NVDA,2024-06-21,1115.00,call,13.00,12.25,12.05,28,12.45,32,14,19,2024-05-17,0.54657,0.16102,0.00156,-0.56626,0.69967,0.13096
NVDA240621P01115000,NVDA,2024-06-21,1115.00,put,198.65,198.85,197.95,5,199.75,6,28,0,2024-05-17,0.56608,-0.82900,0.00157,-0.44734,0.72740,-0.92524
NVDA240621C01120000,NVDA,2024-06-21,1120.00,call,11.90,11.68,11.45,32,11.90,21,50,927,2024-05-17,0.54657,0.15464,0.00152,-0.55118,0.68135,0.12589
NVDA240621P01120000,NVDA,2024-06-21,1120.00,put,203.00,203.07,202.00,10,204.15,5,2,250,2024-05-17,0.56608,-0.83540,0.00153,-0.43156,0.70974,-0.93509
NVDA240621C01125000,NVDA,2024-06-21,1125.00,call,11.50,11.15,10.95,2,11.35,9,119,12,2024-05-17,0.54657,0.14846,0.00148,-0.53620,0.66313,0.12096
NVDA240621P01125000,NVDA,2024-06-21,1125.00,put,199.05,208.05,206.95,5,209.15,2,22,1,2024-05-17,0.58560,-0.83194,0.00150,-0.45902,0.71936,-0.93752
NVDA240621C01130000,NVDA,2024-06-21,1130.00,call,10.60,10.62,10.40,15,10.85,5,45,1008,2024-05-17,0.54657,0.14248,0.00144,-0.52134,0.64503,0.11618
NVDA240621P01130000,NVDA,2024-06-21,1130.00,put,211.85,212.05,210.90,2,213.20,5,2,109,2024-05-17,0.58560,-0.83801,0.00146,-0.44340,0.70242,-0.94708
NVDA240621C01135000,NVDA,2024-06-21,1135.00,call,10.35,10.18,10.00,1,10.35,16,18,18,2024-05-17,0.54657,0.13669,0.00140,-0.50662,0.62708,0.11154
NVDA240621P01135000,NVDA,2024-06-21,1135.00,put,198.30,217.03,216.05,5,218.00,2,2,0,2024-05-17,0.58560,-0.84391,0.00143,-0.42785,0.68555,-0.95652
NVDA240621C01140000,NVDA,2024-06-21,1140.00,call,10.30,9.82,9.50,16,10.15,12,46,1118,2024-05-17,0.54657,0.13108,0.00136,-0.49204,0.60928,0.10705
NVDA240621P01140000,NVDA,2024-06-21,1140.00,put,214.35,221.70,220.60,6,222.80,2,2,194,2024-05-17,0.58560,-0.84964,0.00139,-0.41239,0.66877,-0.96583
NVDA240621C01145000,NVDA,2024-06-21,1145.00,call,9.30,9.27,9.10,10,9.45,10,15,8,2024-05-17,0.54657,0.12566,0.00132,-0.47763,0.59167,0.10270
NVDA240621P01145000,NVDA,2024-06-21,1145.00,put,204.30,226.38,225.20,5,227.55,2,0,1,2024-05-17,0.58560,-0.85521,0.00136,-0.39703,0.65208,-0.97501
NVDA240621C01150000,NVDA,2024-06-21,1150.00,call,9.00,8.85,8.65,32,9.05,38,705,2947,2024-05-17,0.54657,0.12042,0.00128,-0.46340,0.57426,0.09849
NVDA240621P01150000,NVDA,2024-06-21,1150.00,put,222.95,230.85,229.85,5,231.85,1,23,93,2024-05-17,0.58560,-0.86061,0.00132,-0.38179,0.63551,-0.98407
NVDA240621C01160000,NVDA,2024-06-21,1160.00,call,8.40,8.05,7.90,15,8.20,8,102,700,2024-05-17,0.54657,0.11047,0.00120,-0.43551,0.54012,0.09048
NVDA240621P01160000,NVDA,2024-06-21,1160.00,put,248.67,239.75,238.55,2,240.95,5,0,111,2024-05-17,0.58560,-0.87093,0.00126,-0.35172,0.60280,-1.00182
NVDA240621C01170000,NVDA,2024-06-21,1170.00,call,7.48,7.38,7.25,1,7.50,1,19,1416,2024-05-17,0.54657,0.10120,0.00113,-0.40848,0.50695,0.08301
NVDA240621P01170000,NVDA,2024-06-21,1170.00,put,248.81,249.53,248.50,5,250.55,7,1,77,2024-05-17,0.60511,-0.87165,0.00121,-0.36493,0.60048,-1.01222
NVDA240621C01180000,NVDA,2024-06-21,1180.00,call,6.85,6.72,6.55,39,6.90,10,264,3507,2024-05-17,0.54657,0.09258,0.00106,-0.38237,0.47488,0.07604
NVDA240621P01180000,NVDA,2024-06-21,1180.00,put,239.73,258.60,257.40,2,259.80,4,0,66,2024-05-17,0.60511,-0.88093,0.00115,-0.33578,0.56974,-1.02914
NVDA240621C01190000,NVDA,2024-06-21,1190.00,call,6.20,6.15,6.00,25,6.30,26,243,2086,2024-05-17,0.56608,0.09315,0.00103,-0.39742,0.47706,0.07630
NVDA240621P01190000,NVDA,2024-06-21,1190.00,put,378.47,268.40,266.90,2,269.90,2,0,10,2024-05-17,0.62462,-0.88109,0.00111,-0.34965,0.56918,-1.03908
NVDA240621C01200000,NVDA,2024-06-21,1200.00,call,5.65,5.67,5.60,1,5.75,34,988,9936,2024-05-17,0.56608,0.08545,0.00096,-0.37247,0.44738,0.07008
NVDA240621P01200000,NVDA,2024-06-21,1200.00,put,275.00,277.85,276.85,1,278.85,4,11,19,2024-05-17,0.62462,-0.88947,0.00105,-0.32145,0.54033,-1.05527
NVDA240621C01210000,NVDA,2024-06-21,1210.00,call,5.40,5.20,5.05,26,5.35,32,74,1088,2024-05-17,0.56608,0.07829,0.00090,-0.34850,0.41883,0.06429
NVDA240621P01210000,NVDA,2024-06-21,1210.00,put,268.85,287.58,286.10,2,289.05,2,0,4,2024-05-17,0.62462,-0.89736,0.00100,-0.29395,0.51223,-1.07109
NVDA240621C01220000,NVDA,2024-06-21,1220.00,call,4.65,4.72,4.60,39,4.85,25,166,437,2024-05-17,0.56608,0.07165,0.00084,-0.32553,0.39145,0.05891
NVDA240621P01220000,NVDA,2024-06-21,1220.00,put,277.50,297.30,295.80,1,298.80,1,0,11,2024-05-17,0.64413,-0.89681,0.00097,-0.30864,0.51421,-1.08041
NVDA240621C01230000,NVDA,2024-06-21,1230.00,call,4.47,4.35,4.25,43,4.45,5,44,423,2024-05-17,0.56608,0.06550,0.00079,-0.30359,0.36526,0.05392
NVDA240621P01230000,NVDA,2024-06-21,1230.00,put,303.51,307.20,306.10,4,308.30,1,0,0,2024-05-17,0.66364,-0.89620,0.00095,-0.32364,0.51641,-1.08970
NVDA240621C01240000,NVDA,2024-06-21,1240.00,call,4.00,4.00,3.90,43,4.10,6,7,260,2024-05-17,0.56608,0.05981,0.00073,-0.28269,0.34028,0.04929
NVDA240621P01240000,NVDA,2024-06-21,1240.00,put,442.55,316.73,315.75,5,317.70,4,0,0,2024-05-17,0.66364,-0.90313,0.00090,-0.29727,0.49101,-1.10473
NVDA240621C01250000,NVDA,2024-06-21,1250.00,call,3.70,3.67,3.55,17,3.80,10,133,1959,2024-05-17,0.56608,0.05456,0.00068,-0.26283,0.31653,0.04501
NVDA240621P01250000,NVDA,2024-06-21,1250.00,put,306.85,326.70,325.65,5,327.75,1,0,12,2024-05-17,0.68315,-0.90225,0.00088,-0.31276,0.49427,-1.11378
NVDA240621C01260000,NVDA,2024-06-21,1260.00,call,3.47,3.40,3.30,36,3.50,19,19,359,2024-05-17,0.56608,0.04971,0.00063,-0.24400,0.29399,0.04106
NVDA240621P01260000,NVDA,2024-06-21,1260.00,put,315.15,336.33,334.80,1,337.85,1,0,14,2024-05-17,0.68315,-0.90860,0.00084,-0.28727,0.47042,-1.12834
NVDA240621C01270000,NVDA,2024-06-21,1270.00,call,3.40,3.17,3.05,37,3.30,63,1,252,2024-05-17,0.58560,0.05151,0.00063,-0.25946,0.30242,0.04242
NVDA240621P01270000,NVDA,2024-06-21,1270.00,put,341.33,346.12,344.60,4,347.65,1,0,62,2024-05-17,0.68315,-0.91458,0.00080,-0.26249,0.44726,-1.14262
NVDA240621C01280000,NVDA,2024-06-21,1280.00,call,2.97,2.97,2.89,1,3.05,5,44,422,2024-05-17,0.58560,0.04710,0.00059,-0.24146,0.28157,0.03883
NVDA240621P01280000,NVDA,2024-06-21,1280.00,put,340.60,356.33,355.05,5,357.60,1,10,127,2024-05-17,0.70267,-0.91334,0.00078,-0.27852,0.45214,-1.15135
NVDA240621C01290000,NVDA,2024-06-21,1290.00,call,2.74,2.72,2.63,6,2.81,12,6,993,2024-05-17,0.58560,0.04303,0.00055,-0.22443,0.26181,0.03551
NVDA240621P01290000,NVDA,2024-06-21,1290.00,put,344.25,365.90,364.30,1,367.50,1,0,6,2024-05-17,0.72218,-0.91207,0.00077,-0.29486,0.45704,-1.16008
NVDA240621C01300000,NVDA,2024-06-21,1300.00,call,2.52,2.54,2.50,1,2.59,6,359,5192,2024-05-17,0.58560,0.03928,0.00051,-0.20834,0.24313,0.03244
NVDA240621P01300000,NVDA,2024-06-21,1300.00,put,353.45,375.65,374.60,1,376.70,4,0,18,2024-05-17,0.72218,-0.91746,0.00074,-0.27096,0.43591,-1.17386
NVDA240621C01310000,NVDA,2024-06-21,1310.00,call,2.37,2.34,2.26,6,2.43,17,13,70,2024-05-17,0.58560,0.03582,0.00047,-0.19317,0.22551,0.02962
NVDA240621P01310000,NVDA,2024-06-21,1310.00,put,363.65,385.65,384.05,1,387.25,1,0,4,2024-05-17,0.74169,-0.91606,0.00073,-0.28766,0.44144,-1.18248
NVDA240621C01320000,NVDA,2024-06-21,1320.00,call,2.26,2.08,1.90,10,2.26,11,4,654,2024-05-17,0.58560,0.03264,0.00044,-0.17889,0.20892,0.02701
NVDA240621P01320000,NVDA,2024-06-21,1320.00,put,387.45,395.57,394.00,1,397.15,50,0,2,2024-05-17,0.74169,-0.92105,0.00069,-0.26449,0.42151,-1.19594
NVDA240621C01330000,NVDA,2024-06-21,1330.00,call,2.08,1.98,1.84,1,2.11,5,3,9,2024-05-17,0.58560,0.02972,0.00040,-0.16548,0.19332,0.02461
NVDA240621P01330000,NVDA,2024-06-21,1330.00,put,427.79,405.23,404.10,1,406.35,4,0,0,2024-05-17,0.74169,-0.92577,0.00066,-0.24199,0.40218,-1.20921
NVDA240621C01340000,NVDA,2024-06-21,1340.00,call,1.92,1.83,1.69,1,1.97,10,15,361,2024-05-17,0.60511,0.03157,0.00041,-0.17967,0.20325,0.02608
NVDA240621P01340000,NVDA,2024-06-21,1340.00,put,394.15,415.23,414.10,1,416.35,4,0,0,2024-05-17,0.76120,-0.92418,0.00065,-0.25904,0.40873,-1.21765
NVDA240621C01350000,NVDA,2024-06-21,1350.00,call,1.78,1.77,1.70,15,1.83,9,42,212,2024-05-17,0.60511,0.02885,0.00038,-0.16671,0.18865,0.02385
NVDA240621P01350000,NVDA,2024-06-21,1350.00,put,446.54,425.23,424.25,1,426.20,4,0,0,2024-05-17,0.78071,-0.92260,0.00065,-0.27639,0.41523,-1.22609
NVDA240621C01360000,NVDA,2024-06-21,1360.00,call,1.67,1.65,1.58,6,1.72,31,13,498,2024-05-17,0.60511,0.02635,0.00035,-0.15454,0.17493,0.02181
NVDA240621P01360000,NVDA,2024-06-21,1360.00,put,416.55,434.42,426.95,40,441.90,40,0,2,2024-05-17,0.76120,-0.93276,0.00060,-0.21600,0.37277,-1.24348
NVDA240621C01370000,NVDA,2024-06-21,1370.00,call,1.67,1.54,1.48,6,1.61,11,12,34,2024-05-17,0.60511,0.02406,0.00033,-0.14311,0.16205,0.01992
NVDA240621P01370000,NVDA,2024-06-21,1370.00,put,472.10,445.08,438.30,40,451.85,40,0,0,2024-05-17,0.80022,-0.92527,0.00062,-0.27218,0.40426,-1.24742
NVDA240621C01380000,NVDA,2024-06-21,1380.00,call,1.44,1.44,1.38,6,1.51,8,15,1055,2024-05-17,0.60511,0.02194,0.00030,-0.13241,0.14997,0.01818
NVDA240621P01380000,NVDA,2024-06-21,1380.00,put,445.70,454.35,446.85,40,461.85,40,2,0,2024-05-17,0.80022,-0.92933,0.00059,-0.25091,0.38735,-1.26013
NVDA240621C01400000,NVDA,2024-06-21,1400.00,call,1.31,1.27,1.21,3,1.32,12,188,2102,2024-05-17,0.62462,0.02166,0.00029,-0.13507,0.14831,0.01791
NVDA240621P01400000,NVDA,2024-06-21,1400.00,put,470.53,474.88,468.35,40,481.40,40,0,0,2024-05-17,0.81974,-0.93143,0.00056,-0.24812,0.37846,-1.28099
NVDA240621C01410000,NVDA,2024-06-21,1410.00,call,1.19,1.25,1.14,8,1.36,15,14,400,2024-05-17,0.62462,0.01982,0.00027,-0.12527,0.13759,0.01640
NVDA240621P01410000,NVDA,2024-06-21,1410.00,put,520.65,484.93,478.35,40,491.50,40,0,0,2024-05-17,0.83925,-0.92967,0.00056,-0.26632,0.38589,-1.28930
NVDA240621C01420000,NVDA,2024-06-21,1420.00,call,1.03,1.12,1.06,8,1.18,10,5,428,2024-05-17,0.62462,0.01813,0.00025,-0.11610,0.12754,0.01502
NVDA240621P01420000,NVDA,2024-06-21,1420.00,put,473.90,494.57,487.40,40,501.75,40,0,0,2024-05-17,0.83925,-0.93326,0.00054,-0.24610,0.37060,-1.30164
NVDA240621C01430000,NVDA,2024-06-21,1430.00,call,1.51,1.06,1.00,8,1.11,6,0,432,2024-05-17,0.62462,0.01657,0.00023,-0.10751,0.11813,0.01374
NVDA240621P01430000,NVDA,2024-06-21,1430.00,put,485.00,504.55,497.30,40,511.80,40,2,0,2024-05-17,0.85876,-0.93147,0.00054,-0.26456,0.37825,-1.30992
NVDA240621C01440000,NVDA,2024-06-21,1440.00,call,0.98,1.01,0.98,2,1.04,13,277,745,2024-05-17,0.62462,0.01514,0.00021,-0.09947,0.10934,0.01256
NVDA240621P01440000,NVDA,2024-06-21,1440.00,put,550.36,514.50,507.30,40,521.70,40,0,0,2024-05-17,0.85876,-0.93487,0.00052,-0.24482,0.36367,-1.32210
NVDA240621C01450000,NVDA,2024-06-21,1450.00,call,0.91,0.96,0.92,15,0.99,30,61,442,2024-05-17,0.64413,0.01661,0.00022,-0.11099,0.11835,0.01374
NVDA240621P01450000,NVDA,2024-06-21,1450.00,put,503.15,525.05,518.35,40,531.75,40,0,0,2024-05-17,0.89778,-0.92791,0.00053,-0.30243,0.39331,-1.32651
NVDA240621C01460000,NVDA,2024-06-21,1460.00,call,1.07,0.88,0.82,16,0.94,29,0,365,2024-05-17,0.64413,0.01524,0.00021,-0.10306,0.10991,0.01261
NVDA240621P01460000,NVDA,2024-06-21,1460.00,put,519.00,534.88,527.95,40,541.80,40,2,0,2024-05-17,0.89778,-0.93124,0.00052,-0.28255,0.37925,-1.33862
NVDA240621C01470000,NVDA,2024-06-21,1470.00,call,0.85,0.83,0.77,10,0.89,32,5,350,2024-05-17,0.64413,0.01397,0.00019,-0.09563,0.10201,0.01157
NVDA240621P01470000,NVDA,2024-06-21,1470.00,put,515.15,544.58,537.35,40,551.80,40,0,0,2024-05-17,0.89778,-0.93443,0.00050,-0.26316,0.36556,-1.35063
NVDA240621C01480000,NVDA,2024-06-21,1480.00,call,0.82,0.78,0.73,10,0.84,41,5,442,2024-05-17,0.64413,0.01280,0.00018,-0.08867,0.09461,0.01061
NVDA240621P01480000,NVDA,2024-06-21,1480.00,put,560.44,554.92,548.30,40,561.55,40,0,0,2024-05-17,0.91729,-0.93260,0.00050,-0.28244,0.37345,-1.35888
NVDA240621C01490000,NVDA,2024-06-21,1490.00,call,0.83,0.76,0.71,5,0.80,16,4,1420,2024-05-17,0.64413,0.01173,0.00017,-0.08217,0.08769,0.00973
NVDA240621P01490000,NVDA,2024-06-21,1490.00,put,569.60,565.05,558.40,40,571.70,40,0,0,2024-05-17,0.93681,-0.93076,0.00050,-0.30205,0.38127,-1.36714
NVDA240621C01500000,NVDA,2024-06-21,1500.00,call,0.71,0.70,0.70,1,0.71,1,416,4401,2024-05-17,0.64413,0.01074,0.00015,-0.07610,0.08123,0.00891
NVDA240621P01500000,NVDA,2024-06-21,1500.00,put,603.27,574.77,568.30,40,581.25,40,0,0,2024-05-17,0.93681,-0.93378,0.00048,-0.28298,0.36836,-1.37900
NVDA240621C01510000,NVDA,2024-06-21,1510.00,call,0.72,0.66,0.61,11,0.71,24,30,191,2024-05-17,0.66364,0.01197,0.00016,-0.08610,0.08923,0.00990
NVDA240621P01510000,NVDA,2024-06-21,1510.00,put,634.11,584.52,577.25,40,591.80,40,0,0,2024-05-17,0.95632,-0.93193,0.00048,-0.30284,0.37630,-1.38725
NVDA240621C01520000,NVDA,2024-06-21,1520.00,call,0.68,0.64,0.59,6,0.68,6,85,152,2024-05-17,0.66364,0.01100,0.00015,-0.08002,0.08294,0.00911
NVDA240621P01520000,NVDA,2024-06-21,1520.00,put,615.61,594.52,587.25,40,601.80,40,0,0,2024-05-17,0.95632,-0.93481,0.00046,-0.28413,0.36392,-1.39900
NVDA240621C01530000,NVDA,2024-06-21,1530.00,call,0.66,0.58,0.55,9,0.61,1,10,176,2024-05-17,0.66364,0.01011,0.00014,-0.07433,0.07706,0.00838
NVDA240621P01530000,NVDA,2024-06-21,1530.00,put,627.05,604.50,597.25,40,611.75,40,0,0,2024-05-17,0.97583,-0.93295,0.00046,-0.30423,0.37196,-1.40723
NVDA240621C01540000,NVDA,2024-06-21,1540.00,call,0.57,0.62,0.52,7,0.73,20,1,133,2024-05-17,0.66364,0.00929,0.00013,-0.06901,0.07155,0.00770
NVDA240621P01540000,NVDA,2024-06-21,1540.00,put,642.42,614.98,608.25,40,621.70,40,0,0,2024-05-17,0.99534,-0.93108,0.00047,-0.32467,0.37993,-1.41547
NVDA240621C01550000,NVDA,2024-06-21,1550.00,call,0.53,0.52,0.49,2,0.55,6,129,379,2024-05-17,0.66364,0.00853,0.00012,-0.06404,0.06641,0.00708
NVDA240621P01550000,NVDA,2024-06-21,1550.00,put,647.97,624.98,618.25,40,631.70,40,0,0,2024-05-17,0.99534,-0.93382,0.00045,-0.30621,0.36819,-1.42710
NVDA240621C01560000,NVDA,2024-06-21,1560.00,call,0.55,0.51,0.46,15,0.56,17,18,275,2024-05-17,0.66364,0.00783,0.00011,-0.05939,0.06160,0.00650
NVDA240621P01560000,NVDA,2024-06-21,1560.00,put,685.37,634.85,628.35,40,641.35,40,0,0,2024-05-17,1.01485,-0.93194,0.00045,-0.32690,0.37625,-1.43534
NVDA240621C01570000,NVDA,2024-06-21,1570.00,call,0.46,0.48,0.43,13,0.53,11,9,25,2024-05-17,0.68315,0.00885,0.00012,-0.06804,0.06857,0.00732
NVDA240621P01570000,NVDA,2024-06-21,1570.00,put,671.74,644.65,637.70,40,651.60,40,0,0,2024-05-17,1.01485,-0.93458,0.00044,-0.30875,0.36494,-1.44688
NVDA240621C01580000,NVDA,2024-06-21,1580.00,call,0.50,0.46,0.41,30,0.51,31,1,170,2024-05-17,0.68315,0.00815,0.00011,-0.06332,0.06383,0.00675
NVDA240621P01580000,NVDA,2024-06-21,1580.00,put,688.15,654.60,647.60,40,661.60,40,0,0,2024-05-17,1.03437,-0.93269,0.00044,-0.32969,0.37308,-1.45511
NVDA240621C01590000,NVDA,2024-06-21,1590.00,call,0.44,0.44,0.39,11,0.49,11,2,514,2024-05-17,0.68315,0.00751,0.00011,-0.05891,0.05939,0.00623
NVDA240621P01590000,NVDA,2024-06-21,1590.00,put,689.54,664.62,657.60,40,671.65,40,0,0,2024-05-17,1.03437,-0.93521,0.00043,-0.31183,0.36217,-1.46657
NVDA240621C01600000,NVDA,2024-06-21,1600.00,call,0.40,0.42,0.37,26,0.46,20,45,1020,2024-05-17,0.68315,0.00692,0.00010,-0.05478,0.05524,0.00574
NVDA240621P01600000,NVDA,2024-06-21,1600.00,put,708.15,674.65,667.60,40,681.70,40,0,0,2024-05-17,1.05388,-0.93332,0.00043,-0.33302,0.37037,-1.47479
NVDA240621C01610000,NVDA,2024-06-21,1610.00,call,0.44,0.40,0.34,37,0.45,22,0,84,2024-05-17,0.68315,0.00637,0.00009,-0.05092,0.05135,0.00529
NVDA240621P01610000,NVDA,2024-06-21,1610.00,put,715.36,684.45,677.20,40,691.70,40,0,0,2024-05-17,1.05388,-0.93575,0.00042,-0.31543,0.35984,-1.48617
NVDA240621C01620000,NVDA,2024-06-21,1620.00,call,0.34,0.38,0.33,10,0.43,7,97,262,2024-05-17,0.68315,0.00587,0.00009,-0.04731,0.04772,0.00487
NVDA240621P01620000,NVDA,2024-06-21,1620.00,put,712.83,694.62,687.55,40,701.70,40,0,0,2024-05-17,1.07339,-0.93385,0.00042,-0.33686,0.36809,-1.49439
NVDA240621C01630000,NVDA,2024-06-21,1630.00,call,0.52,0.36,0.31,12,0.41,5,0,49,2024-05-17,0.68315,0.00540,0.00008,-0.04395,0.04433,0.00448
NVDA240621P01630000,NVDA,2024-06-21,1630.00,put,726.76,704.62,697.55,40,711.70,40,0,0,2024-05-17,1.07339,-0.93619,0.00041,-0.31954,0.35792,-1.50570
NVDA240621C01640000,NVDA,2024-06-21,1640.00,call,0.28,0.28,0.21,69,0.35,2,66,870,2024-05-17,0.68315,0.00497,0.00007,-0.04080,0.04116,0.00413
NVDA240621P01640000,NVDA,2024-06-21,1640.00,put,736.83,714.65,707.65,40,721.65,40,0,0,2024-05-17,1.09290,-0.93428,0.00041,-0.34122,0.36621,-1.51392
NVDA240621C01650000,NVDA,2024-06-21,1650.00,call,0.33,0.33,0.28,10,0.38,6,4,242,2024-05-17,0.70267,0.00573,0.00008,-0.04762,0.04672,0.00475
NVDA240621P01650000,NVDA,2024-06-21,1650.00,put,758.15,724.60,717.55,40,731.65,40,0,0,2024-05-17,1.09290,-0.93655,0.00040,-0.32413,0.35637,-1.52517
NVDA240621C01660000,NVDA,2024-06-21,1660.00,call,0.31,0.24,0.18,20,0.31,1,0,135,2024-05-17,0.68315,0.00420,0.00006,-0.03513,0.03545,0.00349
NVDA240621P01660000,NVDA,2024-06-21,1660.00,put,786.20,734.62,727.55,40,741.70,40,0,0,2024-05-17,1.11241,-0.93463,0.00040,-0.34606,0.36470,-1.53338
NVDA240621C01670000,NVDA,2024-06-21,1670.00,call,0.28,0.31,0.17,21,0.45,22,1,86,2024-05-17,0.70267,0.00488,0.00007,-0.04133,0.04055,0.00405
NVDA240621P01670000,NVDA,2024-06-21,1670.00,put,778.90,744.65,737.60,40,751.70,40,0,0,2024-05-17,1.11241,-0.93682,0.00039,-0.32920,0.35516,-1.54457
NVDA240621C01680000,NVDA,2024-06-21,1680.00,call,0.29,0.29,0.24,6,0.33,10,3,134,2024-05-17,0.70267,0.00451,0.00007,-0.03848,0.03776,0.00374
NVDA240621P01680000,NVDA,2024-06-21,1680.00,put,773.70,755.00,748.30,40,761.70,40,0,0,2024-05-17,1.13192,-0.93490,0.00039,-0.35137,0.36353,-1.55279
NVDA240621C01690000,NVDA,2024-06-21,1690.00,call,0.22,0.27,0.26,3,0.28,1,52,99,2024-05-17,0.70267,0.00416,0.00006,-0.03582,0.03516,0.00346
NVDA240621P01690000,NVDA,2024-06-21,1690.00,put,783.67,764.65,757.60,40,771.70,40,0,0,2024-05-17,1.13192,-0.93702,0.00038,-0.33472,0.35428,-1.56392
NVDA240621C01700000,NVDA,2024-06-21,1700.00,call,0.23,0.28,0.25,2,0.30,7,434,2890,2024-05-17,0.72218,0.00483,0.00007,-0.04204,0.04015,0.00400
NVDA240621P01700000,NVDA,2024-06-21,1700.00,put,794.09,774.65,767.60,40,781.70,40,0,0,2024-05-17,1.15144,-0.93510,0.00038,-0.35715,0.36267,-1.57213
NVDA240621C01710000,NVDA,2024-06-21,1710.00,call,0.20,0.25,0.20,5,0.30,15,0,32,2024-05-17,0.72218,0.00447,0.00006,-0.03926,0.03751,0.00371
NVDA240621P01710000,NVDA,2024-06-21,1710.00,put,803.72,784.45,777.20,40,791.70,40,0,0,2024-05-17,1.15144,-0.93716,0.00037,-0.34070,0.35370,-1.58321
NVDA240621C01720000,NVDA,2024-06-21,1720.00,call,0.22,0.24,0.10,23,0.39,23,27,41,2024-05-17,0.72218,0.00414,0.00006,-0.03666,0.03502,0.00344
NVDA240621P01720000,NVDA,2024-06-21,1720.00,put,813.50,794.95,788.30,40,801.60,40,0,0,2024-05-17,1.17095,-0.93523,0.00038,-0.36338,0.36211,-1.59142
NVDA240621C01730000,NVDA,2024-06-21,1730.00,call,0.20,0.23,0.18,20,0.28,16,10,163,2024-05-17,0.72218,0.00384,0.00006,-0.03422,0.03270,0.00318
NVDA240621P01730000,NVDA,2024-06-21,1730.00,put,829.15,804.45,797.20,40,811.70,40,0,0,2024-05-17,1.17095,-0.93723,0.00037,-0.34713,0.35340,-1.60245
NVDA240621C01740000,NVDA,2024-06-21,1740.00,call,0.18,0.22,0.17,12,0.27,2,2,73,2024-05-17,0.72218,0.00355,0.00005,-0.03193,0.03051,0.00295
NVDA240621P01740000,NVDA,2024-06-21,1740.00,put,834.55,814.55,807.25,40,821.85,40,0,0,2024-05-17,1.19046,-0.93529,0.00037,-0.37006,0.36183,-1.61067
NVDA240621C01750000,NVDA,2024-06-21,1750.00,call,0.20,0.21,0.16,10,0.26,5,2,628,2024-05-17,0.72218,0.00329,0.00005,-0.02979,0.02847,0.00273
NVDA240621P01750000,NVDA,2024-06-21,1750.00,put,844.61,824.92,818.15,40,831.70,40,0,0,2024-05-17,1.20997,-0.93336,0.00037,-0.39336,0.37019,-1.61889
NVDA240621C01760000,NVDA,2024-06-21,1760.00,call,0.15,0.22,0.19,1,0.25,7,1,108,2024-05-17,0.74169,0.00385,0.00005,-0.03524,0.03280,0.00319
NVDA240621P01760000,NVDA,2024-06-21,1760.00,put,866.30,835.70,828.20,40,843.20,40,0,0,2024-05-17,1.22948,-0.93142,0.00038,-0.41701,0.37850,-1.62712
NVDA240621C01770000,NVDA,2024-06-21,1770.00,call,0.21,0.20,0.06,23,0.34,23,1,20,2024-05-17,0.74169,0.00358,0.00005,-0.03299,0.03071,0.00296
NVDA240621P01770000,NVDA,2024-06-21,1770.00,put,867.55,845.17,838.30,40,852.05,40,0,0,2024-05-17,1.22948,-0.93336,0.00037,-0.40072,0.37018,-1.63809
NVDA240621C01780000,NVDA,2024-06-21,1780.00,call,0.17,0.24,0.14,9,0.33,29,10,54,2024-05-17,0.76120,0.00416,0.00006,-0.03878,0.03518,0.00344
NVDA240621P01780000,NVDA,2024-06-21,1780.00,put,875.00,855.88,848.40,40,863.35,40,0,0,2024-05-17,1.24899,-0.93142,0.00037,-0.42464,0.37850,-1.64632
NVDA240621C01790000,NVDA,2024-06-21,1790.00,call,0.14,0.18,0.04,23,0.32,23,1,583,2024-05-17,0.74169,0.00309,0.00004,-0.02888,0.02689,0.00256
NVDA240621P01790000,NVDA,2024-06-21,1790.00,put,902.35,865.72,858.30,40,873.15,40,0,0,2024-05-17,1.26851,-0.92947,0.00037,-0.44890,0.38676,-1.65455
NVDA240621C01800000,NVDA,2024-06-21,1800.00,call,0.15,0.15,0.11,9,0.19,1,232,2050,2024-05-17,0.74169,0.00287,0.00004,-0.02701,0.02515,0.00238
NVDA240621P01800000,NVDA,2024-06-21,1800.00,put,893.16,875.77,868.30,40,883.25,40,0,0,2024-05-17,1.26851,-0.93136,0.00036,-0.43269,0.37873,-1.66548
NVDA240621C01810000,NVDA,2024-06-21,1810.00,call,0.25,0.21,0.12,10,0.31,29,0,278,2024-05-17,0.76120,0.00337,0.00005,-0.03207,0.02910,0.00279
NVDA240621P01810000,NVDA,2024-06-21,1810.00,put,903.85,885.65,878.15,40,893.15,40,0,0,2024-05-17,1.28802,-0.92941,0.00037,-0.45722,0.38701,-1.67371
NVDA240621C01820000,NVDA,2024-06-21,1820.00,call,0.15,0.16,0.02,23,0.30,23,2,139,2024-05-17,0.74169,0.00247,0.00004,-0.02362,0.02200,0.00205
NVDA240621P01820000,NVDA,2024-06-21,1820.00,put,916.80,895.72,888.30,40,903.15,40,0,0,2024-05-17,1.28802,-0.93126,0.00036,-0.44117,0.37918,-1.68460
NVDA240621C01830000,NVDA,2024-06-21,1830.00,call,0.19,0.15,0.01,23,0.29,23,0,195,2024-05-17,0.74169,0.00229,0.00003,-0.02208,0.02057,0.00191
NVDA240621P01830000,NVDA,2024-06-21,1830.00,put,928.35,906.05,898.55,40,913.55,40,0,0,2024-05-17,1.30753,-0.92930,0.00036,-0.46596,0.38747,-1.69284
NVDA240621C01840000,NVDA,2024-06-21,1840.00,call,0.24,0.15,0.10,6,0.19,6,0,98,2024-05-17,0.76120,0.00273,0.00004,-0.02648,0.02403,0.00226
NVDA240621P01840000,NVDA,2024-06-21,1840.00,put,974.28,915.80,908.30,40,923.30,40,0,0,2024-05-17,1.30753,-0.93110,0.00035,-0.45006,0.37984,-1.70369
NVDA240621C01850000,NVDA,2024-06-21,1850.00,call,0.10,0.15,0.02,16,0.28,23,109,253,2024-05-17,0.76120,0.00254,0.00004,-0.02483,0.02254,0.00210
NVDA240621P01850000,NVDA,2024-06-21,1850.00,put,0.00,925.00,918.25,40,931.75,40,0,0,2024-05-17,1.30753,-0.93286,0.00035,-0.43439,0.37234,-1.71451
NVDA240621C01860000,NVDA,2024-06-21,1860.00,call,0.25,0.18,0.08,7,0.28,23,0,20,2024-05-17,0.78071,0.00299,0.00004,-0.02955,0.02616,0.00247
NVDA240621P01860000,NVDA,2024-06-21,1860.00,put,0.00,934.55,927.45,40,941.65,40,0,0,2024-05-17,1.28802,-0.93818,0.00033,-0.37937,0.34918,-1.72784
NVDA240621C01870000,NVDA,2024-06-21,1870.00,call,0.07,0.13,0.08,5,0.18,11,1,48,2024-05-17,0.76120,0.00220,0.00003,-0.02182,0.01981,0.00183
NVDA240621P01870000,NVDA,2024-06-21,1870.00,put,988.00,944.50,937.35,40,951.65,40,0,0,2024-05-17,1.30753,-0.93624,0.00033,-0.40376,0.35769,-1.73607
NVDA240621C01880000,NVDA,2024-06-21,1880.00,call,0.10,0.01,0.00,0,0.26,23,1,42,2024-05-17,0.62462,0.00020,0.00000,-0.00193,0.00213,0.00017
NVDA240621P01880000,NVDA,2024-06-21,1880.00,put,1018.40,954.90,948.20,40,961.60,40,0,0,2024-05-17,1.32704,-0.93429,0.00034,-0.42852,0.36616,-1.74430
NVDA240621C01890000,NVDA,2024-06-21,1890.00,call,0.08,0.12,0.07,5,0.17,12,0,81,2024-05-17,0.76120,0.00191,0.00003,-0.01917,0.01741,0.00158
NVDA240621P01890000,NVDA,2024-06-21,1890.00,put,0.00,964.55,957.55,40,971.55,40,0,0,2024-05-17,1.32704,-0.93593,0.00033,-0.41345,0.35907,-1.75503
NVDA240621C01900000,NVDA,2024-06-21,1900.00,call,0.13,0.12,0.08,2,0.17,6,26,724,2024-05-17,0.76120,0.00178,0.00003,-0.01796,0.01631,0.00148
NVDA240621P01900000,NVDA,2024-06-21,1900.00,put,1003.55,974.55,967.55,40,981.55,40,0,0,2024-05-17,1.32704,-0.93752,0.00032,-0.39859,0.35209,-1.76573
NVDA240621C01910000,NVDA,2024-06-21,1910.00,call,0.09,0.10,0.04,1,0.16,5,0,134,2024-05-17,0.76120,0.00165,0.00002,-0.01683,0.01528,0.00137
NVDA240621P01910000,NVDA,2024-06-21,1910.00,put,1013.45,984.58,977.55,40,991.60,40,0,0,2024-05-17,1.34655,-0.93558,0.00033,-0.42352,0.36060,-1.77396
NVDA240621C01920000,NVDA,2024-06-21,1920.00,call,0.06,0.11,0.05,6,0.16,12,0,218,2024-05-17,0.78071,0.00199,0.00003,-0.02041,0.01808,0.00165
NVDA240621P01920000,NVDA,2024-06-21,1920.00,put,1014.95,994.92,988.25,40,1001.60,40,0,0,2024-05-17,1.36606,-0.93362,0.00033,-0.44882,0.36906,-1.78220
NVDA240621C01930000,NVDA,2024-06-21,1930.00,call,0.14,0.09,0.04,5,0.13,7,77,193,2024-05-17,0.76120,0.00143,0.00002,-0.01476,0.01341,0.00119
NVDA240621P01930000,NVDA,2024-06-21,1930.00,put,1024.97,1004.95,998.25,40,1011.65,40,0,0,2024-05-17,1.36606,-0.93519,0.00032,-0.43397,0.36228,-1.79287
NVDA240621C01940000,NVDA,2024-06-21,1940.00,call,0.09,0.07,0.06,2,0.09,3,160,7721,2024-05-17,0.76120,0.00133,0.00002,-0.01382,0.01256,0.00111
NVDA240621P01940000,NVDA,2024-06-21,1940.00,put,1043.28,1014.85,1008.25,40,1021.45,40,0,0,2024-05-17,1.36606,-0.93672,0.00032,-0.41932,0.35561,-1.80352
NVDA240628C00260000,NVDA,2024-06-28,260.00,call,637.76,665.78,662.70,40,668.85,40,0,2,2024-05-17,0.01976,1.00000,0.00000,-0.03773,0.00000,0.29735
NVDA240628P00260000,NVDA,2024-06-28,260.00,put,0.00,0.01,0.00,0,0.59,50,0,0,2024-05-17,1.07339,-0.00011,0.00000,-0.00179,0.00141,-0.00013
NVDA240628C00280000,NVDA,2024-06-28,280.00,call,0.00,646.92,644.15,40,649.70,40,0,0,2024-05-17,1.38558,0.99737,0.00002,-0.08234,0.02553,0.31697
NVDA240628P00280000,NVDA,2024-06-28,280.00,put,0.00,0.01,0.00,0,0.60,46,0,0,2024-05-17,1.01485,-0.00013,0.00000,-0.00184,0.00154,-0.00015
NVDA240628C00290000,NVDA,2024-06-28,290.00,call,0.00,636.45,634.15,40,638.75,40,0,0,2024-05-17,0.01976,1.00000,0.00000,-0.04209,0.00000,0.33166
NVDA240628P00290000,NVDA,2024-06-28,290.00,put,0.00,0.01,0.00,0,0.61,46,0,0,2024-05-17,0.97583,-0.00011,0.00000,-0.00161,0.00140,-0.00013
NVDA240628C00300000,NVDA,2024-06-28,300.00,call,0.00,626.95,624.50,40,629.40,40,0,0,2024-05-17,1.28802,0.99752,0.00002,-0.08027,0.02420,0.34006
NVDA240628P00300000,NVDA,2024-06-28,300.00,put,0.00,0.01,0.00,0,0.62,50,0,0,2024-05-17,0.95632,-0.00013,0.00000,-0.00179,0.00159,-0.00015
NVDA240628C00310000,NVDA,2024-06-28,310.00,call,0.00,617.17,614.25,40,620.10,6,0,0,2024-05-17,1.30753,0.99653,0.00003,-0.09536,0.03270,0.35027
NVDA240628P00310000,NVDA,2024-06-28,310.00,put,0.00,0.01,0.00,0,0.63,52,0,0,2024-05-17,0.93681,-0.00015,0.00000,-0.00199,0.00180,-0.00017
NVDA240628C00320000,NVDA,2024-06-28,320.00,call,0.00,606.55,604.25,40,608.85,40,0,0,2024-05-17,0.01976,1.00000,0.00000,-0.04644,0.00000,0.36597
NVDA240628P00320000,NVDA,2024-06-28,320.00,put,0.00,0.01,0.00,0,0.63,49,0,0,2024-05-17,0.89778,-0.00013,0.00000,-0.00165,0.00156,-0.00015
NVDA240628C00330000,NVDA,2024-06-28,330.00,call,0.00,597.20,594.20,40,600.20,40,0,0,2024-05-17,1.20997,0.99684,0.00003,-0.09072,0.03007,0.37357
NVDA240628P00330000,NVDA,2024-06-28,330.00,put,0.00,0.01,0.00,0,0.65,48,0,0,2024-05-17,0.87827,-0.00014,0.00000,-0.00179,0.00173,-0.00016
NVDA240628C00340000,NVDA,2024-06-28,340.00,call,0.00,587.00,584.60,40,589.40,40,0,0,2024-05-17,1.05388,0.99863,0.00001,-0.06685,0.01412,0.38722
NVDA240628P00340000,NVDA,2024-06-28,340.00,put,0.15,0.01,0.00,0,0.15,1,1,0,2024-05-17,0.85876,-0.00016,0.00000,-0.00193,0.00191,-0.00018
NVDA240628C00350000,NVDA,2024-06-28,350.00,call,597.00,577.38,574.85,40,579.90,40,1,0,2024-05-17,1.15144,0.99652,0.00003,-0.09524,0.03281,0.39607
NVDA240628P00350000,NVDA,2024-06-28,350.00,put,0.00,0.01,0.00,0,0.67,40,0,0,2024-05-17,0.81974,-0.00013,0.00000,-0.00151,0.00157,-0.00015
NVDA240628C00360000,NVDA,2024-06-28,360.00,call,0.00,567.47,564.65,40,570.30,40,0,0,2024-05-17,1.13192,0.99615,0.00003,-0.10004,0.03590,0.40707
NVDA240628P00360000,NVDA,2024-06-28,360.00,put,0.00,0.01,0.00,0,0.69,45,0,0,2024-05-17,0.80022,-0.00014,0.00000,-0.00160,0.00170,-0.00016
NVDA240628C00370000,NVDA,2024-06-28,370.00,call,0.00,557.58,554.80,40,560.35,40,0,0,2024-05-17,1.11241,0.99576,0.00004,-0.10487,0.03913,0.41805
NVDA240628P00370000,NVDA,2024-06-28,370.00,put,0.00,0.01,0.00,0,0.70,45,0,0,2024-05-17,0.78071,-0.00015,0.00000,-0.00167,0.00182,-0.00017
NVDA240628C00380000,NVDA,2024-06-28,380.00,call,0.00,547.72,544.90,40,550.55,6,0,0,2024-05-17,1.11241,0.99479,0.00004,-0.11662,0.04702,0.42830
NVDA240628P00380000,NVDA,2024-06-28,380.00,put,0.50,0.01,0.00,0,0.72,46,0,1,2024-05-17,0.76120,-0.00016,0.00000,-0.00173,0.00194,-0.00018
NVDA240628C00390000,NVDA,2024-06-28,390.00,call,0.00,537.15,534.90,40,539.40,40,0,0,2024-05-17,0.01976,1.00000,0.00000,-0.05660,0.00000,0.44602
NVDA240628P00390000,NVDA,2024-06-28,390.00,put,0.00,0.01,0.00,0,0.74,63,0,0,2024-05-17,0.74169,-0.00017,0.00000,-0.00178,0.00205,-0.00019
NVDA240628C00400000,NVDA,2024-06-28,400.00,call,0.00,527.80,525.20,40,530.40,40,0,0,2024-05-17,1.03437,0.99508,0.00004,-0.11235,0.04470,0.45158
NVDA240628P00400000,NVDA,2024-06-28,400.00,put,0.18,0.01,0.00,0,0.76,54,2,0,2024-05-17,0.72218,-0.00018,0.00000,-0.00182,0.00215,-0.00020
NVDA240628C00410000,NVDA,2024-06-28,410.00,call,0.00,517.98,515.20,9,520.75,6,0,0,2024-05-17,1.03437,0.99398,0.00005,-0.12444,0.05347,0.46169
NVDA240628P00410000,NVDA,2024-06-28,410.00,put,0.00,0.41,0.03,27,0.78,75,0,0,2024-05-17,0.97583,-0.00413,0.00004,-0.04380,0.03824,-0.00489
NVDA240628C00420000,NVDA,2024-06-28,420.00,call,0.00,507.45,505.25,40,509.65,40,0,0,2024-05-17,0.80022,0.99892,0.00001,-0.07164,0.01138,0.47908
NVDA240628P00420000,NVDA,2024-06-28,420.00,put,0.00,0.42,0.04,18,0.80,69,0,0,2024-05-17,0.93681,-0.00388,0.00004,-0.03979,0.03620,-0.00458
NVDA240628C00430000,NVDA,2024-06-28,430.00,call,0.00,498.20,495.40,40,501.00,6,0,0,2024-05-17,0.99534,0.99296,0.00006,-0.13417,0.06147,0.48335
NVDA240628P00430000,NVDA,2024-06-28,430.00,put,0.00,0.43,0.04,37,0.83,91,0,0,2024-05-17,0.91729,-0.00419,0.00004,-0.04168,0.03874,-0.00493
NVDA240628C00440000,NVDA,2024-06-28,440.00,call,0.00,488.25,485.50,40,491.00,40,0,0,2024-05-17,0.95632,0.99326,0.00006,-0.13015,0.05912,0.49520
NVDA240628P00440000,NVDA,2024-06-28,440.00,put,0.00,0.46,0.05,43,0.86,103,0,0,2024-05-17,0.89778,-0.00451,0.00005,-0.04353,0.04136,-0.00530
NVDA240628C00450000,NVDA,2024-06-28,450.00,call,0.00,477.98,475.70,40,480.25,40,0,0,2024-05-17,0.87827,0.99516,0.00005,-0.11063,0.04403,0.50897
NVDA240628P00450000,NVDA,2024-06-28,450.00,put,0.00,0.47,0.06,43,0.89,89,0,0,2024-05-17,0.87827,-0.00484,0.00005,-0.04532,0.04403,-0.00568
NVDA240628C00460000,NVDA,2024-06-28,460.00,call,475.15,467.80,465.05,6,470.55,8,8,0,2024-05-17,0.78071,0.99738,0.00003,-0.08995,0.02536,0.52306
NVDA240628P00460000,NVDA,2024-06-28,460.00,put,0.00,0.01,0.00,0,0.92,64,0,0,2024-05-17,0.60511,-0.00020,0.00000,-0.00172,0.00242,-0.00023
NVDA240628C00470000,NVDA,2024-06-28,470.00,call,0.00,457.90,455.15,40,460.65,40,0,0,2024-05-17,0.76120,0.99723,0.00004,-0.09200,0.02669,0.53432
NVDA240628P00470000,NVDA,2024-06-28,470.00,put,0.00,0.01,0.00,0,0.95,55,0,0,2024-05-17,0.58560,-0.00020,0.00000,-0.00164,0.00240,-0.00023
NVDA240628C00480000,NVDA,2024-06-28,480.00,call,437.44,447.20,443.85,57,450.55,40,0,2,2024-05-17,0.01976,1.00000,0.00000,-0.06966,0.00000,0.54895
NVDA240628P00480000,NVDA,2024-06-28,480.00,put,0.00,0.01,0.00,0,0.98,40,0,0,2024-05-17,0.56608,-0.00020,0.00000,-0.00156,0.00235,-0.00022
NVDA240628C00490000,NVDA,2024-06-28,490.00,call,0.00,438.18,436.00,40,440.35,40,0,0,2024-05-17,0.76120,0.99551,0.00006,-0.10781,0.04122,0.55519
NVDA240628P00490000,NVDA,2024-06-28,490.00,put,0.00,0.01,0.00,0,1.02,46,0,0,2024-05-17,0.54657,-0.00019,0.00000,-0.00146,0.00228,-0.00021
NVDA240628C00500000,NVDA,2024-06-28,500.00,call,454.81,428.33,426.30,8,430.35,40,0,5,2024-05-17,0.76120,0.99437,0.00007,-0.11743,0.05042,0.56530
NVDA240628P00500000,NVDA,2024-06-28,500.00,put,0.45,0.59,0.14,39,1.04,64,1,14,2024-05-17,0.78071,-0.00661,0.00008,-0.05305,0.05813,-0.00769
NVDA240628C00510000,NVDA,2024-06-28,510.00,call,0.00,418.27,416.20,40,420.35,40,0,0,2024-05-17,0.72218,0.99502,0.00006,-0.11217,0.04523,0.57752
NVDA240628P00510000,NVDA,2024-06-28,510.00,put,0.93,0.53,0.17,47,0.89,61,0,2,2024-05-17,0.74169,-0.00594,0.00007,-0.04580,0.05286,-0.00687
NVDA240628C00520000,NVDA,2024-06-28,520.00,call,0.00,408.38,406.25,40,410.50,40,0,0,2024-05-17,0.70267,0.99477,0.00007,-0.11419,0.04720,0.58868
NVDA240628P00520000,NVDA,2024-06-28,520.00,put,0.50,0.56,0.19,39,0.92,50,0,1,2024-05-17,0.74169,-0.00737,0.00009,-0.05542,0.06400,-0.00855
NVDA240628C00530000,NVDA,2024-06-28,530.00,call,0.00,398.60,396.40,9,400.80,40,0,0,2024-05-17,0.72218,0.99224,0.00009,-0.13334,0.06695,0.59715
NVDA240628P00530000,NVDA,2024-06-28,530.00,put,0.54,0.59,0.45,30,0.74,40,24,0,2024-05-17,0.72218,-0.00776,0.00009,-0.05642,0.06695,-0.00898
NVDA240628C00540000,NVDA,2024-06-28,540.00,call,0.00,388.68,386.55,40,390.80,40,0,0,2024-05-17,0.70267,0.99185,0.00010,-0.13566,0.06991,0.60816
NVDA240628P00540000,NVDA,2024-06-28,540.00,put,0.61,0.76,0.25,46,1.27,75,0,1,2024-05-17,0.72218,-0.00955,0.00011,-0.06763,0.08030,-0.01107
NVDA240628C00550000,NVDA,2024-06-28,550.00,call,0.00,378.95,376.90,8,381.00,40,0,0,2024-05-17,0.70267,0.98997,0.00012,-0.14850,0.08386,0.61740
NVDA240628P00550000,NVDA,2024-06-28,550.00,put,0.50,0.81,0.28,67,1.34,101,2,1,2024-05-17,0.70267,-0.01003,0.00012,-0.06868,0.08386,-0.01161
NVDA240628C00560000,NVDA,2024-06-28,560.00,call,375.09,369.60,366.85,8,372.35,6,3,0,2024-05-17,0.74169,0.98398,0.00017,-0.18988,0.12568,0.62173
NVDA240628P00560000,NVDA,2024-06-28,560.00,put,0.80,0.79,0.43,38,1.15,74,9,4,2024-05-17,0.68315,-0.01053,0.00013,-0.06958,0.08745,-0.01216
NVDA240628C00570000,NVDA,2024-06-28,570.00,call,0.00,359.32,357.15,40,361.50,40,0,0,2024-05-17,0.68315,0.98715,0.00015,-0.16541,0.10399,0.63701
NVDA240628P00570000,NVDA,2024-06-28,570.00,put,0.86,1.00,0.50,21,1.50,58,4,10,2024-05-17,0.68315,-0.01285,0.00015,-0.08269,0.10399,-0.01487
NVDA240628C00580000,NVDA,2024-06-28,580.00,call,0.00,349.40,347.15,40,351.65,41,0,0,2024-05-17,0.66364,0.98652,0.00017,-0.16779,0.10833,0.64776
NVDA240628P00580000,NVDA,2024-06-28,580.00,put,1.06,1.22,0.83,10,1.60,90,16,5,2024-05-17,0.68315,-0.01556,0.00018,-0.09742,0.12260,-0.01803
NVDA240628C00590000,NVDA,2024-06-28,590.00,call,0.00,339.50,337.50,4,341.50,40,0,0,2024-05-17,0.64413,0.98589,0.00018,-0.16998,0.11270,0.65850
NVDA240628P00590000,NVDA,2024-06-28,590.00,put,1.04,0.89,0.55,51,1.22,38,22,5,2024-05-17,0.62462,-0.01203,0.00016,-0.07128,0.09821,-0.01381
NVDA240628C00600000,NVDA,2024-06-28,600.00,call,0.00,329.77,327.75,6,331.80,46,0,0,2024-05-17,0.64413,0.98288,0.00021,-0.18658,0.13302,0.66643
NVDA240628P00600000,NVDA,2024-06-28,600.00,put,1.10,0.97,0.58,19,1.35,47,44,40,2024-05-17,0.60511,-0.01254,0.00017,-0.07149,0.10178,-0.01436
NVDA240628C00610000,NVDA,2024-06-28,610.00,call,0.00,319.80,317.65,50,321.95,40,0,0,2024-05-17,0.62462,0.98208,0.00023,-0.18878,0.13834,0.67698
NVDA240628P00610000,NVDA,2024-06-28,610.00,put,1.16,1.41,0.83,68,1.98,92,2,1,2024-05-17,0.62462,-0.01792,0.00023,-0.10025,0.13834,-0.02064
NVDA240628C00620000,NVDA,2024-06-28,620.00,call,312.42,310.23,308.05,2,312.40,40,2,0,2024-05-17,0.62462,0.97841,0.00026,-0.20731,0.16204,0.68415
NVDA240628P00620000,NVDA,2024-06-28,620.00,put,1.43,1.58,0.99,90,2.16,74,3,5,2024-05-17,0.62462,-0.02159,0.00026,-0.11733,0.16204,-0.02491
NVDA240628C00630000,NVDA,2024-06-28,630.00,call,0.00,300.42,298.20,32,302.65,40,0,0,2024-05-17,0.60511,0.97739,0.00028,-0.20952,0.16852,0.69446
NVDA240628P00630000,NVDA,2024-06-28,630.00,put,1.88,1.78,1.17,105,2.39,91,3,10,2024-05-17,0.60511,-0.02261,0.00028,-0.11809,0.16852,-0.02604
NVDA240628C00640000,NVDA,2024-06-28,640.00,call,313.85,290.73,288.50,27,292.95,39,0,2,2024-05-17,0.60511,0.97294,0.00033,-0.23006,0.19592,0.70071
NVDA240628P00640000,NVDA,2024-06-28,640.00,put,1.56,2.00,1.36,76,2.63,82,1,10,2024-05-17,0.60511,-0.02706,0.00033,-0.13717,0.19592,-0.03123
NVDA240628C00650000,NVDA,2024-06-28,650.00,call,0.00,281.35,279.20,2,283.50,11,0,0,2024-05-17,0.60511,0.96786,0.00038,-0.25239,0.22595,0.70622
NVDA240628P00650000,NVDA,2024-06-28,650.00,put,2.05,1.94,1.55,19,2.32,28,54,32,2024-05-17,0.56608,-0.02476,0.00033,-0.11895,0.18185,-0.02839
NVDA240628C00660000,NVDA,2024-06-28,660.00,call,0.00,271.35,269.20,37,273.50,31,0,0,2024-05-17,0.58560,0.96625,0.00041,-0.25485,0.23526,0.71587
NVDA240628P00660000,NVDA,2024-06-28,660.00,put,2.36,2.56,1.86,92,3.25,93,1,35,2024-05-17,0.58560,-0.03375,0.00041,-0.15907,0.23526,-0.03894
NVDA240628C00670000,NVDA,2024-06-28,670.00,call,264.46,261.77,259.55,39,264.00,29,2,1,2024-05-17,0.56608,0.96457,0.00044,-0.25708,0.24487,0.72546
NVDA240628P00670000,NVDA,2024-06-28,670.00,put,2.74,2.71,2.46,65,2.97,46,20,46,2024-05-17,0.56608,-0.03543,0.00044,-0.15984,0.24487,-0.04079
NVDA240628C00680000,NVDA,2024-06-28,680.00,call,229.00,252.80,250.85,10,254.75,35,0,1,2024-05-17,0.58560,0.95333,0.00053,-0.30528,0.30618,0.72362
NVDA240628P00680000,NVDA,2024-06-28,680.00,put,3.20,3.05,2.70,22,3.40,48,19,21,2024-05-17,0.56608,-0.04189,0.00050,-0.18300,0.28065,-0.04832
NVDA240628C00690000,NVDA,2024-06-28,690.00,call,258.10,243.40,241.40,5,245.40,31,0,2,2024-05-17,0.58560,0.94571,0.00060,-0.33295,0.34543,0.72609
NVDA240628P00690000,NVDA,2024-06-28,690.00,put,3.60,3.50,3.15,29,3.85,41,6,15,2024-05-17,0.54657,-0.04406,0.00054,-0.18378,0.29233,-0.05070
NVDA240628C00700000,NVDA,2024-06-28,700.00,call,242.55,233.68,232.80,1,234.55,5,1,0,2024-05-17,0.56608,0.94274,0.00065,-0.33594,0.36022,0.73423
NVDA240628P00700000,NVDA,2024-06-28,700.00,put,4.21,3.85,3.40,17,4.30,1,39,59,2024-05-17,0.54657,-0.05178,0.00062,-0.20890,0.33269,-0.05972
NVDA240628C00710000,NVDA,2024-06-28,710.00,call,225.20,224.28,223.25,5,225.30,1,1,0,2024-05-17,0.54657,0.93959,0.00070,-0.33865,0.37571,0.74217
NVDA240628P00710000,NVDA,2024-06-28,710.00,put,5.30,4.75,4.05,10,5.45,108,16,23,2024-05-17,0.54657,-0.06041,0.00070,-0.23561,0.37571,-0.06982
NVDA240628C00720000,NVDA,2024-06-28,720.00,call,0.00,215.05,214.00,1,216.10,1,0,0,2024-05-17,0.54657,0.93001,0.00078,-0.36825,0.42116,0.74237
NVDA240628P00720000,NVDA,2024-06-28,720.00,put,6.00,5.50,5.10,68,5.90,66,14,55,2024-05-17,0.54657,-0.06999,0.00078,-0.26375,0.42116,-0.08106
NVDA240628C00730000,NVDA,2024-06-28,730.00,call,226.45,206.85,204.40,5,209.30,1,0,2,2024-05-17,0.56608,0.91303,0.00089,-0.42773,0.49658,0.73345
NVDA240628P00730000,NVDA,2024-06-28,730.00,put,6.35,6.42,6.05,64,6.80,69,29,52,2024-05-17,0.54657,-0.08054,0.00087,-0.29313,0.46873,-0.09349
NVDA240628C00740000,NVDA,2024-06-28,740.00,call,0.00,197.10,196.15,1,198.05,1,0,0,2024-05-17,0.54657,0.90793,0.00096,-0.43093,0.51811,0.73917
NVDA240628P00740000,NVDA,2024-06-28,740.00,put,7.20,7.45,7.15,47,7.75,47,36,29,2024-05-17,0.52706,-0.08526,0.00094,-0.29447,0.48928,-0.09875
NVDA240628C00745000,NVDA,2024-06-28,745.00,call,0.00,192.62,191.60,1,193.65,1,0,0,2024-05-17,0.54657,0.90178,0.00101,-0.44716,0.54335,0.73761
NVDA240628P00745000,NVDA,2024-06-28,745.00,put,9.00,7.97,7.60,16,8.35,55,51,121,2024-05-17,0.52706,-0.09129,0.00099,-0.30960,0.51484,-0.10585
NVDA240628C00750000,NVDA,2024-06-28,750.00,call,200.70,188.22,187.45,1,189.00,1,6,4,2024-05-17,0.54657,0.89539,0.00106,-0.46354,0.56891,0.73573
NVDA240628P00750000,NVDA,2024-06-28,750.00,put,8.59,8.60,8.30,36,8.90,19,90,93,2024-05-17,0.52706,-0.09758,0.00104,-0.32494,0.54078,-0.11328
NVDA240628C00755000,NVDA,2024-06-28,755.00,call,193.35,183.82,182.45,9,185.20,12,2,6,2024-05-17,0.52706,0.89585,0.00109,-0.45002,0.56706,0.74241
NVDA240628P00755000,NVDA,2024-06-28,755.00,put,9.30,9.27,8.95,54,9.60,50,31,18,2024-05-17,0.52706,-0.10415,0.00109,-0.34044,0.56706,-0.12104
NVDA240628C00760000,NVDA,2024-06-28,760.00,call,191.80,179.12,176.80,21,181.45,11,24,1,2024-05-17,0.52706,0.88902,0.00114,-0.46638,0.59362,0.74004
NVDA240628P00760000,NVDA,2024-06-28,760.00,put,10.20,9.93,9.60,19,10.25,58,56,123,2024-05-17,0.52706,-0.11098,0.00114,-0.35608,0.59362,-0.12914
NVDA240628C00765000,NVDA,2024-06-28,765.00,call,188.15,175.90,173.90,15,177.90,1,2,1,2024-05-17,0.54657,0.87470,0.00120,-0.51331,0.64686,0.72821
NVDA240628P00765000,NVDA,2024-06-28,765.00,put,9.25,10.60,10.20,36,11.00,52,7,34,2024-05-17,0.52706,-0.11807,0.00120,-0.37182,0.62040,-0.13756
NVDA240628C00770000,NVDA,2024-06-28,770.00,call,170.30,171.32,169.10,10,173.55,15,75,4,2024-05-17,0.54657,0.86731,0.00125,-0.52998,0.67309,0.72508
NVDA240628P00770000,NVDA,2024-06-28,770.00,put,11.18,11.40,11.10,25,11.70,29,27,53,2024-05-17,0.52706,-0.12543,0.00125,-0.38761,0.64734,-0.14632
NVDA240628C00775000,NVDA,2024-06-28,775.00,call,0.00,166.95,166.05,1,167.85,1,0,0,2024-05-17,0.52706,0.86694,0.00130,-0.51589,0.67437,0.73091
NVDA240628P00775000,NVDA,2024-06-28,775.00,put,11.95,12.27,11.95,21,12.60,30,4,46,2024-05-17,0.52706,-0.13306,0.00130,-0.40341,0.67437,-0.15541
NVDA240628C00780000,NVDA,2024-06-28,780.00,call,171.00,163.07,161.35,5,164.80,14,1,2,2024-05-17,0.52706,0.85905,0.00135,-0.53241,0.70144,0.72721
NVDA240628P00780000,NVDA,2024-06-28,780.00,put,13.05,13.07,12.75,29,13.40,38,27,102,2024-05-17,0.52706,-0.14095,0.00135,-0.41920,0.70144,-0.16484
NVDA240628C00785000,NVDA,2024-06-28,785.00,call,165.50,158.60,157.40,5,159.80,6,2,1,2024-05-17,0.52706,0.85091,0.00140,-0.54886,0.72848,0.72318
NVDA240628P00785000,NVDA,2024-06-28,785.00,put,13.72,14.02,13.70,11,14.35,29,3,29,2024-05-17,0.52706,-0.14909,0.00140,-0.43493,0.72848,-0.17459
NVDA240628C00790000,NVDA,2024-06-28,790.00,call,153.27,154.53,153.25,6,155.80,5,3,1,2024-05-17,0.52706,0.84251,0.00146,-0.56521,0.75542,0.71882
NVDA240628P00790000,NVDA,2024-06-28,790.00,put,15.90,15.00,14.65,26,15.35,66,52,27,2024-05-17,0.52706,-0.15749,0.00146,-0.45055,0.75542,-0.18467
NVDA240628C00795000,NVDA,2024-06-28,795.00,call,146.78,150.57,149.30,8,151.85,1,5,5,2024-05-17,0.52706,0.83386,0.00151,-0.58142,0.78220,0.71413
NVDA240628P00795000,NVDA,2024-06-28,795.00,put,15.95,16.00,15.65,50,16.35,60,103,37,2024-05-17,0.52706,-0.16614,0.00151,-0.46604,0.78220,-0.19507
NVDA240628C00800000,NVDA,2024-06-28,800.00,call,146.55,146.90,146.05,1,147.75,9,5,10,2024-05-17,0.52706,0.82497,0.00156,-0.59745,0.80875,0.70913
NVDA240628P00800000,NVDA,2024-06-28,800.00,put,17.06,17.02,16.65,23,17.40,21,131,47,2024-05-17,0.52706,-0.17503,0.00156,-0.48134,0.80875,-0.20579
NVDA240628C00805000,NVDA,2024-06-28,805.00,call,141.05,143.10,142.25,6,143.95,1,202,0,2024-05-17,0.52706,0.81584,0.00161,-0.61325,0.83501,0.70382
NVDA240628P00805000,NVDA,2024-06-28,805.00,put,18.20,18.07,17.65,6,18.50,18,38,37,2024-05-17,0.52706,-0.18416,0.00161,-0.49642,0.83501,-0.21682
NVDA240628C00810000,NVDA,2024-06-28,810.00,call,146.13,139.25,138.35,5,140.15,2,3,0,2024-05-17,0.52706,0.80648,0.00166,-0.62879,0.86092,0.69820
NVDA240628P00810000,NVDA,2024-06-28,810.00,put,19.55,19.30,18.85,6,19.75,35,6,45,2024-05-17,0.52706,-0.19352,0.00166,-0.51123,0.86092,-0.22816
NVDA240628C00815000,NVDA,2024-06-28,815.00,call,137.85,136.20,133.90,34,138.50,2,1,2,2024-05-17,0.52706,0.79689,0.00171,-0.64404,0.88641,0.69228
NVDA240628P00815000,NVDA,2024-06-28,815.00,put,19.92,20.60,20.15,27,21.05,6,17,9,2024-05-17,0.52706,-0.20311,0.00171,-0.52575,0.88641,-0.23980
NVDA240628C00820000,NVDA,2024-06-28,820.00,call,0.00,131.88,131.00,6,132.75,2,0,0,2024-05-17,0.52706,0.78709,0.00176,-0.65894,0.91143,0.68606
NVDA240628P00820000,NVDA,2024-06-28,820.00,put,21.75,21.77,21.35,6,22.20,2,11,134,2024-05-17,0.52706,-0.21291,0.00176,-0.53993,0.91143,-0.25173
NVDA240628C00825000,NVDA,2024-06-28,825.00,call,130.53,128.20,127.25,2,129.15,2,10,0,2024-05-17,0.52706,0.77707,0.00180,-0.67347,0.93590,0.67956
NVDA240628P00825000,NVDA,2024-06-28,825.00,put,22.83,23.17,22.70,6,23.65,25,22,18,2024-05-17,0.52706,-0.22293,0.00180,-0.55374,0.93590,-0.26395
NVDA240628C00830000,NVDA,2024-06-28,830.00,call,120.75,124.57,122.30,12,126.85,12,100,1,2024-05-17,0.52706,0.76686,0.00185,-0.68760,0.95978,0.67278
NVDA240628P00830000,NVDA,2024-06-28,830.00,put,24.98,24.60,24.10,5,25.10,6,26,40,2024-05-17,0.52706,-0.23314,0.00185,-0.56713,0.95978,-0.27645
NVDA240628C00835000,NVDA,2024-06-28,835.00,call,126.43,121.10,120.15,2,122.05,2,8,0,2024-05-17,0.52706,0.75646,0.00190,-0.70127,0.98301,0.66573
NVDA240628P00835000,NVDA,2024-06-28,835.00,put,27.80,26.12,25.70,10,26.55,7,15,38,2024-05-17,0.52706,-0.24354,0.00190,-0.58009,0.98301,-0.28922
NVDA240628C00840000,NVDA,2024-06-28,840.00,call,119.70,117.88,115.35,12,120.40,17,88,4,2024-05-17,0.52706,0.74588,0.00194,-0.71447,1.00552,0.65842
NVDA240628P00840000,NVDA,2024-06-28,840.00,put,28.06,27.62,27.15,11,28.10,9,16,52,2024-05-17,0.52706,-0.25412,0.00194,-0.59256,1.00552,-0.30225
NVDA240628C00845000,NVDA,2024-06-28,845.00,call,114.35,113.55,111.95,12,115.15,10,4,2,2024-05-17,0.52706,0.73512,0.00198,-0.72717,1.02728,0.65085
NVDA240628P00845000,NVDA,2024-06-28,845.00,put,27.10,29.23,28.70,5,29.75,6,3,33,2024-05-17,0.52706,-0.26488,0.00198,-0.60453,1.02728,-0.31553
NVDA240628C00850000,NVDA,2024-06-28,850.00,call,110.55,110.90,110.10,1,111.70,2,9,11,2024-05-17,0.52706,0.72420,0.00202,-0.73933,1.04824,0.64305
NVDA240628P00850000,NVDA,2024-06-28,850.00,put,30.65,30.80,30.40,5,31.20,1,40,112,2024-05-17,0.52706,-0.27580,0.00202,-0.61596,1.04824,-0.32905
NVDA240628C00855000,NVDA,2024-06-28,855.00,call,118.18,107.53,106.40,35,108.65,31,2,6,2024-05-17,0.52706,0.71314,0.00206,-0.75092,1.06833,0.63503
NVDA240628P00855000,NVDA,2024-06-28,855.00,put,30.10,32.60,32.05,5,33.15,5,4,24,2024-05-17,0.52706,-0.28686,0.00206,-0.62683,1.06833,-0.34279
NVDA240628C00860000,NVDA,2024-06-28,860.00,call,105.00,104.53,103.55,4,105.50,4,2,10,2024-05-17,0.52706,0.70193,0.00210,-0.76192,1.08754,0.62678
NVDA240628P00860000,NVDA,2024-06-28,860.00,put,33.80,34.38,33.85,5,34.90,10,10,47,2024-05-17,0.52706,-0.29807,0.00210,-0.63710,1.08754,-0.35676
NVDA240628C00865000,NVDA,2024-06-28,865.00,call,108.84,101.38,100.40,4,102.35,4,0,1,2024-05-17,0.52706,0.69059,0.00213,-0.77231,1.10581,0.61832
NVDA240628P00865000,NVDA,2024-06-28,865.00,put,35.42,36.23,35.70,5,36.75,11,7,6,2024-05-17,0.52706,-0.30941,0.00213,-0.64677,1.10581,-0.37093
NVDA240628C00870000,NVDA,2024-06-28,870.00,call,104.92,98.05,96.85,4,99.25,4,2,7,2024-05-17,0.52706,0.67914,0.00217,-0.78206,1.12310,0.60968
NVDA240628P00870000,NVDA,2024-06-28,870.00,put,39.00,38.15,37.60,5,38.70,5,9,38,2024-05-17,0.52706,-0.32086,0.00217,-0.65580,1.12310,-0.38530
NVDA240628C00875000,NVDA,2024-06-28,875.00,call,101.00,95.28,94.30,4,96.25,4,1,2,2024-05-17,0.52706,0.66758,0.00220,-0.79116,1.13939,0.60084
NVDA240628P00875000,NVDA,2024-06-28,875.00,put,40.70,40.10,39.55,5,40.65,11,3,10,2024-05-17,0.52706,-0.33242,0.00220,-0.66417,1.13939,-0.39985
NVDA240628C00880000,NVDA,2024-06-28,880.00,call,90.27,92.33,91.65,8,93.00,8,2,9,2024-05-17,0.52706,0.65593,0.00223,-0.79959,1.15465,0.59184
NVDA240628P00880000,NVDA,2024-06-28,880.00,put,44.22,42.15,41.60,5,42.70,11,11,48,2024-05-17,0.52706,-0.34407,0.00223,-0.67188,1.15465,-0.41457
NVDA240628C00885000,NVDA,2024-06-28,885.00,call,87.92,89.45,88.80,8,90.10,8,4,26,2024-05-17,0.52706,0.64419,0.00225,-0.80734,1.16884,0.58268
NVDA240628P00885000,NVDA,2024-06-28,885.00,put,44.85,44.28,43.70,5,44.85,5,15,12,2024-05-17,0.52706,-0.35581,0.00225,-0.67889,1.16884,-0.42945
NVDA240628C00890000,NVDA,2024-06-28,890.00,call,88.25,86.60,85.95,8,87.25,8,14,24,2024-05-17,0.52706,0.63238,0.00228,-0.81438,1.18195,0.57337
NVDA240628P00890000,NVDA,2024-06-28,890.00,put,48.52,46.42,45.85,5,47.00,10,39,26,2024-05-17,0.52706,-0.36762,0.00228,-0.68521,1.18195,-0.44448
NVDA240628C00895000,NVDA,2024-06-28,895.00,call,84.65,83.85,83.20,8,84.50,8,4,24,2024-05-17,0.52706,0.62052,0.00230,-0.82071,1.19395,0.56393
NVDA240628P00895000,NVDA,2024-06-28,895.00,put,48.70,48.62,48.05,10,49.20,10,32,23,2024-05-17,0.52706,-0.37948,0.00230,-0.69082,1.19395,-0.45964
NVDA240628C00900000,NVDA,2024-06-28,900.00,call,82.15,81.20,80.65,7,81.75,10,18,64,2024-05-17,0.52706,0.60860,0.00232,-0.82633,1.20484,0.55436
NVDA240628P00900000,NVDA,2024-06-28,900.00,put,51.35,50.92,50.40,4,51.45,9,55,41,2024-05-17,0.52706,-0.39140,0.00232,-0.69571,1.20484,-0.47492
NVDA240628C00905000,NVDA,2024-06-28,905.00,call,79.75,78.50,77.90,8,79.10,4,7,22,2024-05-17,0.52706,0.59665,0.00234,-0.83122,1.21459,0.54469
NVDA240628P00905000,NVDA,2024-06-28,905.00,put,56.63,53.28,52.70,4,53.85,10,36,38,2024-05-17,0.52706,-0.40335,0.00234,-0.69988,1.21459,-0.49031
NVDA240628C00910000,NVDA,2024-06-28,910.00,call,76.28,75.97,75.40,8,76.55,10,6,60,2024-05-17,0.52706,0.58468,0.00236,-0.83539,1.22320,0.53492
NVDA240628P00910000,NVDA,2024-06-28,910.00,put,55.90,55.67,55.10,4,56.25,10,2,30,2024-05-17,0.52706,-0.41532,0.00236,-0.70331,1.22320,-0.50580
NVDA240628C00915000,NVDA,2024-06-28,915.00,call,73.60,73.42,72.85,8,74.00,6,11,32,2024-05-17,0.52706,0.57269,0.00237,-0.83882,1.23067,0.52507
NVDA240628P00915000,NVDA,2024-06-28,915.00,put,61.20,58.15,57.55,4,58.75,10,2,10,2024-05-17,0.52706,-0.42731,0.00237,-0.70602,1.23067,-0.52137
NVDA240628C00920000,NVDA,2024-06-28,920.00,call,72.10,70.90,70.25,4,71.55,9,47,22,2024-05-17,0.52706,0.56070,0.00238,-0.84153,1.23699,0.51515
NVDA240628P00920000,NVDA,2024-06-28,920.00,put,63.76,60.70,60.10,4,61.30,9,8,38,2024-05-17,0.52706,-0.43930,0.00238,-0.70800,1.23699,-0.53701
NVDA240628C00925000,NVDA,2024-06-28,925.00,call,68.25,68.53,67.90,8,69.15,4,79,36,2024-05-17,0.52706,0.54872,0.00239,-0.84350,1.24216,0.50516
NVDA240628P00925000,NVDA,2024-06-28,925.00,put,63.50,63.27,62.65,9,63.90,9,6,3,2024-05-17,0.52706,-0.45128,0.00239,-0.70925,1.24216,-0.55271
NVDA240628C00930000,NVDA,2024-06-28,930.00,call,66.04,66.12,65.60,14,66.65,1,72,25,2024-05-17,0.52706,0.53676,0.00240,-0.84476,1.24618,0.49513
NVDA240628P00930000,NVDA,2024-06-28,930.00,put,65.02,65.92,65.30,9,66.55,9,11,14,2024-05-17,0.52706,-0.46324,0.00240,-0.70978,1.24618,-0.56846
NVDA240628C00935000,NVDA,2024-06-28,935.00,call,62.31,63.92,63.35,9,64.50,9,106,7,2024-05-17,0.52706,0.52483,0.00241,-0.84529,1.24908,0.48507
NVDA240628P00935000,NVDA,2024-06-28,935.00,put,67.73,68.62,68.00,6,69.25,9,8,4,2024-05-17,0.52706,-0.47517,0.00241,-0.70959,1.24908,-0.58424
NVDA240628C00940000,NVDA,2024-06-28,940.00,call,61.50,61.67,61.10,9,62.25,9,129,35,2024-05-17,0.52706,0.51295,0.00241,-0.84512,1.25084,0.47498
NVDA240628P00940000,NVDA,2024-06-28,940.00,put,71.00,71.42,70.80,4,72.05,9,9,8,2024-05-17,0.52706,-0.48705,0.00241,-0.70870,1.25084,-0.60005
NVDA240628C00945000,NVDA,2024-06-28,945.00,call,58.62,59.53,58.95,9,60.10,4,67,84,2024-05-17,0.52706,0.50111,0.00241,-0.84425,1.25150,0.46488
NVDA240628P00945000,NVDA,2024-06-28,945.00,put,77.00,74.22,73.60,4,74.85,9,4,35,2024-05-17,0.52706,-0.49889,0.00241,-0.70710,1.25150,-0.61587
NVDA240628C00950000,NVDA,2024-06-28,950.00,call,57.00,57.38,56.85,8,57.90,4,58,197,2024-05-17,0.52706,0.48934,0.00241,-0.84269,1.25105,0.45478
NVDA240628P00950000,NVDA,2024-06-28,950.00,put,73.53,77.12,76.55,3,77.70,8,2,153,2024-05-17,0.52706,-0.51066,0.00241,-0.70481,1.25105,-0.63169
NVDA240628C00955000,NVDA,2024-06-28,955.00,call,54.47,55.30,54.70,9,55.90,9,46,30,2024-05-17,0.52706,0.47763,0.00241,-0.84046,1.24953,0.44468
NVDA240628P00955000,NVDA,2024-06-28,955.00,put,70.00,80.08,79.45,4,80.70,9,0,1,2024-05-17,0.52706,-0.52237,0.00241,-0.70185,1.24953,-0.64750
NVDA240628C00960000,NVDA,2024-06-28,960.00,call,53.00,53.30,52.70,9,53.90,4,36,41,2024-05-17,0.52706,0.46601,0.00240,-0.83756,1.24696,0.43461
NVDA240628P00960000,NVDA,2024-06-28,960.00,put,85.50,83.08,82.45,4,83.70,8,30,15,2024-05-17,0.52706,-0.53399,0.00240,-0.69823,1.24696,-0.66329
NVDA240628C00965000,NVDA,2024-06-28,965.00,call,64.75,51.20,50.70,4,51.70,4,0,11,2024-05-17,0.52706,0.45448,0.00240,-0.83402,1.24335,0.42457
NVDA240628P00965000,NVDA,2024-06-28,965.00,put,80.12,86.15,85.50,4,86.80,8,20,6,2024-05-17,0.52706,-0.54552,0.00240,-0.69397,1.24335,-0.67905
NVDA240628C00970000,NVDA,2024-06-28,970.00,call,52.00,49.42,48.90,9,49.95,5,25,37,2024-05-17,0.52706,0.44304,0.00239,-0.82985,1.23872,0.41457
NVDA240628P00970000,NVDA,2024-06-28,970.00,put,75.55,89.30,88.60,4,90.00,4,0,1,2024-05-17,0.52706,-0.55696,0.00239,-0.68907,1.23872,-0.69477
NVDA240628C00975000,NVDA,2024-06-28,975.00,call,49.00,47.53,46.95,4,48.10,13,11,140,2024-05-17,0.52706,0.43171,0.00238,-0.82507,1.23312,0.40462
NVDA240628P00975000,NVDA,2024-06-28,975.00,put,0.00,92.45,91.75,4,93.15,4,0,0,2024-05-17,0.52706,-0.56829,0.00238,-0.68357,1.23312,-0.71044
NVDA240628C00980000,NVDA,2024-06-28,980.00,call,45.45,45.80,45.20,9,46.40,5,10,39,2024-05-17,0.52706,0.42049,0.00236,-0.81970,1.22657,0.39473
NVDA240628P00980000,NVDA,2024-06-28,980.00,put,0.00,95.62,94.95,4,96.30,8,0,0,2024-05-17,0.52706,-0.57951,0.00236,-0.67747,1.22657,-0.72605
NVDA240628C00985000,NVDA,2024-06-28,985.00,call,43.45,44.08,43.50,9,44.65,5,5,21,2024-05-17,0.52706,0.40940,0.00235,-0.81377,1.21909,0.38490
NVDA240628P00985000,NVDA,2024-06-28,985.00,put,0.00,99.20,97.55,36,100.85,27,0,0,2024-05-17,0.52706,-0.59060,0.00235,-0.67081,1.21909,-0.74159
NVDA240628C00990000,NVDA,2024-06-28,990.00,call,43.30,42.42,41.85,9,43.00,10,3,16,2024-05-17,0.52706,0.39843,0.00233,-0.80728,1.21072,0.37515
NVDA240628P00990000,NVDA,2024-06-28,990.00,put,96.77,102.58,101.00,41,104.15,34,1,1,2024-05-17,0.52706,-0.60157,0.00233,-0.66359,1.21072,-0.75706
NVDA240628C00995000,NVDA,2024-06-28,995.00,call,40.50,40.78,40.20,6,41.35,10,9,8,2024-05-17,0.52706,0.38760,0.00232,-0.80026,1.20149,0.36549
NVDA240628P00995000,NVDA,2024-06-28,995.00,put,94.74,105.92,104.30,48,107.55,9,0,2,2024-05-17,0.52706,-0.61240,0.00232,-0.65585,1.20149,-0.77244
NVDA240628C01000000,NVDA,2024-06-28,1000.00,call,39.17,38.92,37.05,4,40.80,5,103,772,2024-05-17,0.52706,0.37690,0.00230,-0.79274,1.19144,0.35592
NVDA240628P01000000,NVDA,2024-06-28,1000.00,put,102.55,109.22,107.15,41,111.30,18,1,1,2024-05-17,0.52706,-0.62310,0.00230,-0.64761,1.19144,-0.78773
NVDA240628C01005000,NVDA,2024-06-28,1005.00,call,38.40,37.62,37.05,10,38.20,5,1,19,2024-05-17,0.52706,0.36635,0.00228,-0.78474,1.18060,0.34645
NVDA240628P01005000,NVDA,2024-06-28,1005.00,put,0.00,112.75,110.45,9,115.05,31,0,0,2024-05-17,0.52706,-0.63365,0.00228,-0.63888,1.18060,-0.80292
NVDA240628C01010000,NVDA,2024-06-28,1010.00,call,35.00,36.02,35.55,5,36.50,13,1,27,2024-05-17,0.52706,0.35596,0.00225,-0.77628,1.16901,0.33708
NVDA240628P01010000,NVDA,2024-06-28,1010.00,put,102.00,116.25,114.10,9,118.40,50,0,2,2024-05-17,0.52706,-0.64404,0.00225,-0.62969,1.16901,-0.81801
NVDA240628C01015000,NVDA,2024-06-28,1015.00,call,34.52,34.52,34.05,5,35.00,41,1,3,2024-05-17,0.52706,0.34572,0.00223,-0.76738,1.15671,0.32783
NVDA240628P01015000,NVDA,2024-06-28,1015.00,put,0.00,119.92,117.85,6,122.00,34,0,0,2024-05-17,0.52706,-0.65428,0.00223,-0.62007,1.15671,-0.83298
NVDA240628C01020000,NVDA,2024-06-28,1020.00,call,36.07,33.35,32.80,7,33.90,10,3,9,2024-05-17,0.52706,0.33564,0.00221,-0.75808,1.14373,0.31869
NVDA240628P01020000,NVDA,2024-06-28,1020.00,put,114.15,123.58,121.50,41,125.65,24,0,125,2024-05-17,0.54657,-0.65643,0.00215,-0.64404,1.15401,-0.84197
NVDA240628C01025000,NVDA,2024-06-28,1025.00,call,32.01,32.00,31.45,11,32.55,11,7,16,2024-05-17,0.52706,0.32573,0.00218,-0.74839,1.13010,0.30968
NVDA240628P01025000,NVDA,2024-06-28,1025.00,put,0.00,127.20,124.85,37,129.55,66,0,0,2024-05-17,0.54657,-0.66608,0.00212,-0.63402,1.14142,-0.85640
NVDA240628C01030000,NVDA,2024-06-28,1030.00,call,30.70,30.68,30.10,10,31.25,11,1,25,2024-05-17,0.52706,0.31598,0.00215,-0.73834,1.11588,0.30079
NVDA240628P01030000,NVDA,2024-06-28,1030.00,put,137.55,131.07,129.00,6,133.15,32,0,1,2024-05-17,0.54657,-0.67557,0.00210,-0.62364,1.12825,-0.87070
NVDA240628C01035000,NVDA,2024-06-28,1035.00,call,30.32,29.30,28.85,10,29.75,11,1,11,2024-05-17,0.52706,0.30641,0.00212,-0.72795,1.10109,0.29204
NVDA240628P01035000,NVDA,2024-06-28,1035.00,put,126.70,134.52,132.10,58,136.95,55,26,175,2024-05-17,0.52706,-0.69359,0.00212,-0.57773,1.10109,-0.89163
NVDA240628C01040000,NVDA,2024-06-28,1040.00,call,29.11,28.18,27.60,10,28.75,6,1,28,2024-05-17,0.52706,0.29702,0.00209,-0.71725,1.08578,0.28343
NVDA240628P01040000,NVDA,2024-06-28,1040.00,put,121.85,138.62,136.45,34,140.80,20,0,201,2024-05-17,0.54657,-0.69409,0.00205,-0.60186,1.10030,-0.89895
NVDA240628C01050000,NVDA,2024-06-28,1050.00,call,26.85,25.77,25.35,4,26.20,7,41,143,2024-05-17,0.52706,0.27876,0.00203,-0.69501,1.05373,0.26664
NVDA240628P01050000,NVDA,2024-06-28,1050.00,put,153.25,146.40,144.45,40,148.35,34,0,1,2024-05-17,0.54657,-0.71195,0.00199,-0.57890,1.07043,-0.92669
NVDA240628C01060000,NVDA,2024-06-28,1060.00,call,23.90,23.67,23.20,5,24.15,48,1,14,2024-05-17,0.52706,0.26124,0.00197,-0.67181,1.02004,0.25044
NVDA240628P01060000,NVDA,2024-06-28,1060.00,put,139.30,154.30,152.10,29,156.50,23,0,1,2024-05-17,0.54657,-0.72914,0.00193,-0.55494,1.03891,-0.95390
NVDA240628C01070000,NVDA,2024-06-28,1070.00,call,22.00,21.73,21.35,10,22.10,10,15,14,2024-05-17,0.52706,0.24445,0.00190,-0.64784,0.98499,0.23485
NVDA240628P01070000,NVDA,2024-06-28,1070.00,put,169.85,162.45,160.15,40,164.75,41,0,2,2024-05-17,0.54657,-0.74565,0.00187,-0.53015,1.00600,-0.98055
NVDA240628C01080000,NVDA,2024-06-28,1080.00,call,19.85,19.85,19.40,11,20.30,7,9,10,2024-05-17,0.52706,0.22841,0.00183,-0.62327,0.94887,0.21990
NVDA240628P01080000,NVDA,2024-06-28,1080.00,put,170.15,170.80,168.70,23,172.90,5,0,0,2024-05-17,0.54657,-0.76147,0.00181,-0.50470,0.97197,-1.00663
NVDA240628C01090000,NVDA,2024-06-28,1090.00,call,18.10,18.27,17.90,48,18.65,57,17,7,2024-05-17,0.52706,0.21312,0.00176,-0.59829,0.91195,0.20559
NVDA240628P01090000,NVDA,2024-06-28,1090.00,put,197.40,179.32,177.10,17,181.55,21,0,0,2024-05-17,0.54657,-0.77659,0.00174,-0.47874,0.93705,-1.03212
NVDA240628C01100000,NVDA,2024-06-28,1100.00,call,16.80,16.82,16.40,14,17.25,8,158,74,2024-05-17,0.52706,0.19858,0.00169,-0.57305,0.87448,0.19193
NVDA240628P01100000,NVDA,2024-06-28,1100.00,put,187.00,187.75,185.95,12,189.55,9,2,1,2024-05-17,0.54657,-0.79103,0.00168,-0.45245,0.90150,-1.05702
NVDA240628C01110000,NVDA,2024-06-28,1110.00,call,15.82,15.43,15.00,44,15.85,63,12,57,2024-05-17,0.52706,0.18477,0.00161,-0.54771,0.83672,0.17891
NVDA240628P01110000,NVDA,2024-06-28,1110.00,put,204.55,196.30,194.15,8,198.45,10,0,2,2024-05-17,0.54657,-0.80477,0.00161,-0.42595,0.86552,-1.08132
NVDA240628C01120000,NVDA,2024-06-28,1120.00,call,15.10,14.10,13.75,43,14.45,53,5,336,2024-05-17,0.52706,0.17169,0.00154,-0.52240,0.79889,0.16654
NVDA240628P01120000,NVDA,2024-06-28,1120.00,put,0.00,205.35,202.90,28,207.80,6,0,0,2024-05-17,0.56608,-0.80769,0.00154,-0.43886,0.85763,-1.09612
NVDA240628C01130000,NVDA,2024-06-28,1130.00,call,13.98,13.00,12.60,15,13.40,11,2,11,2024-05-17,0.52706,0.15933,0.00147,-0.49726,0.76119,0.15482
NVDA240628P01130000,NVDA,2024-06-28,1130.00,put,206.80,213.98,211.80,29,216.15,23,2,1,2024-05-17,0.56608,-0.82009,0.00148,-0.41254,0.82292,-1.11916
NVDA240628C01140000,NVDA,2024-06-28,1140.00,call,12.00,11.90,11.65,1,12.15,48,2,62,2024-05-17,0.52706,0.14767,0.00140,-0.47239,0.72381,0.14372
NVDA240628P01140000,NVDA,2024-06-28,1140.00,put,197.70,222.98,220.90,17,225.05,8,0,2,2024-05-17,0.56608,-0.83187,0.00141,-0.38631,0.78823,-1.14166
NVDA240628C01150000,NVDA,2024-06-28,1150.00,call,11.40,10.82,10.55,53,11.10,20,47,18,2024-05-17,0.52706,0.13668,0.00132,-0.44791,0.68691,0.13324
NVDA240628P01150000,NVDA,2024-06-28,1150.00,put,241.70,232.23,229.90,15,234.55,5,0,0,2024-05-17,0.56608,-0.84305,0.00135,-0.36027,0.75372,-1.16362
NVDA240628C01160000,NVDA,2024-06-28,1160.00,call,9.80,10.00,9.70,15,10.30,59,5,8,2024-05-17,0.52706,0.12636,0.00125,-0.42392,0.65066,0.12336
NVDA240628P01160000,NVDA,2024-06-28,1160.00,put,0.00,241.47,239.20,31,243.75,13,0,0,2024-05-17,0.58560,-0.84389,0.00130,-0.37430,0.75104,-1.17634
NVDA240628C01170000,NVDA,2024-06-28,1170.00,call,10.75,9.15,8.90,8,9.40,30,3,3,2024-05-17,0.52706,0.11667,0.00119,-0.40048,0.61519,0.11408
NVDA240628P01170000,NVDA,2024-06-28,1170.00,put,0.00,250.62,248.20,16,253.05,9,0,0,2024-05-17,0.58560,-0.85401,0.00125,-0.34880,0.71828,-1.19730
NVDA240628C01180000,NVDA,2024-06-28,1180.00,call,13.00,8.40,8.05,49,8.75,54,0,2,2024-05-17,0.52706,0.10760,0.00112,-0.37767,0.58060,0.10536
NVDA240628P01180000,NVDA,2024-06-28,1180.00,put,0.00,259.52,256.70,19,262.35,20,0,0,2024-05-17,0.58560,-0.86360,0.00119,-0.32366,0.68594,-1.21778
NVDA240628C01190000,NVDA,2024-06-28,1190.00,call,8.05,7.75,7.50,14,8.00,46,13,2,2024-05-17,0.54657,0.10857,0.00109,-0.39369,0.58437,0.10597
NVDA240628P01190000,NVDA,2024-06-28,1190.00,put,0.00,269.45,267.05,9,271.85,9,0,0,2024-05-17,0.60511,-0.86343,0.00115,-0.33852,0.68652,-1.22947
NVDA240628C01200000,NVDA,2024-06-28,1200.00,call,7.09,7.05,6.80,38,7.30,38,46,310,2024-05-17,0.54657,0.10040,0.00103,-0.37172,0.55214,0.09813
NVDA240628P01200000,NVDA,2024-06-28,1200.00,put,270.57,278.60,276.15,12,281.05,22,2,0,2024-05-17,0.60511,-0.87216,0.00110,-0.31402,0.65597,-1.24912
NVDA240628C01210000,NVDA,2024-06-28,1210.00,call,6.53,6.53,6.20,58,6.85,55,8,1,2024-05-17,0.54657,0.09274,0.00097,-0.35045,0.52089,0.09077
NVDA240628P01210000,NVDA,2024-06-28,1210.00,put,268.30,287.20,283.50,7,290.90,32,0,1,2024-05-17,0.58560,-0.88934,0.00103,-0.25100,0.59242,-1.27648
NVDA240628C01220000,NVDA,2024-06-28,1220.00,call,6.45,6.00,5.70,70,6.30,44,1,4,2024-05-17,0.54657,0.08559,0.00091,-0.32992,0.49068,0.08387
NVDA240628P01220000,NVDA,2024-06-28,1220.00,put,0.00,297.62,294.80,27,300.45,31,0,0,2024-05-17,0.60511,-0.88823,0.00100,-0.26646,0.59666,-1.28719
NVDA240628C01230000,NVDA,2024-06-28,1230.00,call,6.77,5.47,5.10,6,5.85,34,7,4,2024-05-17,0.54657,0.07891,0.00086,-0.31014,0.46154,0.07742
NVDA240628P01230000,NVDA,2024-06-28,1230.00,put,0.00,307.30,304.50,28,310.10,36,0,0,2024-05-17,0.62462,-0.88708,0.00098,-0.28222,0.60103,-1.29786
NVDA240628C01240000,NVDA,2024-06-28,1240.00,call,7.19,4.67,4.00,18,5.35,23,0,11,2024-05-17,0.52706,0.06466,0.00076,-0.25666,0.39614,0.06379
NVDA240628P01240000,NVDA,2024-06-28,1240.00,put,0.00,316.98,314.15,29,319.80,47,0,0,2024-05-17,0.62462,-0.89424,0.00093,-0.25938,0.57343,-1.31606
NVDA240628C01250000,NVDA,2024-06-28,1250.00,call,4.80,5.08,4.50,44,5.65,76,4,7,2024-05-17,0.54657,0.06688,0.00076,-0.27293,0.40663,0.06577
NVDA240628P01250000,NVDA,2024-06-28,1250.00,put,0.00,326.77,324.20,26,329.35,47,0,0,2024-05-17,0.64413,-0.89284,0.00091,-0.27556,0.57888,-1.32648
NVDA240628C01260000,NVDA,2024-06-28,1260.00,call,5.29,4.68,4.15,22,5.20,46,2,2,2024-05-17,0.56608,0.06907,0.00075,-0.28953,0.41688,0.06771
NVDA240628P01260000,NVDA,2024-06-28,1260.00,put,0.00,336.50,333.65,36,339.35,42,0,0,2024-05-17,0.64413,-0.89942,0.00087,-0.25339,0.55289,-1.34412
NVDA240628C01270000,NVDA,2024-06-28,1270.00,call,4.35,4.05,3.85,47,4.25,48,1,6,2024-05-17,0.54657,0.05647,0.00066,-0.23892,0.35633,0.05566
NVDA240628P01270000,NVDA,2024-06-28,1270.00,put,375.55,346.50,343.95,31,349.05,49,0,0,2024-05-17,0.66364,-0.89782,0.00086,-0.26996,0.55925,-1.35434
NVDA240628C01280000,NVDA,2024-06-28,1280.00,call,4.10,3.75,3.55,34,3.95,35,1,1,2024-05-17,0.54657,0.05183,0.00062,-0.22312,0.33292,0.05114
NVDA240628P01280000,NVDA,2024-06-28,1280.00,put,0.00,356.02,353.15,40,358.90,42,0,0,2024-05-17,0.66364,-0.90390,0.00082,-0.24842,0.53473,-1.37149
NVDA240628C01290000,NVDA,2024-06-28,1290.00,call,3.65,3.58,2.86,42,4.30,45,2,5,2024-05-17,0.56608,0.05421,0.00062,-0.23928,0.34501,0.05332
NVDA240628P01290000,NVDA,2024-06-28,1290.00,put,0.00,365.80,362.90,40,368.70,42,0,0,2024-05-17,0.66364,-0.90966,0.00078,-0.22741,0.51086,-1.38836
NVDA240628C01300000,NVDA,2024-06-28,1300.00,call,3.24,2.91,2.42,9,3.40,43,26,53,2024-05-17,0.54657,0.04354,0.00054,-0.19387,0.28955,0.04305
NVDA240628P01300000,NVDA,2024-06-28,1300.00,put,367.28,375.88,373.35,40,378.40,41,2,1,2024-05-17,0.68315,-0.90778,0.00077,-0.24440,0.51870,-1.39828
NVDA240628C01310000,NVDA,2024-06-28,1310.00,call,3.96,3.05,2.30,70,3.80,70,0,1,2024-05-17,0.56608,0.04595,0.00054,-0.20954,0.30240,0.04529
NVDA240628P01310000,NVDA,2024-06-28,1310.00,put,0.00,385.93,383.50,8,388.35,54,0,0,2024-05-17,0.70267,-0.90591,0.00076,-0.26168,0.52646,-1.40821
NVDA240628C01320000,NVDA,2024-06-28,1320.00,call,3.45,2.83,2.11,88,3.55,96,0,1,2024-05-17,0.56608,0.04226,0.00051,-0.19578,0.28266,0.04169
NVDA240628P01320000,NVDA,2024-06-28,1320.00,put,0.00,395.73,393.10,40,398.35,50,0,0,2024-05-17,0.70267,-0.91115,0.00073,-0.24128,0.50456,-1.42456
NVDA240628C01330000,NVDA,2024-06-28,1330.00,call,3.03,2.92,2.50,1,3.35,66,0,1,2024-05-17,0.58560,0.04466,0.00051,-0.21159,0.29552,0.04391
NVDA240628P01330000,NVDA,2024-06-28,1330.00,put,0.00,405.75,403.20,9,408.30,9,0,0,2024-05-17,0.72218,-0.90919,0.00072,-0.25888,0.51284,-1.43440
NVDA240628C01340000,NVDA,2024-06-28,1340.00,call,2.95,2.46,1.77,84,3.15,110,1,1,2024-05-17,0.56608,0.03567,0.00044,-0.17038,0.24618,0.03525
NVDA240628P01340000,NVDA,2024-06-28,1340.00,put,0.00,415.57,413.15,40,418.00,8,0,0,2024-05-17,0.72218,-0.91408,0.00069,-0.23900,0.49209,-1.45042
NVDA240628C01350000,NVDA,2024-06-28,1350.00,call,2.73,2.31,1.58,87,3.05,97,2,2,2024-05-17,0.56608,0.03273,0.00041,-0.15871,0.22941,0.03238
NVDA240628P01350000,NVDA,2024-06-28,1350.00,put,0.00,425.40,423.05,58,427.75,8,0,0,2024-05-17,0.74169,-0.91204,0.00069,-0.25690,0.50082,-1.46017
NVDA240628C01360000,NVDA,2024-06-28,1360.00,call,2.67,2.16,1.48,80,2.83,99,0,3,2024-05-17,0.58560,0.03504,0.00042,-0.17355,0.24266,0.03456
NVDA240628P01360000,NVDA,2024-06-28,1360.00,put,0.00,435.45,432.95,9,437.95,9,0,0,2024-05-17,0.76120,-0.91000,0.00068,-0.27509,0.50942,-1.46995
NVDA240628C01370000,NVDA,2024-06-28,1370.00,call,2.50,2.02,1.36,79,2.68,104,2,2,2024-05-17,0.58560,0.03229,0.00039,-0.16217,0.22682,0.03186
NVDA240628P01370000,NVDA,2024-06-28,1370.00,put,0.00,444.70,437.45,40,451.95,40,0,0,2024-05-17,0.74169,-0.92100,0.00063,-0.21860,0.46193,-1.49142
NVDA240628C01380000,NVDA,2024-06-28,1380.00,call,2.70,1.89,1.24,58,2.54,62,0,4,2024-05-17,0.58560,0.02973,0.00037,-0.15141,0.21184,0.02936
NVDA240628P01380000,NVDA,2024-06-28,1380.00,put,0.00,454.62,447.30,40,461.95,40,0,0,2024-05-17,0.76120,-0.91884,0.00063,-0.23676,0.47148,-1.50104
NVDA240628C01390000,NVDA,2024-06-28,1390.00,call,2.29,1.77,1.13,68,2.42,78,0,6,2024-05-17,0.58560,0.02736,0.00034,-0.14124,0.19768,0.02704
NVDA240628P01390000,NVDA,2024-06-28,1390.00,put,0.00,464.52,457.25,40,471.80,40,0,0,2024-05-17,0.76120,-0.92296,0.00061,-0.21829,0.45323,-1.51632
NVDA240628C01400000,NVDA,2024-06-28,1400.00,call,1.74,1.64,1.46,3,1.82,54,64,57,2024-05-17,0.58560,0.02516,0.00032,-0.13165,0.18432,0.02489
NVDA240628P01400000,NVDA,2024-06-28,1400.00,put,466.30,474.95,467.50,1,482.40,40,10,0,2024-05-17,0.78071,-0.92076,0.00060,-0.23671,0.46303,-1.52591
NVDA240628C01450000,NVDA,2024-06-28,1450.00,call,1.69,1.38,1.00,64,1.75,100,5,32,2024-05-17,0.60511,0.01977,0.00025,-0.11081,0.15039,0.01955
NVDA240628P01450000,NVDA,2024-06-28,1450.00,put,555.19,524.48,517.25,40,531.70,40,0,0,2024-05-17,0.83925,-0.92160,0.00056,-0.25780,0.45929,-1.58448
NVDA240628C01500000,NVDA,2024-06-28,1500.00,call,1.14,0.77,0.39,88,1.15,97,11,14,2024-05-17,0.60511,0.01308,0.00018,-0.07771,0.10559,0.01299
NVDA240628P01500000,NVDA,2024-06-28,1500.00,put,0.00,574.50,567.15,40,581.85,40,0,0,2024-05-17,0.89778,-0.92157,0.00052,-0.28262,0.45942,-1.64224
NVDA240628C01550000,NVDA,2024-06-28,1550.00,call,1.18,0.73,0.27,80,1.20,96,1,12,2024-05-17,0.62462,0.01065,0.00014,-0.06704,0.08835,0.01057
NVDA240628P01550000,NVDA,2024-06-28,1550.00,put,0.00,624.77,617.30,40,632.25,40,0,0,2024-05-17,0.93681,-0.92605,0.00048,-0.27373,0.43933,-1.70387
NVDA240628C01600000,NVDA,2024-06-28,1600.00,call,0.54,0.50,0.35,2,0.65,1,5,4,2024-05-17,0.64413,0.00886,0.00012,-0.05877,0.07518,0.00878
NVDA240628P01600000,NVDA,2024-06-28,1600.00,put,0.00,674.48,667.25,40,681.70,40,0,0,2024-05-17,0.99534,-0.92459,0.00046,-0.30500,0.44592,-1.76029
NVDA240719C00005000,NVDA,2024-07-19,5.00,call,915.68,919.90,918.25,2,921.55,2,22,43,2024-05-17,4.48794,0.99991,0.00000,-0.00577,0.00142,0.00829
NVDA240719P00005000,NVDA,2024-07-19,5.00,put,0.13,0.01,0.00,0,0.19,46,0,2,2024-05-17,3.80503,-0.00002,0.00000,-0.00104,0.00035,-0.00005
NVDA240719C00010000,NVDA,2024-07-19,10.00,call,751.20,915.00,913.40,2,916.60,2,0,1,2024-05-17,4.01966,0.99981,0.00000,-0.01033,0.00280,0.01659
NVDA240719P00010000,NVDA,2024-07-19,10.00,put,0.01,0.01,0.00,0,0.19,46,0,12,2024-05-17,3.23919,-0.00003,0.00000,-0.00110,0.00043,-0.00006
NVDA240719C00015000,NVDA,2024-07-19,15.00,call,776.93,910.05,908.45,2,911.65,2,0,1,2024-05-17,3.60991,0.99977,0.00000,-0.01159,0.00330,0.02508
NVDA240719P00015000,NVDA,2024-07-19,15.00,put,0.01,0.01,0.00,0,0.19,46,0,12,2024-05-17,2.90749,-0.00003,0.00000,-0.00107,0.00047,-0.00006
NVDA240719C00020000,NVDA,2024-07-19,20.00,call,887.60,905.05,903.40,2,906.70,2,0,3,2024-05-17,3.18065,0.99982,0.00000,-0.00949,0.00263,0.03378
NVDA240719P00020000,NVDA,2024-07-19,20.00,put,0.00,0.01,0.00,0,0.19,46,0,0,2024-05-17,2.69286,-0.00003,0.00000,-0.00112,0.00053,-0.00007
NVDA240719C00025000,NVDA,2024-07-19,25.00,call,0.00,900.10,898.75,2,901.45,2,0,0,2024-05-17,2.98554,0.99980,0.00000,-0.01051,0.00293,0.04229
NVDA240719P00025000,NVDA,2024-07-19,25.00,put,0.00,0.01,0.00,0,0.19,46,0,0,2024-05-17,2.51726,-0.00003,0.00000,-0.00109,0.00055,-0.00007
NVDA240719C00030000,NVDA,2024-07-19,30.00,call,869.30,895.15,893.50,2,896.80,2,0,3,2024-05-17,2.82944,0.99978,0.00000,-0.01152,0.00321,0.05081
NVDA240719P00030000,NVDA,2024-07-19,30.00,put,0.02,0.01,0.00,0,0.19,46,0,4,2024-05-17,2.38067,-0.00004,0.00000,-0.00109,0.00058,-0.00007
NVDA240719C00035000,NVDA,2024-07-19,35.00,call,0.00,890.20,888.85,2,891.55,2,0,0,2024-05-17,2.71237,0.99975,0.00000,-0.01283,0.00363,0.05930
NVDA240719P00035000,NVDA,2024-07-19,35.00,put,0.00,0.01,0.00,0,0.19,46,0,0,2024-05-17,2.28312,-0.00004,0.00000,-0.00119,0.00066,-0.00008
NVDA240719C00040000,NVDA,2024-07-19,40.00,call,867.85,885.30,883.70,2,886.90,2,0,5,2024-05-17,2.71237,0.99961,0.00000,-0.01743,0.00544,0.06753
NVDA240719P00040000,NVDA,2024-07-19,40.00,put,0.00,0.01,0.00,0,0.19,46,0,0,2024-05-17,2.18556,-0.00004,0.00000,-0.00120,0.00070,-0.00009
NVDA240719C00045000,NVDA,2024-07-19,45.00,call,0.00,880.30,878.95,2,881.65,2,0,0,2024-05-17,2.49774,0.99971,0.00000,-0.01462,0.00412,0.07633
NVDA240719P00045000,NVDA,2024-07-19,45.00,put,0.01,0.01,0.00,0,0.19,46,0,5,2024-05-17,2.08800,-0.00004,0.00000,-0.00112,0.00068,-0.00008
NVDA240719C00050000,NVDA,2024-07-19,50.00,call,874.97,875.35,874.10,2,876.60,2,0,8,2024-05-17,2.41970,0.99968,0.00000,-0.01584,0.00451,0.08483
NVDA240719P00050000,NVDA,2024-07-19,50.00,put,0.02,0.01,0.00,0,0.09,1,0,42,2024-05-17,2.00995,-0.00004,0.00000,-0.00111,0.00070,-0.00009
NVDA240719C00150000,NVDA,2024-07-19,150.00,call,657.17,776.35,775.10,2,777.60,2,0,5,2024-05-17,1.58069,0.99907,0.00001,-0.03671,0.01209,0.25473
NVDA240719P00150000,NVDA,2024-07-19,150.00,put,0.01,0.01,0.00,0,0.19,31,0,32,2024-05-17,1.24899,-0.00008,0.00000,-0.00118,0.00120,-0.00014
NVDA240719C00155000,NVDA,2024-07-19,155.00,call,770.65,771.40,769.75,2,773.05,2,0,1,2024-05-17,1.56118,0.99901,0.00001,-0.03819,0.01285,0.26316
NVDA240719P00155000,NVDA,2024-07-19,155.00,put,0.00,0.01,0.00,0,0.19,31,0,0,2024-05-17,1.22948,-0.00008,0.00000,-0.00121,0.00126,-0.00015
NVDA240719C00160000,NVDA,2024-07-19,160.00,call,0.00,766.45,765.10,2,767.80,2,0,0,2024-05-17,1.52216,0.99905,0.00001,-0.03793,0.01236,0.27180
NVDA240719P00160000,NVDA,2024-07-19,160.00,put,0.00,0.01,0.00,0,0.20,31,0,0,2024-05-17,1.20997,-0.00009,0.00000,-0.00124,0.00131,-0.00015
NVDA240719C00165000,NVDA,2024-07-19,165.00,call,780.70,761.50,759.85,2,763.15,5,0,8,2024-05-17,1.50265,0.99899,0.00001,-0.03925,0.01303,0.28025
NVDA240719P00165000,NVDA,2024-07-19,165.00,put,0.04,0.01,0.00,0,0.20,31,0,5,2024-05-17,1.19046,-0.00009,0.00000,-0.00126,0.00135,-0.00016
NVDA240719C00170000,NVDA,2024-07-19,170.00,call,752.48,756.55,754.90,2,758.20,5,0,1,2024-05-17,1.48313,0.99894,0.00001,-0.04054,0.01369,0.28869
NVDA240719P00170000,NVDA,2024-07-19,170.00,put,0.04,0.01,0.00,0,0.20,31,0,5,2024-05-17,1.17095,-0.00009,0.00000,-0.00127,0.00139,-0.00016
NVDA240719C00175000,NVDA,2024-07-19,175.00,call,779.04,751.60,749.95,2,753.25,5,0,11,2024-05-17,1.46362,0.99888,0.00001,-0.04178,0.01433,0.29714
NVDA240719P00175000,NVDA,2024-07-19,175.00,put,0.05,0.01,0.00,0,0.20,31,0,10,2024-05-17,1.15144,-0.00009,0.00000,-0.00128,0.00141,-0.00017
NVDA240719C00180000,NVDA,2024-07-19,180.00,call,753.96,746.65,745.00,2,748.30,5,0,4,2024-05-17,1.44411,0.99883,0.00001,-0.04298,0.01495,0.30560
NVDA240719P00180000,NVDA,2024-07-19,180.00,put,0.00,0.01,0.00,0,0.20,31,0,0,2024-05-17,1.13192,-0.00009,0.00000,-0.00127,0.00143,-0.00017
NVDA240719C00185000,NVDA,2024-07-19,185.00,call,704.91,741.70,740.05,2,743.35,5,0,4,2024-05-17,1.42460,0.99878,0.00001,-0.04414,0.01554,0.31406
NVDA240719P00185000,NVDA,2024-07-19,185.00,put,0.06,0.01,0.00,0,0.20,31,0,1,2024-05-17,1.11241,-0.00009,0.00000,-0.00126,0.00144,-0.00017
NVDA240719C00190000,NVDA,2024-07-19,190.00,call,704.60,736.77,735.15,2,738.40,5,0,2,2024-05-17,1.40509,0.99873,0.00001,-0.04524,0.01610,0.32252
NVDA240719P00190000,NVDA,2024-07-19,190.00,put,0.00,0.01,0.00,0,0.20,31,0,0,2024-05-17,1.09290,-0.00009,0.00000,-0.00124,0.00145,-0.00017
NVDA240719C00195000,NVDA,2024-07-19,195.00,call,678.62,731.83,730.20,2,733.45,5,0,5,2024-05-17,1.40509,0.99853,0.00001,-0.04849,0.01840,0.33069
NVDA240719P00195000,NVDA,2024-07-19,195.00,put,0.00,0.01,0.00,0,0.21,31,0,0,2024-05-17,1.07339,-0.00009,0.00000,-0.00121,0.00144,-0.00017
NVDA240719C00200000,NVDA,2024-07-19,200.00,call,746.29,726.85,725.60,2,728.10,2,0,12,2024-05-17,1.36606,0.99864,0.00001,-0.04729,0.01713,0.33947
NVDA240719P00200000,NVDA,2024-07-19,200.00,put,0.06,0.01,0.00,0,0.05,1,0,38,2024-05-17,1.05388,-0.00009,0.00000,-0.00117,0.00142,-0.00017
NVDA240719C00205000,NVDA,2024-07-19,205.00,call,741.77,721.92,720.30,2,723.55,5,0,23,2024-05-17,1.34655,0.99860,0.00001,-0.04823,0.01759,0.34795
NVDA240719P00205000,NVDA,2024-07-19,205.00,put,0.03,0.01,0.00,0,0.21,31,0,1,2024-05-17,1.03437,-0.00009,0.00000,-0.00113,0.00140,-0.00016
NVDA240719C00210000,NVDA,2024-07-19,210.00,call,673.68,716.98,715.35,2,718.60,5,0,2,2024-05-17,1.34655,0.99839,0.00001,-0.05149,0.01999,0.35609
NVDA240719P00210000,NVDA,2024-07-19,210.00,put,0.05,0.01,0.00,0,0.21,31,0,17,2024-05-17,1.01485,-0.00009,0.00000,-0.00108,0.00136,-0.00016
NVDA240719C00215000,NVDA,2024-07-19,215.00,call,655.32,712.02,710.40,2,713.65,5,0,1,2024-05-17,1.30753,0.99853,0.00001,-0.04996,0.01839,0.36493
NVDA240719P00215000,NVDA,2024-07-19,215.00,put,0.06,0.01,0.00,0,0.08,1,0,51,2024-05-17,1.01485,-0.00011,0.00000,-0.00133,0.00168,-0.00020
NVDA240719C00220000,NVDA,2024-07-19,220.00,call,716.80,707.08,705.75,2,708.40,2,10,0,2024-05-17,1.30753,0.99832,0.00001,-0.05319,0.02084,0.37307
NVDA240719P00220000,NVDA,2024-07-19,220.00,put,0.13,0.01,0.00,0,0.22,31,0,25,2024-05-17,0.99534,-0.00011,0.00000,-0.00127,0.00162,-0.00019
NVDA240719C00225000,NVDA,2024-07-19,225.00,call,0.00,702.12,700.80,2,703.45,2,0,0,2024-05-17,1.28802,0.99828,0.00001,-0.05394,0.02119,0.38157
NVDA240719P00225000,NVDA,2024-07-19,225.00,put,0.05,0.01,0.00,0,0.22,31,0,58,2024-05-17,0.97583,-0.00010,0.00000,-0.00119,0.00156,-0.00018
NVDA240719C00230000,NVDA,2024-07-19,230.00,call,711.14,697.17,695.55,2,698.80,5,1,3,2024-05-17,1.26851,0.99826,0.00001,-0.05464,0.02149,0.39008
NVDA240719P00230000,NVDA,2024-07-19,230.00,put,0.06,0.01,0.00,0,0.12,10,0,28,2024-05-17,0.95632,-0.00010,0.00000,-0.00112,0.00149,-0.00017
NVDA240719C00235000,NVDA,2024-07-19,235.00,call,702.71,692.23,690.60,2,693.85,5,1,15,2024-05-17,1.24899,0.99823,0.00001,-0.05528,0.02175,0.39859
NVDA240719P00235000,NVDA,2024-07-19,235.00,put,0.09,0.01,0.00,0,0.23,31,0,37,2024-05-17,0.93681,-0.00009,0.00000,-0.00104,0.00142,-0.00016
NVDA240719C00240000,NVDA,2024-07-19,240.00,call,643.40,687.27,685.65,2,688.90,5,0,9,2024-05-17,1.22948,0.99822,0.00001,-0.05585,0.02194,0.40712
NVDA240719P00240000,NVDA,2024-07-19,240.00,put,0.12,0.07,0.01,20,0.12,24,0,267,2024-05-17,1.07339,-0.00054,0.00000,-0.00617,0.00734,-0.00098
NVDA240719C00250000,NVDA,2024-07-19,250.00,call,610.65,677.40,676.15,2,678.65,2,0,9,2024-05-17,1.20997,0.99796,0.00001,-0.05967,0.02480,0.42374
NVDA240719P00250000,NVDA,2024-07-19,250.00,put,0.07,0.06,0.02,2,0.10,21,240,328,2024-05-17,1.03437,-0.00052,0.00000,-0.00572,0.00706,-0.00093
NVDA240719C00255000,NVDA,2024-07-19,255.00,call,633.59,672.45,670.80,2,674.10,5,0,3,2024-05-17,1.19046,0.99795,0.00001,-0.06009,0.02489,0.43229
NVDA240719P00255000,NVDA,2024-07-19,255.00,put,0.05,0.01,0.00,0,0.05,1,0,273,2024-05-17,0.89778,-0.00012,0.00000,-0.00130,0.00186,-0.00022
NVDA240719C00260000,NVDA,2024-07-19,260.00,call,636.10,667.55,665.95,2,669.15,5,0,6,2024-05-17,1.19046,0.99768,0.00002,-0.06355,0.02783,0.44033
NVDA240719P00260000,NVDA,2024-07-19,260.00,put,0.14,0.01,0.00,0,0.13,29,0,59,2024-05-17,0.87827,-0.00011,0.00000,-0.00118,0.00172,-0.00020
NVDA240719C00265000,NVDA,2024-07-19,265.00,call,630.15,662.55,660.90,2,664.20,5,0,7,2024-05-17,1.17095,0.99768,0.00002,-0.06386,0.02785,0.44890
NVDA240719P00265000,NVDA,2024-07-19,265.00,put,0.20,0.01,0.00,0,0.15,37,0,48,2024-05-17,0.85876,-0.00010,0.00000,-0.00107,0.00159,-0.00018
NVDA240719C00270000,NVDA,2024-07-19,270.00,call,669.10,657.62,656.00,2,659.25,5,1,33,2024-05-17,1.15144,0.99769,0.00002,-0.06410,0.02779,0.45747
NVDA240719P00270000,NVDA,2024-07-19,270.00,put,0.04,0.08,0.01,2,0.15,34,1,199,2024-05-17,0.99534,-0.00067,0.00001,-0.00699,0.00898,-0.00121
NVDA240719C00275000,NVDA,2024-07-19,275.00,call,672.09,652.67,651.05,2,654.30,5,0,13,2024-05-17,1.13192,0.99770,0.00002,-0.06428,0.02766,0.46605
NVDA240719P00275000,NVDA,2024-07-19,275.00,put,0.08,0.07,0.01,1,0.13,15,10,319,2024-05-17,0.97583,-0.00065,0.00001,-0.00662,0.00868,-0.00116
NVDA240719C00280000,NVDA,2024-07-19,280.00,call,648.00,647.73,646.10,2,649.35,5,6,12,2024-05-17,1.13192,0.99741,0.00002,-0.06778,0.03081,0.47406
NVDA240719P00280000,NVDA,2024-07-19,280.00,put,0.05,0.01,0.00,0,0.16,33,0,496,2024-05-17,0.81974,-0.00011,0.00000,-0.00102,0.00160,-0.00018
NVDA240719C00285000,NVDA,2024-07-19,285.00,call,489.73,642.77,641.15,2,644.40,5,0,47,2024-05-17,1.11241,0.99743,0.00002,-0.06784,0.03059,0.48266
NVDA240719P00285000,NVDA,2024-07-19,285.00,put,0.17,0.01,0.00,0,0.17,11,0,69,2024-05-17,0.81974,-0.00013,0.00000,-0.00124,0.00194,-0.00022
NVDA240719C00290000,NVDA,2024-07-19,290.00,call,605.75,637.83,636.20,2,639.45,2,0,10,2024-05-17,1.09290,0.99746,0.00002,-0.06784,0.03029,0.49128
NVDA240719P00290000,NVDA,2024-07-19,290.00,put,0.09,0.01,0.00,0,0.18,26,0,98,2024-05-17,0.80022,-0.00012,0.00000,-0.00109,0.00174,-0.00020
NVDA240719C00295000,NVDA,2024-07-19,295.00,call,550.94,632.95,631.35,2,634.55,2,0,7,2024-05-17,1.11241,0.99677,0.00002,-0.07536,0.03759,0.49852
NVDA240719P00295000,NVDA,2024-07-19,295.00,put,0.14,0.01,0.00,0,0.15,14,0,268,2024-05-17,0.80022,-0.00014,0.00000,-0.00132,0.00210,-0.00025
NVDA240719C00300000,NVDA,2024-07-19,300.00,call,628.22,627.95,626.70,2,629.20,2,2,72,2024-05-17,1.07339,0.99718,0.00002,-0.07128,0.03324,0.50788
NVDA240719P00300000,NVDA,2024-07-19,300.00,put,0.02,0.05,0.01,6,0.09,1,0,1566,2024-05-17,0.87827,-0.00050,0.00001,-0.00465,0.00677,-0.00087
NVDA240719C00305000,NVDA,2024-07-19,305.00,call,322.00,623.02,621.40,2,624.65,2,0,2,2024-05-17,1.07339,0.99684,0.00002,-0.07499,0.03680,0.51580
NVDA240719P00305000,NVDA,2024-07-19,305.00,put,0.14,0.01,0.00,0,0.32,31,0,46,2024-05-17,0.76120,-0.00011,0.00000,-0.00099,0.00166,-0.00019
NVDA240719C00310000,NVDA,2024-07-19,310.00,call,599.97,618.08,616.45,2,619.70,2,0,45,2024-05-17,1.05388,0.99689,0.00002,-0.07471,0.03628,0.52446
NVDA240719P00310000,NVDA,2024-07-19,310.00,put,0.18,0.01,0.00,0,0.34,31,0,196,2024-05-17,0.76120,-0.00013,0.00000,-0.00119,0.00201,-0.00023
NVDA240719C00315000,NVDA,2024-07-19,315.00,call,541.10,613.12,611.50,2,614.75,2,0,1,2024-05-17,1.03437,0.99695,0.00002,-0.07439,0.03567,0.53313
NVDA240719P00315000,NVDA,2024-07-19,315.00,put,0.16,0.01,0.00,0,0.21,20,1,105,2024-05-17,0.74169,-0.00012,0.00000,-0.00102,0.00176,-0.00020
NVDA240719C00320000,NVDA,2024-07-19,320.00,call,628.65,608.17,606.55,2,609.80,2,0,47,2024-05-17,1.03437,0.99659,0.00003,-0.07813,0.03941,0.54102
NVDA240719P00320000,NVDA,2024-07-19,320.00,put,0.16,0.01,0.00,0,0.22,32,0,164,2024-05-17,0.74169,-0.00014,0.00000,-0.00123,0.00212,-0.00025
NVDA240719C00325000,NVDA,2024-07-19,325.00,call,504.01,603.30,601.70,2,604.90,2,0,8,2024-05-17,1.03437,0.99620,0.00003,-0.08208,0.04343,0.54885
NVDA240719P00325000,NVDA,2024-07-19,325.00,put,0.10,0.01,0.00,0,0.23,39,0,1029,2024-05-17,0.72218,-0.00012,0.00000,-0.00104,0.00185,-0.00021
NVDA240719C00330000,NVDA,2024-07-19,330.00,call,587.19,598.35,596.75,2,599.95,2,0,5,2024-05-17,1.01485,0.99628,0.00003,-0.08151,0.04263,0.55756
NVDA240719P00330000,NVDA,2024-07-19,330.00,put,0.12,0.01,0.00,0,0.24,25,9,158,2024-05-17,0.72218,-0.00015,0.00000,-0.00125,0.00223,-0.00026
NVDA240719C00335000,NVDA,2024-07-19,335.00,call,460.95,593.38,591.75,2,595.00,2,0,11,2024-05-17,0.99534,0.99637,0.00003,-0.08088,0.04173,0.56629
NVDA240719P00335000,NVDA,2024-07-19,335.00,put,0.12,0.01,0.00,0,0.25,40,1,107,2024-05-17,0.70267,-0.00013,0.00000,-0.00105,0.00192,-0.00022
NVDA240719C00340000,NVDA,2024-07-19,340.00,call,577.34,588.42,586.80,2,590.05,2,0,27,2024-05-17,0.99534,0.99596,0.00003,-0.08484,0.04592,0.57409
NVDA240719P00340000,NVDA,2024-07-19,340.00,put,0.13,0.01,0.00,0,0.37,31,9,146,2024-05-17,0.70267,-0.00016,0.00000,-0.00126,0.00231,-0.00027
NVDA240719C00345000,NVDA,2024-07-19,345.00,call,601.62,583.48,581.85,2,585.10,2,0,5,2024-05-17,0.97583,0.99606,0.00003,-0.08405,0.04486,0.58285
NVDA240719P00345000,NVDA,2024-07-19,345.00,put,0.32,0.16,0.05,3,0.27,29,0,149,2024-05-17,0.85876,-0.00150,0.00001,-0.01255,0.01874,-0.00266
NVDA240719C00350000,NVDA,2024-07-19,350.00,call,597.92,578.55,577.30,2,579.80,2,0,29,2024-05-17,0.97583,0.99563,0.00003,-0.08812,0.04927,0.59060
NVDA240719P00350000,NVDA,2024-07-19,350.00,put,0.19,0.15,0.02,7,0.28,48,2,728,2024-05-17,0.83925,-0.00141,0.00001,-0.01157,0.01768,-0.00249
NVDA240719C00355000,NVDA,2024-07-19,355.00,call,535.93,573.60,571.95,2,575.25,2,0,15,2024-05-17,0.95632,0.99575,0.00003,-0.08717,0.04804,0.59940
NVDA240719P00355000,NVDA,2024-07-19,355.00,put,0.15,0.15,0.02,31,0.29,35,0,214,2024-05-17,0.83925,-0.00161,0.00002,-0.01305,0.01995,-0.00285
NVDA240719C00360000,NVDA,2024-07-19,360.00,call,543.31,568.67,567.05,2,570.30,2,0,36,2024-05-17,0.95632,0.99529,0.00004,-0.09134,0.05267,0.60710
NVDA240719P00360000,NVDA,2024-07-19,360.00,put,0.26,0.22,0.04,1,0.41,31,0,241,2024-05-17,0.85876,-0.00220,0.00002,-0.01774,0.02651,-0.00391
NVDA240719C00365000,NVDA,2024-07-19,365.00,call,456.47,563.73,562.10,2,565.35,2,0,8,2024-05-17,0.93681,0.99543,0.00004,-0.09022,0.05126,0.61594
NVDA240719P00365000,NVDA,2024-07-19,365.00,put,0.16,0.18,0.05,31,0.31,29,0,193,2024-05-17,0.81974,-0.00171,0.00002,-0.01349,0.02113,-0.00303
NVDA240719C00370000,NVDA,2024-07-19,370.00,call,590.10,558.80,557.15,2,560.45,2,0,105,2024-05-17,0.93681,0.99494,0.00004,-0.09448,0.05611,0.62359
NVDA240719P00370000,NVDA,2024-07-19,370.00,put,0.23,0.19,0.06,31,0.32,22,3,327,2024-05-17,0.81974,-0.00194,0.00002,-0.01515,0.02374,-0.00344
NVDA240719C00375000,NVDA,2024-07-19,375.00,call,308.70,553.85,552.20,2,555.50,2,0,12,2024-05-17,0.91729,0.99511,0.00004,-0.09319,0.05450,0.63246
NVDA240719P00375000,NVDA,2024-07-19,375.00,put,0.14,0.22,0.10,50,0.34,36,0,233,2024-05-17,0.81974,-0.00220,0.00002,-0.01696,0.02658,-0.00390
NVDA240719C00380000,NVDA,2024-07-19,380.00,call,523.49,548.92,547.30,2,550.55,2,0,12,2024-05-17,0.91729,0.99459,0.00004,-0.09753,0.05959,0.64007
NVDA240719P00380000,NVDA,2024-07-19,380.00,put,0.22,0.22,0.09,42,0.35,40,1,409,2024-05-17,0.80022,-0.00206,0.00002,-0.01557,0.02500,-0.00364
NVDA240719C00385000,NVDA,2024-07-19,385.00,call,428.15,544.00,542.65,9,545.35,10,0,38,2024-05-17,0.89778,0.99478,0.00004,-0.09607,0.05777,0.64899
NVDA240719P00385000,NVDA,2024-07-19,385.00,put,0.25,0.29,0.10,31,0.48,31,3,188,2024-05-17,0.81974,-0.00280,0.00003,-0.02106,0.03302,-0.00497
NVDA240719C00390000,NVDA,2024-07-19,390.00,call,521.98,539.05,537.70,10,540.40,10,0,27,2024-05-17,0.89778,0.99423,0.00005,-0.10049,0.06308,0.65654
NVDA240719P00390000,NVDA,2024-07-19,390.00,put,0.16,0.30,0.12,5,0.49,31,0,178,2024-05-17,0.81974,-0.00314,0.00003,-0.02337,0.03665,-0.00559
NVDA240719C00395000,NVDA,2024-07-19,395.00,call,508.30,534.10,532.75,10,535.45,9,0,7,2024-05-17,0.87827,0.99444,0.00005,-0.09885,0.06104,0.66551
NVDA240719P00395000,NVDA,2024-07-19,395.00,put,0.35,0.32,0.13,31,0.51,31,0,137,2024-05-17,0.80022,-0.00296,0.00003,-0.02158,0.03468,-0.00524
NVDA240719C00400000,NVDA,2024-07-19,400.00,call,541.98,529.17,527.95,8,530.40,8,1,65,2024-05-17,0.87827,0.99387,0.00005,-0.10335,0.06658,0.67301
NVDA240719P00400000,NVDA,2024-07-19,400.00,put,0.18,0.29,0.18,17,0.40,50,0,3154,2024-05-17,0.78071,-0.00276,0.00003,-0.01982,0.03265,-0.00488
NVDA240719C00405000,NVDA,2024-07-19,405.00,call,494.10,524.20,522.80,5,525.60,10,0,33,2024-05-17,0.85876,0.99411,0.00005,-0.10152,0.06430,0.68203
NVDA240719P00405000,NVDA,2024-07-19,405.00,put,0.35,0.29,0.16,41,0.42,40,0,125,2024-05-17,0.78071,-0.00311,0.00003,-0.02202,0.03629,-0.00550
NVDA240719C00410000,NVDA,2024-07-19,410.00,call,389.60,519.30,517.95,10,520.65,10,0,19,2024-05-17,0.85876,0.99351,0.00006,-0.10609,0.07007,0.68948
NVDA240719P00410000,NVDA,2024-07-19,410.00,put,0.30,0.31,0.18,31,0.44,24,3,580,2024-05-17,0.76120,-0.00290,0.00003,-0.02014,0.03405,-0.00511
NVDA240719C00415000,NVDA,2024-07-19,415.00,call,491.84,514.25,512.75,2,515.75,10,0,21,2024-05-17,0.81974,0.99462,0.00005,-0.09784,0.05934,0.70011
NVDA240719P00415000,NVDA,2024-07-19,415.00,put,0.23,0.33,0.20,9,0.45,1,0,100,2024-05-17,0.76120,-0.00325,0.00003,-0.02237,0.03783,-0.00574
NVDA240719C00420000,NVDA,2024-07-19,420.00,call,518.27,509.45,508.10,10,510.80,10,20,30,2024-05-17,0.83925,0.99314,0.00006,-0.10871,0.07355,0.70595
NVDA240719P00420000,NVDA,2024-07-19,420.00,put,0.20,0.40,0.22,3,0.59,31,0,548,2024-05-17,0.76120,-0.00365,0.00004,-0.02477,0.04190,-0.00644
NVDA240719C00425000,NVDA,2024-07-19,425.00,call,522.12,504.50,503.15,10,505.85,9,0,34,2024-05-17,0.81974,0.99343,0.00006,-0.10652,0.07075,0.71508
NVDA240719P00425000,NVDA,2024-07-19,425.00,put,1.03,0.36,0.23,40,0.49,47,0,476,2024-05-17,0.74169,-0.00339,0.00004,-0.02262,0.03928,-0.00598
NVDA240719C00430000,NVDA,2024-07-19,430.00,call,478.04,499.57,498.25,9,500.90,2,0,127,2024-05-17,0.81974,0.99277,0.00006,-0.11121,0.07699,0.72243
NVDA240719P00430000,NVDA,2024-07-19,430.00,put,0.37,0.38,0.25,31,0.51,5,4,322,2024-05-17,0.74169,-0.00380,0.00004,-0.02504,0.04350,-0.00670
NVDA240719C00435000,NVDA,2024-07-19,435.00,call,426.80,494.65,493.30,10,496.00,10,0,12,2024-05-17,0.81974,0.99207,0.00007,-0.11613,0.08361,0.72969
NVDA240719P00435000,NVDA,2024-07-19,435.00,put,0.46,0.40,0.27,41,0.52,38,0,149,2024-05-17,0.74169,-0.00425,0.00004,-0.02765,0.04805,-0.00750
NVDA240719C00440000,NVDA,2024-07-19,440.00,call,491.58,489.73,488.40,9,491.05,9,2,141,2024-05-17,0.80022,0.99241,0.00007,-0.11357,0.08039,0.73891
NVDA240719P00440000,NVDA,2024-07-19,440.00,put,0.33,0.42,0.29,31,0.55,15,0,774,2024-05-17,0.74169,-0.00474,0.00005,-0.03045,0.05294,-0.00837
NVDA240719C00445000,NVDA,2024-07-19,445.00,call,484.49,484.80,483.45,10,486.15,10,1,49,2024-05-17,0.80022,0.99167,0.00007,-0.11854,0.08725,0.74612
NVDA240719P00445000,NVDA,2024-07-19,445.00,put,0.32,0.50,0.31,31,0.69,31,1,396,2024-05-17,0.74169,-0.00527,0.00005,-0.03346,0.05818,-0.00931
NVDA240719C00450000,NVDA,2024-07-19,450.00,call,488.75,479.20,476.15,40,482.25,40,1,1018,2024-05-17,0.68315,0.99666,0.00004,-0.08562,0.03873,0.76376
NVDA240719P00450000,NVDA,2024-07-19,450.00,put,0.44,0.46,0.33,31,0.59,27,0,421,2024-05-17,0.72218,-0.00492,0.00005,-0.03065,0.05475,-0.00867
NVDA240719C00455000,NVDA,2024-07-19,455.00,call,465.46,474.95,473.60,10,476.30,10,0,209,2024-05-17,0.78071,0.99128,0.00008,-0.12080,0.09084,0.76256
NVDA240719P00455000,NVDA,2024-07-19,455.00,put,0.34,0.48,0.36,31,0.61,1,1,245,2024-05-17,0.72218,-0.00547,0.00006,-0.03367,0.06017,-0.00965
NVDA240719C00460000,NVDA,2024-07-19,460.00,call,435.91,470.00,468.65,2,471.35,9,0,265,2024-05-17,0.78071,0.99045,0.00009,-0.12606,0.09836,0.76961
NVDA240719P00460000,NVDA,2024-07-19,460.00,put,0.60,0.51,0.38,31,0.64,8,1,917,2024-05-17,0.70267,-0.00509,0.00005,-0.03072,0.05644,-0.00895
NVDA240719C00465000,NVDA,2024-07-19,465.00,call,429.19,465.07,463.75,10,466.40,9,0,131,2024-05-17,0.76120,0.99089,0.00008,-0.12291,0.09436,0.77901
NVDA240719P00465000,NVDA,2024-07-19,465.00,put,0.52,0.53,0.40,31,0.66,37,26,224,2024-05-17,0.70267,-0.00566,0.00006,-0.03375,0.06204,-0.00996
NVDA240719C00470000,NVDA,2024-07-19,470.00,call,476.16,460.18,458.85,2,461.50,9,0,197,2024-05-17,0.76120,0.99003,0.00009,-0.12820,0.10214,0.78600
NVDA240719P00470000,NVDA,2024-07-19,470.00,put,0.40,0.62,0.43,31,0.82,31,0,320,2024-05-17,0.70267,-0.00628,0.00007,-0.03700,0.06802,-0.01106
NVDA240719C00475000,NVDA,2024-07-19,475.00,call,448.18,455.25,453.90,10,456.60,10,0,60,2024-05-17,0.76120,0.98910,0.00010,-0.13375,0.11035,0.79288
NVDA240719P00475000,NVDA,2024-07-19,475.00,put,0.52,0.58,0.46,40,0.71,40,0,203,2024-05-17,0.68315,-0.00584,0.00006,-0.03370,0.06376,-0.01025
NVDA240719C00480000,NVDA,2024-07-19,480.00,call,451.50,450.32,449.00,9,451.65,9,7,94,2024-05-17,0.74169,0.98961,0.00010,-0.13018,0.10583,0.80241
NVDA240719P00480000,NVDA,2024-07-19,480.00,put,0.51,0.61,0.49,42,0.74,29,2,415,2024-05-17,0.68315,-0.00648,0.00007,-0.03695,0.06993,-0.01138
NVDA240719C00485000,NVDA,2024-07-19,485.00,call,426.35,445.40,444.05,10,446.75,10,0,78,2024-05-17,0.74169,0.98865,0.00010,-0.13576,0.11433,0.80922
NVDA240719P00485000,NVDA,2024-07-19,485.00,put,0.60,0.65,0.52,31,0.78,9,1,119,2024-05-17,0.68315,-0.00718,0.00008,-0.04042,0.07652,-0.01262
NVDA240719C00490000,NVDA,2024-07-19,490.00,call,317.00,440.48,439.15,9,441.80,5,0,216,2024-05-17,0.72218,0.98921,0.00010,-0.13199,0.10942,0.81884
NVDA240719P00490000,NVDA,2024-07-19,490.00,put,0.52,0.68,0.55,31,0.81,13,3,286,2024-05-17,0.68315,-0.00793,0.00008,-0.04412,0.08355,-0.01395
NVDA240719C00495000,NVDA,2024-07-19,495.00,call,452.41,435.55,434.20,10,436.90,10,0,46,2024-05-17,0.72218,0.98821,0.00011,-0.13760,0.11820,0.82558
NVDA240719P00495000,NVDA,2024-07-19,495.00,put,0.70,0.70,0.58,42,0.83,39,6,377,2024-05-17,0.66364,-0.00738,0.00008,-0.04023,0.07847,-0.01295
NVDA240719C00500000,NVDA,2024-07-19,500.00,call,414.78,430.65,429.40,2,431.90,8,0,338,2024-05-17,0.72218,0.98714,0.00012,-0.14345,0.12744,0.83221
NVDA240719P00500000,NVDA,2024-07-19,500.00,put,0.63,0.75,0.62,30,0.88,10,11,1429,2024-05-17,0.66364,-0.00816,0.00009,-0.04393,0.08570,-0.01433
NVDA240719C00505000,NVDA,2024-07-19,505.00,call,392.80,425.75,424.40,10,427.10,10,0,47,2024-05-17,0.70267,0.98777,0.00012,-0.13925,0.12196,0.84197
NVDA240719P00505000,NVDA,2024-07-19,505.00,put,0.90,0.77,0.65,37,0.89,46,2,103,2024-05-17,0.66364,-0.00900,0.00010,-0.04786,0.09340,-0.01582
NVDA240719C00510000,NVDA,2024-07-19,510.00,call,389.43,420.82,419.50,9,422.15,9,0,102,2024-05-17,0.70267,0.98666,0.00013,-0.14513,0.13151,0.84852
NVDA240719P00510000,NVDA,2024-07-19,510.00,put,0.71,0.89,0.69,28,1.08,25,1,389,2024-05-17,0.66364,-0.00991,0.00010,-0.05202,0.10157,-0.01743
NVDA240719C00515000,NVDA,2024-07-19,515.00,call,444.92,415.88,414.55,10,417.20,5,0,74,2024-05-17,0.68315,0.98735,0.00012,-0.14071,0.12558,0.85839
NVDA240719P00515000,NVDA,2024-07-19,515.00,put,0.88,0.87,0.74,27,1.00,12,2,597,2024-05-17,0.64413,-0.00924,0.00010,-0.04750,0.09560,-0.01620
NVDA240719C00520000,NVDA,2024-07-19,520.00,call,413.04,410.92,409.65,2,412.20,5,1,228,2024-05-17,0.68315,0.98620,0.00013,-0.14661,0.13544,0.86487
NVDA240719P00520000,NVDA,2024-07-19,520.00,put,0.82,0.95,0.88,14,1.01,28,166,430,2024-05-17,0.64413,-0.01018,0.00011,-0.05166,0.10402,-0.01786
NVDA240719C00525000,NVDA,2024-07-19,525.00,call,437.45,406.02,404.85,2,407.20,5,0,165,2024-05-17,0.68315,0.98496,0.00014,-0.15276,0.14580,0.87121
NVDA240719P00525000,NVDA,2024-07-19,525.00,put,0.85,0.95,0.83,32,1.07,35,9,268,2024-05-17,0.64413,-0.01119,0.00012,-0.05607,0.11294,-0.01965
NVDA240719C00530000,NVDA,2024-07-19,530.00,call,408.49,401.20,399.85,5,402.55,7,2,142,2024-05-17,0.68315,0.98365,0.00016,-0.15917,0.15667,0.87740
NVDA240719P00530000,NVDA,2024-07-19,530.00,put,1.00,1.04,0.97,11,1.11,28,251,469,2024-05-17,0.64413,-0.01227,0.00013,-0.06074,0.12238,-0.02158
NVDA240719C00535000,NVDA,2024-07-19,535.00,call,319.45,396.32,395.00,5,397.65,14,0,81,2024-05-17,0.66364,0.98447,0.00015,-0.15405,0.14992,0.88750
NVDA240719P00535000,NVDA,2024-07-19,535.00,put,0.95,1.05,0.93,31,1.17,10,1,219,2024-05-17,0.62462,-0.01148,0.00013,-0.05553,0.11544,-0.02010
NVDA240719C00540000,NVDA,2024-07-19,540.00,call,415.47,391.45,390.15,5,392.75,11,0,229,2024-05-17,0.66364,0.98310,0.00016,-0.16048,0.16114,0.89361
NVDA240719P00540000,NVDA,2024-07-19,540.00,put,0.85,1.10,0.98,29,1.23,22,0,868,2024-05-17,0.62462,-0.01260,0.00014,-0.06018,0.12516,-0.02208
NVDA240719C00545000,NVDA,2024-07-19,545.00,call,415.60,386.62,385.35,5,387.90,14,0,95,2024-05-17,0.66364,0.98165,0.00018,-0.16717,0.17290,0.89955
NVDA240719P00545000,NVDA,2024-07-19,545.00,put,0.99,1.17,1.04,22,1.29,1,0,233,2024-05-17,0.62462,-0.01380,0.00015,-0.06509,0.13543,-0.02422
NVDA240719C00550000,NVDA,2024-07-19,550.00,call,405.25,381.70,380.55,5,382.85,12,0,461,2024-05-17,0.66364,0.98011,0.00019,-0.17413,0.18518,0.90533
NVDA240719P00550000,NVDA,2024-07-19,550.00,put,1.17,1.27,1.21,5,1.34,30,50,556,2024-05-17,0.62462,-0.01509,0.00016,-0.07026,0.14626,-0.02651
NVDA240719C00555000,NVDA,2024-07-19,555.00,call,401.55,376.75,375.40,10,378.10,2,0,121,2024-05-17,0.64413,0.98106,0.00019,-0.16826,0.17760,0.91571
NVDA240719P00555000,NVDA,2024-07-19,555.00,put,0.94,1.28,1.16,26,1.41,5,0,209,2024-05-17,0.60511,-0.01414,0.00015,-0.06432,0.13830,-0.02475
NVDA240719C00560000,NVDA,2024-07-19,560.00,call,393.41,371.90,370.60,12,373.20,5,0,109,2024-05-17,0.64413,0.97946,0.00020,-0.17523,0.19029,0.92139
NVDA240719P00560000,NVDA,2024-07-19,560.00,put,1.42,1.35,1.23,24,1.47,23,3,511,2024-05-17,0.60511,-0.01548,0.00017,-0.06948,0.14946,-0.02711
NVDA240719C00565000,NVDA,2024-07-19,565.00,call,383.00,367.05,365.80,5,368.30,5,10,140,2024-05-17,0.64413,0.97776,0.00021,-0.18247,0.20354,0.92688
NVDA240719P00565000,NVDA,2024-07-19,565.00,put,1.27,1.42,1.30,23,1.54,16,3,366,2024-05-17,0.60511,-0.01691,0.00018,-0.07491,0.16121,-0.02964
NVDA240719C00570000,NVDA,2024-07-19,570.00,call,389.82,362.15,360.85,5,363.45,5,0,194,2024-05-17,0.62462,0.97882,0.00021,-0.17610,0.19525,0.93747
NVDA240719P00570000,NVDA,2024-07-19,570.00,put,1.29,1.50,1.38,22,1.62,35,2,475,2024-05-17,0.58560,-0.01583,0.00018,-0.06850,0.15242,-0.02766
NVDA240719C00575000,NVDA,2024-07-19,575.00,call,375.94,357.25,355.90,5,358.60,11,0,85,2024-05-17,0.62462,0.97705,0.00023,-0.18335,0.20894,0.94286
NVDA240719P00575000,NVDA,2024-07-19,575.00,put,1.15,1.58,1.46,22,1.71,10,0,359,2024-05-17,0.58560,-0.01731,0.00019,-0.07391,0.16453,-0.03027
NVDA240719C00580000,NVDA,2024-07-19,580.00,call,351.80,352.40,351.20,5,353.60,5,17,170,2024-05-17,0.62462,0.97518,0.00024,-0.19086,0.22320,0.94805
NVDA240719P00580000,NVDA,2024-07-19,580.00,put,1.50,1.66,1.54,22,1.78,10,15,429,2024-05-17,0.58560,-0.01890,0.00021,-0.07959,0.17727,-0.03307
NVDA240719C00585000,NVDA,2024-07-19,585.00,call,312.25,347.57,346.25,5,348.90,5,0,67,2024-05-17,0.60511,0.97637,0.00024,-0.18398,0.21418,0.95887
NVDA240719P00585000,NVDA,2024-07-19,585.00,put,1.54,1.84,1.63,19,2.05,18,0,382,2024-05-17,0.58560,-0.02059,0.00022,-0.08555,0.19063,-0.03606
NVDA240719C00590000,NVDA,2024-07-19,590.00,call,365.98,342.70,341.40,5,344.00,5,0,110,2024-05-17,0.60511,0.97442,0.00026,-0.19149,0.22893,0.96394
NVDA240719P00590000,NVDA,2024-07-19,590.00,put,1.69,1.90,1.83,62,1.97,26,0,596,2024-05-17,0.58560,-0.02238,0.00024,-0.09178,0.20462,-0.03926
NVDA240719C00595000,NVDA,2024-07-19,595.00,call,268.60,337.85,336.50,5,339.20,14,0,50,2024-05-17,0.60511,0.97235,0.00027,-0.19927,0.24428,0.96880
NVDA240719P00595000,NVDA,2024-07-19,595.00,put,2.06,1.94,1.82,18,2.07,10,4,357,2024-05-17,0.56608,-0.02108,0.00023,-0.08428,0.19453,-0.03683
NVDA240719C00600000,NVDA,2024-07-19,600.00,call,345.87,332.93,331.75,5,334.10,5,6,569,2024-05-17,0.58560,0.97367,0.00027,-0.19188,0.23449,0.97987
NVDA240719P00600000,NVDA,2024-07-19,600.00,put,2.13,2.06,1.93,16,2.18,2,90,1439,2024-05-17,0.56608,-0.02295,0.00025,-0.09049,0.20898,-0.04013
NVDA240719C00605000,NVDA,2024-07-19,605.00,call,346.85,328.23,326.95,5,329.50,11,0,97,2024-05-17,0.58560,0.97152,0.00029,-0.19966,0.25036,0.98458
NVDA240719P00605000,NVDA,2024-07-19,605.00,put,1.63,2.17,2.03,18,2.30,11,0,242,2024-05-17,0.56608,-0.02494,0.00027,-0.09699,0.22409,-0.04365
NVDA240719C00610000,NVDA,2024-07-19,610.00,call,332.31,323.30,322.05,5,324.55,10,0,190,2024-05-17,0.58560,0.96924,0.00031,-0.20771,0.26687,0.98907
NVDA240719P00610000,NVDA,2024-07-19,610.00,put,2.06,2.34,2.27,41,2.42,17,91,579,2024-05-17,0.56608,-0.02705,0.00029,-0.10376,0.23987,-0.04740
NVDA240719C00615000,NVDA,2024-07-19,615.00,call,339.55,318.55,317.30,5,319.80,2,0,366,2024-05-17,0.58560,0.96684,0.00033,-0.21602,0.28399,0.99332
NVDA240719P00615000,NVDA,2024-07-19,615.00,put,2.34,2.47,2.39,54,2.55,8,3,694,2024-05-17,0.56608,-0.02929,0.00031,-0.11080,0.25630,-0.05138
NVDA240719C00620000,NVDA,2024-07-19,620.00,call,326.33,313.70,312.40,5,315.00,2,2,449,2024-05-17,0.58560,0.96430,0.00035,-0.22460,0.30172,0.99733
NVDA240719P00620000,NVDA,2024-07-19,620.00,put,2.55,2.61,2.53,51,2.69,24,11,642,2024-05-17,0.54657,-0.02775,0.00030,-0.10219,0.24504,-0.04848
NVDA240719C00625000,NVDA,2024-07-19,625.00,call,316.15,308.95,307.70,5,310.20,5,5,305,2024-05-17,0.56608,0.96583,0.00035,-0.21614,0.29111,1.00882
NVDA240719P00625000,NVDA,2024-07-19,625.00,put,2.79,2.75,2.67,43,2.84,32,128,693,2024-05-17,0.54657,-0.03009,0.00032,-0.10922,0.26204,-0.05261
NVDA240719C00630000,NVDA,2024-07-19,630.00,call,325.92,304.10,302.80,5,305.40,2,0,541,2024-05-17,0.56608,0.96318,0.00037,-0.22471,0.30947,1.01265
NVDA240719P00630000,NVDA,2024-07-19,630.00,put,2.59,2.91,2.82,42,3.00,7,178,746,2024-05-17,0.54657,-0.03256,0.00035,-0.11652,0.27974,-0.05700
NVDA240719C00635000,NVDA,2024-07-19,635.00,call,321.05,299.35,298.10,5,300.60,2,0,175,2024-05-17,0.56608,0.96039,0.00039,-0.23355,0.32847,1.01621
NVDA240719P00635000,NVDA,2024-07-19,635.00,put,2.73,3.04,2.87,15,3.20,35,3,492,2024-05-17,0.54657,-0.03518,0.00037,-0.12410,0.29811,-0.06164
NVDA240719C00640000,NVDA,2024-07-19,640.00,call,297.56,294.55,293.25,5,295.85,2,1,240,2024-05-17,0.56608,0.95745,0.00042,-0.24263,0.34807,1.01951
NVDA240719P00640000,NVDA,2024-07-19,640.00,put,2.83,3.25,3.15,42,3.35,5,24,575,2024-05-17,0.54657,-0.03794,0.00039,-0.13194,0.31715,-0.06656
NVDA240719C00645000,NVDA,2024-07-19,645.00,call,312.32,289.88,288.40,10,291.35,2,0,91,2024-05-17,0.56608,0.95437,0.00044,-0.25197,0.36828,1.02254
NVDA240719P00645000,NVDA,2024-07-19,645.00,put,3.15,3.38,3.20,15,3.55,10,2,259,2024-05-17,0.52706,-0.03617,0.00039,-0.12222,0.30497,-0.06318
NVDA240719C00650000,NVDA,2024-07-19,650.00,call,284.00,285.00,284.40,1,285.60,1,8,422,2024-05-17,0.54657,0.95607,0.00044,-0.24245,0.35718,1.03442
NVDA240719P00650000,NVDA,2024-07-19,650.00,put,3.73,3.67,3.45,13,3.90,12,58,1352,2024-05-17,0.52706,-0.03906,0.00042,-0.13005,0.32472,-0.06830
NVDA240719C00655000,NVDA,2024-07-19,655.00,call,282.15,280.32,279.75,5,280.90,2,1,202,2024-05-17,0.54657,0.95284,0.00047,-0.25178,0.37814,1.03720
NVDA240719P00655000,NVDA,2024-07-19,655.00,put,3.31,3.88,3.75,29,4.00,37,11,122,2024-05-17,0.52706,-0.04211,0.00044,-0.13814,0.34516,-0.07372
NVDA240719C00660000,NVDA,2024-07-19,660.00,call,287.75,275.52,274.90,5,276.15,1,0,220,2024-05-17,0.54657,0.94945,0.00050,-0.26135,0.39971,1.03969
NVDA240719P00660000,NVDA,2024-07-19,660.00,put,4.15,4.20,4.00,1,4.40,15,37,443,2024-05-17,0.52706,-0.04532,0.00047,-0.14649,0.36627,-0.07943
NVDA240719C00665000,NVDA,2024-07-19,665.00,call,292.25,270.82,270.20,5,271.45,1,0,118,2024-05-17,0.54657,0.94590,0.00052,-0.27114,0.42186,1.04187
NVDA240719P00665000,NVDA,2024-07-19,665.00,put,4.48,4.38,4.25,21,4.50,38,5,217,2024-05-17,0.52706,-0.04870,0.00050,-0.15509,0.38804,-0.08545
NVDA240719C00670000,NVDA,2024-07-19,670.00,call,273.88,266.23,265.65,5,266.80,1,1,271,2024-05-17,0.54657,0.94218,0.00055,-0.28115,0.44457,1.04375
NVDA240719P00670000,NVDA,2024-07-19,670.00,put,4.10,4.62,4.50,39,4.75,25,6,701,2024-05-17,0.52706,-0.05226,0.00053,-0.16392,0.41043,-0.09179
NVDA240719C00675000,NVDA,2024-07-19,675.00,call,259.15,261.55,261.00,5,262.10,1,3,230,2024-05-17,0.52706,0.94401,0.00056,-0.27065,0.43344,1.05595
NVDA240719P00675000,NVDA,2024-07-19,675.00,put,5.15,4.92,4.80,2,5.05,23,13,334,2024-05-17,0.52706,-0.05599,0.00056,-0.17298,0.43344,-0.09845
NVDA240719C00680000,NVDA,2024-07-19,680.00,call,264.50,256.82,256.20,5,257.45,1,1,353,2024-05-17,0.52706,0.94011,0.00059,-0.28065,0.45703,1.05752
NVDA240719P00680000,NVDA,2024-07-19,680.00,put,5.20,5.20,5.05,19,5.35,22,32,644,2024-05-17,0.50755,-0.05400,0.00056,-0.16169,0.42126,-0.09455
NVDA240719C00685000,NVDA,2024-07-19,685.00,call,281.95,252.27,251.70,5,252.85,1,0,262,2024-05-17,0.52706,0.93602,0.00062,-0.29085,0.48118,1.05875
NVDA240719P00685000,NVDA,2024-07-19,685.00,put,5.95,5.58,5.45,17,5.70,21,8,203,2024-05-17,0.50755,-0.05792,0.00059,-0.17074,0.44518,-0.10152
NVDA240719C00690000,NVDA,2024-07-19,690.00,call,265.44,247.68,247.10,5,248.25,1,1,328,2024-05-17,0.52706,0.93176,0.00065,-0.30125,0.50586,1.05965
NVDA240719P00690000,NVDA,2024-07-19,690.00,put,5.71,5.92,5.75,13,6.10,8,4,387,2024-05-17,0.50755,-0.06203,0.00063,-0.18000,0.46971,-0.10884
NVDA240719C00695000,NVDA,2024-07-19,695.00,call,263.85,243.10,242.55,5,243.65,1,0,576,2024-05-17,0.52706,0.92731,0.00068,-0.31182,0.53102,1.06020
NVDA240719P00695000,NVDA,2024-07-19,695.00,put,6.05,6.28,5.90,7,6.65,7,60,1127,2024-05-17,0.50755,-0.06632,0.00066,-0.18947,0.49482,-0.11651
NVDA240719C00700000,NVDA,2024-07-19,700.00,call,239.63,238.55,237.20,5,239.90,1,36,1162,2024-05-17,0.52706,0.92268,0.00072,-0.32256,0.55665,1.06040
NVDA240719P00700000,NVDA,2024-07-19,700.00,put,6.72,6.72,6.60,2,6.85,4,349,3403,2024-05-17,0.50755,-0.07081,0.00069,-0.19912,0.52048,-0.12455
NVDA240719C00705000,NVDA,2024-07-19,705.00,call,231.95,234.07,233.45,5,234.70,1,1,64,2024-05-17,0.52706,0.91786,0.00075,-0.33345,0.58270,1.06026
NVDA240719P00705000,NVDA,2024-07-19,705.00,put,7.15,7.08,6.65,6,7.50,7,12,180,2024-05-17,0.50755,-0.07550,0.00073,-0.20895,0.54664,-0.13294
NVDA240719C00710000,NVDA,2024-07-19,710.00,call,226.75,229.52,228.85,5,230.20,1,4,37,2024-05-17,0.50755,0.91961,0.00077,-0.32166,0.57327,1.07255
NVDA240719P00710000,NVDA,2024-07-19,710.00,put,8.15,7.65,7.50,4,7.80,34,6,121,2024-05-17,0.50755,-0.08039,0.00077,-0.21893,0.57327,-0.14171
NVDA240719C00715000,NVDA,2024-07-19,715.00,call,221.25,225.12,224.50,5,225.75,1,1,50,2024-05-17,0.50755,0.91453,0.00080,-0.33251,0.60032,1.07196
NVDA240719P00715000,NVDA,2024-07-19,715.00,put,8.82,8.12,7.95,34,8.30,15,4,175,2024-05-17,0.50755,-0.08547,0.00080,-0.22906,0.60032,-0.15085
NVDA240719C00720000,NVDA,2024-07-19,720.00,call,222.90,220.65,220.10,5,221.20,1,7,446,2024-05-17,0.50755,0.90925,0.00084,-0.34349,0.62777,1.07100
NVDA240719P00720000,NVDA,2024-07-19,720.00,put,8.62,8.65,8.50,25,8.80,37,14,1027,2024-05-17,0.50755,-0.09075,0.00084,-0.23931,0.62777,-0.16036
NVDA240719C00725000,NVDA,2024-07-19,725.00,call,217.60,216.30,215.70,5,216.90,1,6,63,2024-05-17,0.50755,0.90377,0.00087,-0.35457,0.65556,1.06966
NVDA240719P00725000,NVDA,2024-07-19,725.00,put,9.46,9.20,9.00,6,9.40,5,17,147,2024-05-17,0.50755,-0.09623,0.00087,-0.24967,0.65556,-0.17026
NVDA240719C00730000,NVDA,2024-07-19,730.00,call,211.90,211.90,211.35,5,212.45,1,16,75,2024-05-17,0.50755,0.89809,0.00091,-0.36573,0.68364,1.06793
NVDA240719P00730000,NVDA,2024-07-19,730.00,put,9.89,9.77,9.60,2,9.95,5,20,1354,2024-05-17,0.50755,-0.10191,0.00091,-0.26011,0.68364,-0.18053
NVDA240719C00735000,NVDA,2024-07-19,735.00,call,209.10,207.57,207.05,5,208.10,1,5,55,2024-05-17,0.50755,0.89221,0.00095,-0.37697,0.71198,1.06583
NVDA240719P00735000,NVDA,2024-07-19,735.00,put,10.40,10.25,9.90,7,10.60,7,17,73,2024-05-17,0.48804,-0.10034,0.00094,-0.24685,0.67595,-0.17695
NVDA240719C00740000,NVDA,2024-07-19,740.00,call,211.61,203.02,201.95,13,204.10,15,1,855,2024-05-17,0.50755,0.88613,0.00099,-0.38826,0.74052,1.06335
NVDA240719P00740000,NVDA,2024-07-19,740.00,put,11.12,10.90,10.55,1,11.25,20,27,1650,2024-05-17,0.48804,-0.10635,0.00098,-0.25722,0.70511,-0.18778
NVDA240719C00745000,NVDA,2024-07-19,745.00,call,199.80,198.95,198.40,1,199.50,1,14,64,2024-05-17,0.50755,0.87986,0.00103,-0.39957,0.76921,1.06049
NVDA240719P00745000,NVDA,2024-07-19,745.00,put,11.45,11.80,11.65,9,11.95,34,19,144,2024-05-17,0.48804,-0.11257,0.00102,-0.26766,0.73450,-0.19901
NVDA240719C00750000,NVDA,2024-07-19,750.00,call,196.35,194.72,194.20,5,195.25,1,74,173,2024-05-17,0.50755,0.87339,0.00107,-0.41089,0.79800,1.05724
NVDA240719P00750000,NVDA,2024-07-19,750.00,put,12.45,12.47,12.25,6,12.70,15,609,945,2024-05-17,0.48804,-0.11901,0.00106,-0.27813,0.76407,-0.21065
NVDA240719C00755000,NVDA,2024-07-19,755.00,call,192.56,190.65,190.20,1,191.10,1,4,66,2024-05-17,0.50755,0.86673,0.00110,-0.42221,0.82684,1.05362
NVDA240719P00755000,NVDA,2024-07-19,755.00,put,13.38,13.32,13.15,12,13.50,33,225,171,2024-05-17,0.48804,-0.12565,0.00110,-0.28861,0.79377,-0.22270
NVDA240719C00760000,NVDA,2024-07-19,760.00,call,189.16,186.53,185.25,5,187.80,2,24,829,2024-05-17,0.50755,0.85987,0.00114,-0.43349,0.85569,1.04962
NVDA240719P00760000,NVDA,2024-07-19,760.00,put,14.20,14.05,13.55,78,14.55,15,106,1354,2024-05-17,0.48804,-0.13250,0.00114,-0.29909,0.82354,-0.23514
NVDA240719C00765000,NVDA,2024-07-19,765.00,call,183.90,182.35,181.80,1,182.90,1,5,80,2024-05-17,0.50755,0.85283,0.00118,-0.44471,0.88448,1.04525
NVDA240719P00765000,NVDA,2024-07-19,765.00,put,14.60,15.00,14.80,10,15.20,6,14,122,2024-05-17,0.48804,-0.13956,0.00118,-0.30954,0.85332,-0.24799
NVDA240719C00770000,NVDA,2024-07-19,770.00,call,178.94,178.38,177.90,5,178.85,1,5,71,2024-05-17,0.50755,0.84560,0.00122,-0.45587,0.91317,1.04051
NVDA240719P00770000,NVDA,2024-07-19,770.00,put,16.17,15.97,15.80,14,16.15,18,11,362,2024-05-17,0.48804,-0.14682,0.00123,-0.31994,0.88306,-0.26124
NVDA240719C00775000,NVDA,2024-07-19,775.00,call,180.50,174.40,173.90,5,174.90,2,2,87,2024-05-17,0.50755,0.83819,0.00126,-0.46693,0.94170,1.03540
NVDA240719P00775000,NVDA,2024-07-19,775.00,put,18.01,16.93,16.75,1,17.10,4,57,390,2024-05-17,0.48804,-0.15428,0.00127,-0.33026,0.91270,-0.27488
NVDA240719C00780000,NVDA,2024-07-19,780.00,call,167.65,170.20,169.25,37,171.15,3,5,835,2024-05-17,0.48804,0.83807,0.00131,-0.45335,0.94219,1.04505
NVDA240719P00780000,NVDA,2024-07-19,780.00,put,18.21,17.92,17.70,6,18.15,15,410,2171,2024-05-17,0.48804,-0.16193,0.00131,-0.34049,0.94219,-0.28892
NVDA240719C00785000,NVDA,2024-07-19,785.00,call,183.70,166.55,166.05,1,167.05,1,0,70,2024-05-17,0.48804,0.83022,0.00135,-0.46419,0.97146,1.03919
NVDA240719P00785000,NVDA,2024-07-19,785.00,put,17.35,18.98,18.75,10,19.20,16,86,225,2024-05-17,0.48804,-0.16978,0.00135,-0.35061,0.97146,-0.30334
NVDA240719C00790000,NVDA,2024-07-19,790.00,call,165.60,162.70,162.20,1,163.20,2,2,68,2024-05-17,0.48804,0.82218,0.00139,-0.47490,1.00046,1.03294
NVDA240719P00790000,NVDA,2024-07-19,790.00,put,20.38,20.12,19.90,4,20.35,15,16,224,2024-05-17,0.48804,-0.17782,0.00139,-0.36059,1.00046,-0.31814
NVDA240719C00795000,NVDA,2024-07-19,795.00,call,159.50,158.85,158.30,1,159.40,1,2,86,2024-05-17,0.48804,0.81396,0.00143,-0.48544,1.02913,1.02631
NVDA240719P00795000,NVDA,2024-07-19,795.00,put,21.25,21.27,21.05,10,21.50,6,20,176,2024-05-17,0.48804,-0.18604,0.00143,-0.37042,1.02913,-0.33331
NVDA240719C00800000,NVDA,2024-07-19,800.00,call,157.24,155.18,154.65,5,155.70,1,58,4500,2024-05-17,0.48804,0.80557,0.00147,-0.49581,1.05743,1.01932
NVDA240719P00800000,NVDA,2024-07-19,800.00,put,22.77,22.25,21.80,2,22.70,6,625,3417,2024-05-17,0.48804,-0.19443,0.00147,-0.38006,1.05743,-0.34885
NVDA240719C00805000,NVDA,2024-07-19,805.00,call,158.95,151.50,151.05,1,151.95,1,4,141,2024-05-17,0.48804,0.79700,0.00151,-0.50598,1.08529,1.01198
NVDA240719P00805000,NVDA,2024-07-19,805.00,put,23.73,23.77,23.55,6,24.00,10,4,177,2024-05-17,0.48804,-0.20300,0.00151,-0.38951,1.08529,-0.36475
NVDA240719C00810000,NVDA,2024-07-19,810.00,call,149.08,147.78,147.25,1,148.30,1,8,323,2024-05-17,0.48804,0.78826,0.00154,-0.51593,1.11266,1.00427
NVDA240719P00810000,NVDA,2024-07-19,810.00,put,25.05,25.10,24.85,4,25.35,15,13,744,2024-05-17,0.48804,-0.21174,0.00154,-0.39873,1.11266,-0.38101
NVDA240719C00815000,NVDA,2024-07-19,815.00,call,149.60,144.20,143.70,5,144.70,2,2,62,2024-05-17,0.48804,0.77937,0.00158,-0.52565,1.13950,0.99623
NVDA240719P00815000,NVDA,2024-07-19,815.00,put,26.24,26.45,26.20,2,26.70,5,13,176,2024-05-17,0.48804,-0.22063,0.00158,-0.40772,1.13950,-0.39760
NVDA240719C00820000,NVDA,2024-07-19,820.00,call,142.11,140.78,139.55,5,142.00,5,18,1334,2024-05-17,0.48804,0.77032,0.00162,-0.53510,1.16575,0.98785
NVDA240719P00820000,NVDA,2024-07-19,820.00,put,27.85,27.90,27.65,1,28.15,15,42,1084,2024-05-17,0.48804,-0.22968,0.00162,-0.41646,1.16575,-0.41453
NVDA240719C00825000,NVDA,2024-07-19,825.00,call,148.89,137.20,136.70,5,137.70,2,3,121,2024-05-17,0.48804,0.76112,0.00165,-0.54429,1.19136,0.97915
NVDA240719P00825000,NVDA,2024-07-19,825.00,put,29.85,29.38,29.10,2,29.65,2,5,195,2024-05-17,0.48804,-0.23888,0.00165,-0.42492,1.19136,-0.43178
NVDA240719C00830000,NVDA,2024-07-19,830.00,call,136.00,133.80,133.35,1,134.25,2,19,274,2024-05-17,0.48804,0.75178,0.00169,-0.55318,1.21629,0.97013
NVDA240719P00830000,NVDA,2024-07-19,830.00,put,30.67,30.92,30.65,10,31.20,2,54,428,2024-05-17,0.48804,-0.24822,0.00169,-0.43309,1.21629,-0.44935
NVDA240719C00835000,NVDA,2024-07-19,835.00,call,127.70,130.40,129.95,5,130.85,1,5,168,2024-05-17,0.48804,0.74231,0.00172,-0.56177,1.24050,0.96082
NVDA240719P00835000,NVDA,2024-07-19,835.00,put,32.78,32.52,32.25,10,32.80,15,31,113,2024-05-17,0.48804,-0.25769,0.00172,-0.44096,1.24050,-0.46722
NVDA240719C00840000,NVDA,2024-07-19,840.00,call,127.35,126.75,125.80,5,127.70,2,7,2651,2024-05-17,0.48804,0.73271,0.00175,-0.57004,1.26394,0.95120
NVDA240719P00840000,NVDA,2024-07-19,840.00,put,34.15,34.15,33.35,2,34.95,2,221,3341,2024-05-17,0.48804,-0.26729,0.00175,-0.44850,1.26394,-0.48538
NVDA240719C00845000,NVDA,2024-07-19,845.00,call,121.95,123.78,123.30,10,124.25,1,1,91,2024-05-17,0.48804,0.72300,0.00179,-0.57797,1.28657,0.94131
NVDA240719P00845000,NVDA,2024-07-19,845.00,put,37.21,35.88,35.60,5,36.15,5,63,243,2024-05-17,0.48804,-0.27700,0.00179,-0.45570,1.28657,-0.50382
NVDA240719C00850000,NVDA,2024-07-19,850.00,call,120.37,120.62,120.20,5,121.05,3,26,280,2024-05-17,0.48804,0.71317,0.00182,-0.58555,1.30837,0.93115
NVDA240719P00850000,NVDA,2024-07-19,850.00,put,37.61,37.78,37.60,3,37.95,2,535,1536,2024-05-17,0.48804,-0.28683,0.00182,-0.46256,1.30837,-0.52254
NVDA240719C00855000,NVDA,2024-07-19,855.00,call,118.48,117.43,116.95,2,117.90,2,5,105,2024-05-17,0.48804,0.70324,0.00185,-0.59277,1.32928,0.92073
NVDA240719P00855000,NVDA,2024-07-19,855.00,put,39.36,39.45,39.15,10,39.75,5,53,155,2024-05-17,0.48804,-0.29676,0.00185,-0.46906,1.32928,-0.54151
NVDA240719C00860000,NVDA,2024-07-19,860.00,call,115.30,114.30,113.40,2,115.20,15,4,1104,2024-05-17,0.48804,0.69322,0.00187,-0.59961,1.34928,0.91007
NVDA240719P00860000,NVDA,2024-07-19,860.00,put,41.46,41.08,40.45,3,41.70,5,68,1436,2024-05-17,0.48804,-0.30678,0.00187,-0.47518,1.34928,-0.56072
NVDA240719C00865000,NVDA,2024-07-19,865.00,call,114.75,111.28,110.80,7,111.75,6,1,177,2024-05-17,0.48804,0.68310,0.00190,-0.60607,1.36834,0.89917
NVDA240719P00865000,NVDA,2024-07-19,865.00,put,41.00,43.28,42.95,4,43.60,2,9,452,2024-05-17,0.48804,-0.31690,0.00190,-0.48092,1.36834,-0.58017
NVDA240719C00870000,NVDA,2024-07-19,870.00,call,106.50,108.33,107.90,1,108.75,1,28,329,2024-05-17,0.48804,0.67291,0.00192,-0.61214,1.38644,0.88805
NVDA240719P00870000,NVDA,2024-07-19,870.00,put,44.90,45.28,44.95,10,45.60,2,167,271,2024-05-17,0.48804,-0.32709,0.00192,-0.48626,1.38644,-0.59984
NVDA240719C00875000,NVDA,2024-07-19,875.00,call,110.00,105.32,104.85,5,105.80,1,6,269,2024-05-17,0.48804,0.66265,0.00195,-0.61781,1.40355,0.87673
NVDA240719P00875000,NVDA,2024-07-19,875.00,put,47.50,47.33,47.00,5,47.65,2,20,157,2024-05-17,0.48804,-0.33735,0.00195,-0.49121,1.40355,-0.61972
NVDA240719C00880000,NVDA,2024-07-19,880.00,call,102.41,102.60,101.85,12,103.35,1,117,1245,2024-05-17,0.48804,0.65232,0.00197,-0.62307,1.41964,0.86521
NVDA240719P00880000,NVDA,2024-07-19,880.00,put,49.42,49.35,48.45,5,50.25,5,308,2301,2024-05-17,0.48804,-0.34768,0.00197,-0.49574,1.41964,-0.63979
NVDA240719C00885000,NVDA,2024-07-19,885.00,call,101.33,99.65,99.30,8,100.00,1,129,320,2024-05-17,0.48804,0.64194,0.00199,-0.62791,1.43470,0.85351
NVDA240719P00885000,NVDA,2024-07-19,885.00,put,50.62,51.58,51.25,2,51.90,4,8,198,2024-05-17,0.48804,-0.35806,0.00199,-0.49986,1.43470,-0.66004
NVDA240719C00890000,NVDA,2024-07-19,890.00,call,102.68,96.83,96.45,5,97.20,1,25,391,2024-05-17,0.48804,0.63152,0.00201,-0.63234,1.44871,0.84164
NVDA240719P00890000,NVDA,2024-07-19,890.00,put,52.79,53.78,53.45,5,54.10,4,14,214,2024-05-17,0.48804,-0.36848,0.00201,-0.50356,1.44871,-0.68046
NVDA240719C00895000,NVDA,2024-07-19,895.00,call,95.78,94.15,93.80,3,94.50,1,17,706,2024-05-17,0.48804,0.62105,0.00203,-0.63633,1.46166,0.82962
NVDA240719P00895000,NVDA,2024-07-19,895.00,put,52.60,56.05,55.70,4,56.40,4,3,140,2024-05-17,0.48804,-0.37895,0.00203,-0.50684,1.46166,-0.70103
NVDA240719C00900000,NVDA,2024-07-19,900.00,call,91.44,91.50,91.15,3,91.85,1,336,8817,2024-05-17,0.48804,0.61055,0.00205,-0.63990,1.47353,0.81745
NVDA240719P00900000,NVDA,2024-07-19,900.00,put,58.60,58.40,57.45,1,59.35,2,209,1492,2024-05-17,0.48804,-0.38945,0.00205,-0.50968,1.47353,-0.72175
NVDA240719C00905000,NVDA,2024-07-19,905.00,call,89.40,88.85,88.50,1,89.20,1,11,558,2024-05-17,0.48804,0.60004,0.00206,-0.64304,1.48433,0.80516
NVDA240719P00905000,NVDA,2024-07-19,905.00,put,61.38,60.75,60.40,5,61.10,4,29,463,2024-05-17,0.48804,-0.39996,0.00206,-0.51210,1.48433,-0.74259
NVDA240719C00910000,NVDA,2024-07-19,910.00,call,88.00,86.35,86.05,1,86.65,1,58,658,2024-05-17,0.48804,0.58950,0.00207,-0.64575,1.49403,0.79275
NVDA240719P00910000,NVDA,2024-07-19,910.00,put,62.94,63.20,62.85,5,63.55,4,24,162,2024-05-17,0.48804,-0.41050,0.00207,-0.51409,1.49403,-0.76356
NVDA240719C00915000,NVDA,2024-07-19,915.00,call,84.75,83.80,83.45,3,84.15,1,14,406,2024-05-17,0.48804,0.57896,0.00209,-0.64803,1.50265,0.78023
NVDA240719P00915000,NVDA,2024-07-19,915.00,put,64.87,65.67,65.30,2,66.05,2,38,154,2024-05-17,0.48804,-0.42104,0.00209,-0.51564,1.50265,-0.78462
NVDA240719C00920000,NVDA,2024-07-19,920.00,call,80.84,81.33,80.95,1,81.70,2,161,2136,2024-05-17,0.48804,0.56842,0.00210,-0.64988,1.51017,0.76763
NVDA240719P00920000,NVDA,2024-07-19,920.00,put,68.42,68.22,67.85,2,68.60,2,106,575,2024-05-17,0.48804,-0.43158,0.00210,-0.51676,1.51017,-0.80578
NVDA240719C00925000,NVDA,2024-07-19,925.00,call,78.37,78.95,78.60,1,79.30,2,277,179,2024-05-17,0.48804,0.55789,0.00211,-0.65130,1.51660,0.75494
NVDA240719P00925000,NVDA,2024-07-19,925.00,put,71.00,70.83,70.45,2,71.20,4,74,107,2024-05-17,0.48804,-0.44211,0.00211,-0.51746,1.51660,-0.82701
NVDA240719C00930000,NVDA,2024-07-19,930.00,call,76.28,76.65,76.35,1,76.95,2,861,1708,2024-05-17,0.48804,0.54738,0.00211,-0.65229,1.52195,0.74220
NVDA240719P00930000,NVDA,2024-07-19,930.00,put,73.27,73.45,73.10,5,73.80,1,203,243,2024-05-17,0.48804,-0.45262,0.00211,-0.51773,1.52195,-0.84831
NVDA240719C00935000,NVDA,2024-07-19,935.00,call,74.95,74.35,74.05,1,74.65,2,110,136,2024-05-17,0.48804,0.53689,0.00212,-0.65286,1.52621,0.72940
NVDA240719P00935000,NVDA,2024-07-19,935.00,put,78.75,76.15,75.80,5,76.50,1,9,186,2024-05-17,0.48804,-0.46311,0.00212,-0.51757,1.52621,-0.86966
NVDA240719C00940000,NVDA,2024-07-19,940.00,call,72.77,72.10,71.80,4,72.40,2,265,2067,2024-05-17,0.48804,0.52643,0.00212,-0.65301,1.52941,0.71656
NVDA240719P00940000,NVDA,2024-07-19,940.00,put,79.80,78.95,78.50,2,79.40,1,513,1553,2024-05-17,0.48804,-0.47357,0.00212,-0.51700,1.52941,-0.89105
NVDA240719C00945000,NVDA,2024-07-19,945.00,call,71.32,69.88,69.55,4,70.20,2,137,284,2024-05-17,0.48804,0.51601,0.00213,-0.65275,1.53154,0.70369
NVDA240719P00945000,NVDA,2024-07-19,945.00,put,81.50,81.72,81.35,5,82.10,4,45,307,2024-05-17,0.48804,-0.48399,0.00213,-0.51601,1.53154,-0.91247
NVDA240719C00950000,NVDA,2024-07-19,950.00,call,67.38,67.72,67.40,1,68.05,1,347,1227,2024-05-17,0.48804,0.50563,0.00213,-0.65207,1.53262,0.69080
NVDA240719P00950000,NVDA,2024-07-19,950.00,put,83.45,84.60,84.20,1,85.00,3,31,393,2024-05-17,0.48804,-0.49437,0.00213,-0.51462,1.53262,-0.93391
NVDA240719C00955000,NVDA,2024-07-19,955.00,call,67.12,65.62,65.30,4,65.95,2,87,158,2024-05-17,0.48804,0.49530,0.00213,-0.65100,1.53266,0.67790
NVDA240719P00955000,NVDA,2024-07-19,955.00,put,84.85,87.50,87.10,1,87.90,4,9,77,2024-05-17,0.48804,-0.50470,0.00213,-0.51282,1.53266,-0.95536
NVDA240719C00960000,NVDA,2024-07-19,960.00,call,64.00,63.33,62.65,2,64.00,1,67,1820,2024-05-17,0.48804,0.48503,0.00213,-0.64953,1.53169,0.66502
NVDA240719P00960000,NVDA,2024-07-19,960.00,put,89.60,90.47,90.05,4,90.90,4,21,523,2024-05-17,0.48804,-0.51497,0.00213,-0.51063,1.53169,-0.97680
NVDA240719C00965000,NVDA,2024-07-19,965.00,call,62.08,61.60,61.25,5,61.95,2,41,65,2024-05-17,0.48804,0.47482,0.00212,-0.64768,1.52972,0.65214
NVDA240719P00965000,NVDA,2024-07-19,965.00,put,85.75,93.53,93.10,1,93.95,1,1,69,2024-05-17,0.48804,-0.52518,0.00212,-0.50805,1.52972,-0.99822
NVDA240719C00970000,NVDA,2024-07-19,970.00,call,59.30,59.62,59.30,7,59.95,2,28,139,2024-05-17,0.48804,0.46468,0.00212,-0.64545,1.52676,0.63930
NVDA240719P00970000,NVDA,2024-07-19,970.00,put,95.21,96.45,95.70,7,97.20,5,9,191,2024-05-17,0.48804,-0.53532,0.00212,-0.50510,1.52676,-1.01962
NVDA240719C00975000,NVDA,2024-07-19,975.00,call,57.54,57.72,57.40,5,58.05,2,63,145,2024-05-17,0.48804,0.45462,0.00211,-0.64285,1.52284,0.62649
NVDA240719P00975000,NVDA,2024-07-19,975.00,put,94.50,99.62,98.80,12,100.45,14,3,80,2024-05-17,0.48804,-0.54538,0.00211,-0.50177,1.52284,-1.04098
NVDA240719C00980000,NVDA,2024-07-19,980.00,call,56.55,55.90,55.50,8,56.30,4,46,778,2024-05-17,0.48804,0.44463,0.00211,-0.63989,1.51798,0.61372
NVDA240719P00980000,NVDA,2024-07-19,980.00,put,94.05,102.85,102.00,2,103.70,7,2,188,2024-05-17,0.48804,-0.55537,0.00211,-0.49809,1.51798,-1.06230
NVDA240719C00985000,NVDA,2024-07-19,985.00,call,55.21,54.08,53.75,2,54.40,4,23,143,2024-05-17,0.48804,0.43473,0.00210,-0.63657,1.51221,0.60101
NVDA240719P00985000,NVDA,2024-07-19,985.00,put,100.03,106.00,105.15,6,106.85,14,1,16,2024-05-17,0.48804,-0.56527,0.00210,-0.49405,1.51221,-1.08356
NVDA240719C00990000,NVDA,2024-07-19,990.00,call,52.78,52.35,52.05,4,52.65,16,10,609,2024-05-17,0.48804,0.42493,0.00209,-0.63292,1.50555,0.58837
NVDA240719P00990000,NVDA,2024-07-19,990.00,put,112.75,109.30,108.40,6,110.20,7,4,144,2024-05-17,0.48804,-0.57507,0.00209,-0.48968,1.50555,-1.10475
NVDA240719C00995000,NVDA,2024-07-19,995.00,call,51.25,50.58,50.25,2,50.90,2,128,102,2024-05-17,0.48804,0.41521,0.00208,-0.62894,1.49802,0.57580
NVDA240719P00995000,NVDA,2024-07-19,995.00,put,116.15,112.55,111.70,13,113.40,13,20,3,2024-05-17,0.48804,-0.58479,0.00208,-0.48498,1.49802,-1.12587
NVDA240719C01000000,NVDA,2024-07-19,1000.00,call,49.00,48.90,48.60,1,49.20,2,1246,8264,2024-05-17,0.48804,0.40560,0.00207,-0.62465,1.48966,0.56331
NVDA240719P01000000,NVDA,2024-07-19,1000.00,put,118.76,115.95,115.10,6,116.80,6,53,470,2024-05-17,0.48804,-0.59440,0.00207,-0.47996,1.48966,-1.14691
NVDA240719C01005000,NVDA,2024-07-19,1005.00,call,48.25,47.30,47.00,4,47.60,5,24,2,2024-05-17,0.48804,0.39609,0.00206,-0.62005,1.48048,0.55091
NVDA240719P01005000,NVDA,2024-07-19,1005.00,put,112.30,119.33,118.50,10,120.15,13,1,2,2024-05-17,0.48804,-0.60391,0.00206,-0.47463,1.48048,-1.16786
NVDA240719C01010000,NVDA,2024-07-19,1010.00,call,46.33,45.85,45.20,5,46.50,2,35,792,2024-05-17,0.48804,0.38669,0.00204,-0.61515,1.47052,0.53861
NVDA240719P01010000,NVDA,2024-07-19,1010.00,put,110.80,122.78,121.85,10,123.70,6,0,157,2024-05-17,0.48804,-0.61331,0.00204,-0.46901,1.47052,-1.18871
NVDA240719C01015000,NVDA,2024-07-19,1015.00,call,44.70,44.15,43.85,4,44.45,2,14,82,2024-05-17,0.48804,0.37740,0.00203,-0.60997,1.45981,0.52641
NVDA240719P01015000,NVDA,2024-07-19,1015.00,put,114.00,126.40,125.25,12,127.55,7,0,0,2024-05-17,0.50755,-0.61499,0.00196,-0.48988,1.46865,-1.20225
NVDA240719C01020000,NVDA,2024-07-19,1020.00,call,42.91,42.65,42.35,10,42.95,2,66,575,2024-05-17,0.48804,0.36823,0.00201,-0.60452,1.44838,0.51433
NVDA240719P01020000,NVDA,2024-07-19,1020.00,put,116.10,129.78,128.50,6,131.05,7,0,105,2024-05-17,0.48804,-0.63177,0.00201,-0.45693,1.44838,-1.23010
NVDA240719C01030000,NVDA,2024-07-19,1030.00,call,40.63,39.80,39.50,5,40.10,10,45,322,2024-05-17,0.48804,0.35025,0.00198,-0.59285,1.42347,0.49052
NVDA240719P01030000,NVDA,2024-07-19,1030.00,put,144.92,136.90,135.60,18,138.20,7,0,74,2024-05-17,0.50755,-0.64129,0.00192,-0.47149,1.43560,-1.26232
NVDA240719C01040000,NVDA,2024-07-19,1040.00,call,36.75,37.05,36.75,2,37.35,10,99,689,2024-05-17,0.48804,0.33276,0.00194,-0.58025,1.39603,0.46723
NVDA240719P01040000,NVDA,2024-07-19,1040.00,put,138.85,144.50,143.30,13,145.70,3,0,112,2024-05-17,0.50755,-0.65827,0.00188,-0.45804,1.41051,-1.30180
NVDA240719C01050000,NVDA,2024-07-19,1050.00,call,34.50,34.50,34.20,2,34.80,2,332,2326,2024-05-17,0.48804,0.31579,0.00190,-0.56682,1.36631,0.44451
NVDA240719P01050000,NVDA,2024-07-19,1050.00,put,147.02,152.05,150.95,14,153.15,3,10,135,2024-05-17,0.50755,-0.67477,0.00185,-0.44375,1.38322,-1.34078
NVDA240719C01060000,NVDA,2024-07-19,1060.00,call,32.02,32.10,31.80,4,32.40,6,69,286,2024-05-17,0.48804,0.29935,0.00185,-0.55265,1.33456,0.42238
NVDA240719P01060000,NVDA,2024-07-19,1060.00,put,146.37,159.75,158.60,15,160.90,3,1,134,2024-05-17,0.50755,-0.69078,0.00181,-0.42871,1.35396,-1.37924
NVDA240719C01070000,NVDA,2024-07-19,1070.00,call,30.69,29.83,29.55,4,30.10,2,23,289,2024-05-17,0.48804,0.28347,0.00181,-0.53785,1.30103,0.40089
NVDA240719P01070000,NVDA,2024-07-19,1070.00,put,153.77,167.60,166.45,6,168.75,3,1,118,2024-05-17,0.50755,-0.70630,0.00177,-0.41301,1.32295,-1.41713
NVDA240719C01080000,NVDA,2024-07-19,1080.00,call,28.02,27.73,27.45,10,28.00,10,170,715,2024-05-17,0.48804,0.26814,0.00176,-0.52250,1.26597,0.38006
NVDA240719P01080000,NVDA,2024-07-19,1080.00,put,155.30,175.52,174.35,45,176.70,6,0,65,2024-05-17,0.50755,-0.72130,0.00172,-0.39675,1.29040,-1.45444
NVDA240719C01090000,NVDA,2024-07-19,1090.00,call,25.95,25.75,25.50,4,26.00,2,69,260,2024-05-17,0.48804,0.25338,0.00171,-0.50671,1.22960,0.35990
NVDA240719P01090000,NVDA,2024-07-19,1090.00,put,166.13,183.65,182.55,26,184.75,6,0,92,2024-05-17,0.50755,-0.73579,0.00168,-0.38000,1.25653,-1.49114
NVDA240719C01100000,NVDA,2024-07-19,1100.00,call,23.80,23.85,23.55,2,24.15,4,581,2094,2024-05-17,0.48804,0.23918,0.00165,-0.49057,1.19217,0.34044
NVDA240719P01100000,NVDA,2024-07-19,1100.00,put,191.25,191.72,190.45,6,193.00,3,1,107,2024-05-17,0.50755,-0.74976,0.00163,-0.36285,1.22154,-1.52722
NVDA240719C01110000,NVDA,2024-07-19,1110.00,call,22.50,22.17,21.90,4,22.45,2,9,429,2024-05-17,0.48804,0.22555,0.00160,-0.47415,1.15389,0.32168
NVDA240719P01110000,NVDA,2024-07-19,1110.00,put,215.95,200.32,199.15,25,201.50,3,0,19,2024-05-17,0.50755,-0.76321,0.00158,-0.34539,1.18563,-1.56267
NVDA240719C01120000,NVDA,2024-07-19,1120.00,call,20.45,20.58,20.30,5,20.85,2,18,407,2024-05-17,0.48804,0.21249,0.00155,-0.45755,1.11497,0.30363
NVDA240719P01120000,NVDA,2024-07-19,1120.00,put,224.15,208.90,207.70,12,210.10,3,0,26,2024-05-17,0.52706,-0.76520,0.00152,-0.35964,1.18012,-1.58394
NVDA240719C01130000,NVDA,2024-07-19,1130.00,call,19.01,19.10,18.85,5,19.35,2,260,125,2024-05-17,0.48804,0.19999,0.00149,-0.44084,1.07561,0.28630
NVDA240719P01130000,NVDA,2024-07-19,1130.00,put,194.95,217.50,216.35,5,218.65,6,0,30,2024-05-17,0.52706,-0.77748,0.00147,-0.34210,1.14504,-1.61778
NVDA240719C01140000,NVDA,2024-07-19,1140.00,call,18.15,17.70,17.45,10,17.95,10,24,202,2024-05-17,0.48804,0.18805,0.00144,-0.42409,1.03600,0.26969
NVDA240719P01140000,NVDA,2024-07-19,1140.00,put,242.35,226.00,224.65,3,227.35,6,0,30,2024-05-17,0.52706,-0.78929,0.00143,-0.32442,1.10949,-1.65102
NVDA240719C01150000,NVDA,2024-07-19,1150.00,call,16.36,16.38,15.80,5,16.95,15,71,1095,2024-05-17,0.48804,0.17666,0.00138,-0.40738,0.99632,0.25379
NVDA240719P01150000,NVDA,2024-07-19,1150.00,put,213.07,234.95,233.75,1,236.15,5,0,26,2024-05-17,0.52706,-0.80062,0.00138,-0.30665,1.07362,-1.68367
NVDA240719C01160000,NVDA,2024-07-19,1160.00,call,15.00,15.28,15.05,4,15.50,15,5,131,2024-05-17,0.48804,0.16580,0.00133,-0.39076,0.95673,0.23860
NVDA240719P01160000,NVDA,2024-07-19,1160.00,put,351.80,244.10,243.00,9,245.20,3,0,2,2024-05-17,0.52706,-0.81149,0.00133,-0.28887,1.03758,-1.71573
NVDA240719C01170000,NVDA,2024-07-19,1170.00,call,14.25,14.18,13.95,8,14.40,27,10,279,2024-05-17,0.48804,0.15548,0.00127,-0.37429,0.91738,0.22410
NVDA240719P01170000,NVDA,2024-07-19,1170.00,put,341.08,253.15,252.05,2,254.25,3,0,11,2024-05-17,0.52706,-0.82189,0.00129,-0.27111,1.00149,-1.74720
NVDA240719C01180000,NVDA,2024-07-19,1180.00,call,12.85,13.18,12.95,4,13.40,15,31,329,2024-05-17,0.48804,0.14567,0.00122,-0.35803,0.87841,0.21029
NVDA240719P01180000,NVDA,2024-07-19,1180.00,put,316.98,262.32,261.20,5,263.45,11,0,70,2024-05-17,0.54657,-0.82100,0.00125,-0.28656,1.00465,-1.76409
NVDA240719C01190000,NVDA,2024-07-19,1190.00,call,12.74,12.22,12.00,5,12.45,6,34,687,2024-05-17,0.48804,0.13636,0.00117,-0.34202,0.83994,0.19715
NVDA240719P01190000,NVDA,2024-07-19,1190.00,put,253.70,271.45,270.10,1,272.80,3,0,26,2024-05-17,0.54657,-0.83055,0.00120,-0.26907,0.97024,-1.79436
NVDA240719C01200000,NVDA,2024-07-19,1200.00,call,11.40,11.38,11.20,13,11.55,15,3431,6506,2024-05-17,0.48804,0.12754,0.00111,-0.32630,0.80208,0.18467
NVDA240719P01200000,NVDA,2024-07-19,1200.00,put,291.95,280.68,279.35,2,282.00,2,0,14,2024-05-17,0.54657,-0.83969,0.00116,-0.25170,0.93601,-1.82409
NVDA240719C01210000,NVDA,2024-07-19,1210.00,call,10.50,10.57,10.40,7,10.75,21,32,323,2024-05-17,0.48804,0.11920,0.00106,-0.31091,0.76494,0.17284
NVDA240719P01210000,NVDA,2024-07-19,1210.00,put,341.70,290.00,288.60,2,291.40,5,0,0,2024-05-17,0.54657,-0.84843,0.00112,-0.23450,0.90204,-1.85330
NVDA240719C01220000,NVDA,2024-07-19,1220.00,call,10.15,9.82,9.65,16,10.00,28,28,277,2024-05-17,0.48804,0.11131,0.00101,-0.29588,0.72859,0.16162
NVDA240719P01220000,NVDA,2024-07-19,1220.00,put,300.76,299.30,297.70,2,300.90,12,5,18,2024-05-17,0.56608,-0.84644,0.00109,-0.25071,0.90990,-1.86848
NVDA240719C01230000,NVDA,2024-07-19,1230.00,call,9.30,9.15,9.00,7,9.30,24,9,204,2024-05-17,0.48804,0.10386,0.00096,-0.28124,0.69312,0.15100
NVDA240719P01230000,NVDA,2024-07-19,1230.00,put,288.20,309.12,307.55,3,310.70,2,0,2,2024-05-17,0.56608,-0.85451,0.00105,-0.23385,0.87768,-1.89674
NVDA240719C01240000,NVDA,2024-07-19,1240.00,call,8.45,8.52,8.35,6,8.70,5,60,142,2024-05-17,0.48804,0.09683,0.00091,-0.26702,0.65858,0.14097
NVDA240719P01240000,NVDA,2024-07-19,1240.00,put,447.40,318.65,317.05,12,320.25,2,0,4,2024-05-17,0.58560,-0.85224,0.00103,-0.25045,0.88684,-1.91151
NVDA240719C01250000,NVDA,2024-07-19,1250.00,call,8.25,7.85,7.55,69,8.15,15,53,1061,2024-05-17,0.48804,0.09022,0.00087,-0.25322,0.62504,0.13151
NVDA240719P01250000,NVDA,2024-07-19,1250.00,put,308.60,328.02,326.70,2,329.35,2,0,2,2024-05-17,0.58560,-0.85973,0.00099,-0.23392,0.85627,-1.93893
NVDA240719C01260000,NVDA,2024-07-19,1260.00,call,7.25,7.40,7.25,3,7.55,15,22,202,2024-05-17,0.50755,0.09379,0.00086,-0.27064,0.64328,0.13614
NVDA240719P01260000,NVDA,2024-07-19,1260.00,put,386.52,337.80,336.30,13,339.30,5,0,4,2024-05-17,0.58560,-0.86690,0.00096,-0.21761,0.82609,-1.96593
NVDA240719C01270000,NVDA,2024-07-19,1270.00,call,6.75,6.90,6.75,8,7.05,15,5,129,2024-05-17,0.50755,0.08767,0.00082,-0.25724,0.61184,0.12741
NVDA240719P01270000,NVDA,2024-07-19,1270.00,put,377.45,347.38,345.90,2,348.85,2,0,90,2024-05-17,0.60511,-0.86422,0.00094,-0.23467,0.83748,-1.98005
NVDA240719C01280000,NVDA,2024-07-19,1280.00,call,6.68,6.35,6.20,5,6.50,3,38,188,2024-05-17,0.50755,0.08189,0.00078,-0.24426,0.58136,0.11916
NVDA240719P01280000,NVDA,2024-07-19,1280.00,put,387.12,357.10,355.65,13,358.55,2,0,86,2024-05-17,0.60511,-0.87091,0.00091,-0.21870,0.80884,-2.00635
NVDA240719C01290000,NVDA,2024-07-19,1290.00,call,5.97,6.20,5.95,1,6.45,5,9,300,2024-05-17,0.50755,0.07645,0.00074,-0.23172,0.55186,0.11137
NVDA240719P01290000,NVDA,2024-07-19,1290.00,put,385.97,366.85,365.40,3,368.30,2,0,184,2024-05-17,0.60511,-0.87731,0.00087,-0.20296,0.78065,-2.03229
NVDA240719C01300000,NVDA,2024-07-19,1300.00,call,5.75,5.62,5.35,5,5.90,5,97,1430,2024-05-17,0.50755,0.07133,0.00070,-0.21962,0.52337,0.10402
NVDA240719P01300000,NVDA,2024-07-19,1300.00,put,379.23,376.62,375.25,13,378.00,2,15,329,2024-05-17,0.62462,-0.87434,0.00086,-0.22043,0.79383,-2.04594
NVDA240719C01320000,NVDA,2024-07-19,1320.00,call,5.45,5.00,4.85,1,5.15,5,3,273,2024-05-17,0.50755,0.06198,0.00063,-0.19676,0.46943,0.09058
NVDA240719P01320000,NVDA,2024-07-19,1320.00,put,418.60,396.17,394.70,2,397.65,2,0,111,2024-05-17,0.64413,-0.87727,0.00082,-0.22278,0.78082,-2.08481
NVDA240719C01340000,NVDA,2024-07-19,1340.00,call,4.35,4.38,4.25,37,4.50,26,11,174,2024-05-17,0.50755,0.05373,0.00056,-0.17567,0.41959,0.07869
NVDA240719P01340000,NVDA,2024-07-19,1340.00,put,410.97,415.68,414.00,2,417.35,13,0,2,2024-05-17,0.66364,-0.87977,0.00079,-0.22573,0.76959,-2.12305
NVDA240719C01360000,NVDA,2024-07-19,1360.00,call,3.91,3.95,3.75,29,4.15,15,8,776,2024-05-17,0.52706,0.05372,0.00054,-0.18212,0.41951,0.07842
NVDA240719P01360000,NVDA,2024-07-19,1360.00,put,422.85,435.73,434.10,10,437.35,40,0,3,2024-05-17,0.68315,-0.88190,0.00075,-0.22923,0.75996,-2.16076
NVDA240719C01380000,NVDA,2024-07-19,1380.00,call,3.35,3.45,3.35,1,3.55,43,5,660,2024-05-17,0.52706,0.04682,0.00048,-0.16307,0.37598,0.06848
NVDA240719P01380000,NVDA,2024-07-19,1380.00,put,481.60,455.48,454.00,12,456.95,2,0,0,2024-05-17,0.70267,-0.88370,0.00072,-0.23328,0.75176,-2.19798
NVDA240719C01390000,NVDA,2024-07-19,1390.00,call,3.55,3.12,2.90,5,3.35,5,1,2,2024-05-17,0.52706,0.04368,0.00046,-0.15415,0.35557,0.06395
NVDA240719P01390000,NVDA,2024-07-19,1390.00,put,0.00,464.88,458.65,40,471.10,40,0,0,2024-05-17,0.70267,-0.88846,0.00070,-0.21896,0.72966,-2.22155
NVDA240719C01400000,NVDA,2024-07-19,1400.00,call,3.17,3.04,2.94,18,3.15,2,54,998,2024-05-17,0.52706,0.04074,0.00043,-0.14561,0.33604,0.05969
NVDA240719P01400000,NVDA,2024-07-19,1400.00,put,454.70,474.55,467.10,40,482.00,40,0,0,2024-05-17,0.70267,-0.89306,0.00068,-0.20488,0.70794,-2.24489
NVDA240719C01410000,NVDA,2024-07-19,1410.00,call,3.95,2.78,2.56,9,2.99,21,0,431,2024-05-17,0.52706,0.03797,0.00041,-0.13747,0.31737,0.05569
NVDA240719P01410000,NVDA,2024-07-19,1410.00,put,512.55,484.48,477.00,40,491.95,40,0,0,2024-05-17,0.70267,-0.89748,0.00066,-0.19102,0.68661,-2.26801
NVDA240719C01420000,NVDA,2024-07-19,1420.00,call,2.64,2.71,2.62,24,2.81,2,30,101,2024-05-17,0.52706,0.03538,0.00039,-0.12969,0.29954,0.05194
NVDA240719P01420000,NVDA,2024-07-19,1420.00,put,518.30,494.40,486.95,40,501.85,40,0,0,2024-05-17,0.72218,-0.89410,0.00066,-0.20991,0.70294,-2.28103
NVDA240719C01430000,NVDA,2024-07-19,1430.00,call,2.52,2.57,2.33,14,2.81,14,3,108,2024-05-17,0.52706,0.03296,0.00036,-0.12229,0.28255,0.04841
NVDA240719P01430000,NVDA,2024-07-19,1430.00,put,533.69,504.67,497.45,40,511.90,40,0,0,2024-05-17,0.72218,-0.89832,0.00064,-0.19628,0.68252,-2.30385
NVDA240719C01440000,NVDA,2024-07-19,1440.00,call,3.20,2.34,2.14,5,2.54,24,0,64,2024-05-17,0.52706,0.03068,0.00034,-0.11523,0.26635,0.04511
NVDA240719P01440000,NVDA,2024-07-19,1440.00,put,536.55,514.30,506.85,40,521.75,40,0,0,2024-05-17,0.74169,-0.89493,0.00064,-0.21542,0.69895,-2.31687
NVDA240719C01450000,NVDA,2024-07-19,1450.00,call,2.33,2.31,2.25,29,2.37,1,14,477,2024-05-17,0.52706,0.02856,0.00032,-0.10852,0.25093,0.04202
NVDA240719P01450000,NVDA,2024-07-19,1450.00,put,495.00,524.65,517.40,40,531.90,40,0,0,2024-05-17,0.74169,-0.89896,0.00062,-0.20199,0.67938,-2.33941
NVDA240719C01460000,NVDA,2024-07-19,1460.00,call,2.80,2.12,1.96,14,2.28,33,0,85,2024-05-17,0.52706,0.02657,0.00030,-0.10214,0.23627,0.03912
NVDA240719P01460000,NVDA,2024-07-19,1460.00,put,531.22,534.85,527.40,40,542.30,40,0,1,2024-05-17,0.76120,-0.89557,0.00062,-0.22139,0.69590,-2.35243
NVDA240719C01470000,NVDA,2024-07-19,1470.00,call,2.12,2.00,1.85,15,2.16,21,2,31,2024-05-17,0.54657,0.02959,0.00032,-0.11578,0.25843,0.04339
NVDA240719P01470000,NVDA,2024-07-19,1470.00,put,567.95,544.60,537.40,40,551.80,40,0,0,2024-05-17,0.76120,-0.89942,0.00060,-0.20816,0.67712,-2.37472
NVDA240719C01480000,NVDA,2024-07-19,1480.00,call,2.50,1.97,1.87,32,2.06,26,0,569,2024-05-17,0.54657,0.02763,0.00030,-0.10935,0.24417,0.04056
NVDA240719P01480000,NVDA,2024-07-19,1480.00,put,542.29,554.33,546.85,40,561.80,40,0,0,2024-05-17,0.78071,-0.89602,0.00060,-0.22780,0.69368,-2.38775
NVDA240719C01490000,NVDA,2024-07-19,1490.00,call,1.87,1.80,1.65,15,1.95,29,38,1693,2024-05-17,0.54657,0.02580,0.00029,-0.10323,0.23057,0.03790
NVDA240719P01490000,NVDA,2024-07-19,1490.00,put,598.05,564.58,557.30,40,571.85,40,0,0,2024-05-17,0.78071,-0.89972,0.00059,-0.21476,0.67564,-2.40981
NVDA240719C01500000,NVDA,2024-07-19,1500.00,call,1.82,1.81,1.78,1,1.84,28,325,1550,2024-05-17,0.54657,0.02408,0.00027,-0.09740,0.21763,0.03540
NVDA240719P01500000,NVDA,2024-07-19,1500.00,put,601.49,574.50,567.20,40,581.80,40,0,0,2024-05-17,0.80022,-0.89632,0.00059,-0.23465,0.69223,-2.42285
NVDA240719C01510000,NVDA,2024-07-19,1510.00,call,0.00,1.69,1.60,5,1.77,41,0,0,2024-05-17,0.54657,0.02247,0.00025,-0.09186,0.20532,0.03306
NVDA240719P01510000,NVDA,2024-07-19,1510.00,put,0.00,584.60,577.40,40,591.80,40,0,0,2024-05-17,0.80022,-0.89988,0.00057,-0.22178,0.67487,-2.44470
NVDA240719C01520000,NVDA,2024-07-19,1520.00,call,2.33,1.54,1.40,15,1.69,21,0,117,2024-05-17,0.54657,0.02097,0.00024,-0.08660,0.19361,0.03086
NVDA240719P01520000,NVDA,2024-07-19,1520.00,put,641.59,594.58,587.35,40,601.80,40,0,0,2024-05-17,0.81974,-0.89648,0.00057,-0.24193,0.69147,-2.45775
NVDA240719C01530000,NVDA,2024-07-19,1530.00,call,0.00,1.52,1.44,36,1.61,37,0,0,2024-05-17,0.54657,0.01955,0.00023,-0.08160,0.18249,0.02880
NVDA240719P01530000,NVDA,2024-07-19,1530.00,put,0.00,604.40,596.90,40,611.90,40,0,0,2024-05-17,0.81974,-0.89990,0.00056,-0.22922,0.67475,-2.47940
NVDA240719C01540000,NVDA,2024-07-19,1540.00,call,1.60,1.38,1.22,16,1.53,20,10,130,2024-05-17,0.54657,0.01823,0.00021,-0.07685,0.17193,0.02687
NVDA240719P01540000,NVDA,2024-07-19,1540.00,put,619.85,614.28,606.85,40,621.70,40,0,0,2024-05-17,0.81974,-0.90322,0.00054,-0.21669,0.65829,-2.50092
NVDA240719C01550000,NVDA,2024-07-19,1550.00,call,1.44,1.40,1.35,31,1.45,23,6,0,2024-05-17,0.56608,0.02071,0.00023,-0.08867,0.19164,0.03041
NVDA240719P01550000,NVDA,2024-07-19,1550.00,put,0.00,624.28,616.85,40,631.70,40,0,0,2024-05-17,0.83925,-0.89981,0.00055,-0.23706,0.67522,-2.51395
NVDA240719C01560000,NVDA,2024-07-19,1560.00,call,1.42,1.26,1.13,16,1.40,36,6,973,2024-05-17,0.56608,0.01939,0.00022,-0.08381,0.18118,0.02848
NVDA240719P01560000,NVDA,2024-07-19,1560.00,put,645.91,634.25,626.85,40,641.65,40,0,0,2024-05-17,0.83925,-0.90301,0.00053,-0.22468,0.65935,-2.53530
NVDA240719C01570000,NVDA,2024-07-19,1570.00,call,1.40,1.19,1.04,16,1.33,21,1,1,2024-05-17,0.56608,0.01814,0.00020,-0.07918,0.17122,0.02667
NVDA240719P01570000,NVDA,2024-07-19,1570.00,put,0.00,644.25,636.85,40,651.65,40,0,0,2024-05-17,0.85876,-0.89960,0.00053,-0.24529,0.67623,-2.54834
NVDA240719C01580000,NVDA,2024-07-19,1580.00,call,1.25,1.13,0.98,16,1.28,35,5,113,2024-05-17,0.56608,0.01697,0.00019,-0.07478,0.16176,0.02496
NVDA240719P01580000,NVDA,2024-07-19,1580.00,put,673.59,654.25,646.85,40,661.65,40,0,0,2024-05-17,0.85876,-0.90270,0.00052,-0.23305,0.66091,-2.56953
NVDA240719C01590000,NVDA,2024-07-19,1590.00,call,1.23,1.15,1.08,6,1.22,42,2,0,2024-05-17,0.56608,0.01587,0.00018,-0.07061,0.15275,0.02336
NVDA240719P01590000,NVDA,2024-07-19,1590.00,put,0.00,664.25,656.85,40,671.65,40,0,0,2024-05-17,0.87827,-0.89930,0.00052,-0.25392,0.67775,-2.58261
NVDA240719C01600000,NVDA,2024-07-19,1600.00,call,1.03,1.12,1.07,21,1.17,49,594,669,2024-05-17,0.56608,0.01484,0.00017,-0.06664,0.14420,0.02186
NVDA240719P01600000,NVDA,2024-07-19,1600.00,put,709.17,674.28,666.85,40,681.70,40,0,0,2024-05-17,0.87827,-0.90229,0.00051,-0.24181,0.66293,-2.60365
NVDA240719C01620000,NVDA,2024-07-19,1620.00,call,1.26,0.94,0.80,18,1.07,24,0,53,2024-05-17,0.56608,0.01297,0.00015,-0.05930,0.12838,0.01913
NVDA240719P01620000,NVDA,2024-07-19,1620.00,put,739.30,694.20,686.70,40,701.70,40,0,0,2024-05-17,0.89778,-0.90180,0.00050,-0.25095,0.66538,-2.63766
NVDA240719C01640000,NVDA,2024-07-19,1640.00,call,1.10,0.93,0.86,1,0.99,20,0,355,2024-05-17,0.58560,0.01407,0.00016,-0.06575,0.13771,0.02068
NVDA240719P01640000,NVDA,2024-07-19,1640.00,put,751.83,714.22,706.80,40,721.65,40,0,0,2024-05-17,0.91729,-0.90123,0.00049,-0.26045,0.66822,-2.67156
NVDA240719C01650000,NVDA,2024-07-19,1650.00,call,0.89,0.90,0.85,33,0.95,50,23,265,2024-05-17,0.58560,0.01320,0.00015,-0.06221,0.13032,0.01941
NVDA240719P01650000,NVDA,2024-07-19,1650.00,put,759.50,724.50,717.35,40,731.65,40,0,0,2024-05-17,0.93681,-0.89784,0.00050,-0.28206,0.68487,-2.68471
NVDA240719C01660000,NVDA,2024-07-19,1660.00,call,0.92,0.78,0.65,18,0.91,38,1,21,2024-05-17,0.56608,0.00988,0.00012,-0.04677,0.10136,0.01461
NVDA240719P01660000,NVDA,2024-07-19,1660.00,put,743.85,734.53,727.35,40,741.70,40,0,0,2024-05-17,0.93681,-0.90058,0.00049,-0.27032,0.67142,-2.70537
NVDA240719C01670000,NVDA,2024-07-19,1670.00,call,0.91,0.74,0.62,19,0.87,35,0,55,2024-05-17,0.58560,0.01161,0.00013,-0.05564,0.11661,0.01709
NVDA240719P01670000,NVDA,2024-07-19,1670.00,put,784.20,744.53,737.35,40,751.70,40,0,0,2024-05-17,0.93681,-0.90325,0.00048,-0.25872,0.65816,-2.72594
NVDA240719C01680000,NVDA,2024-07-19,1680.00,call,0.82,0.77,0.70,1,0.84,46,7,58,2024-05-17,0.58560,0.01089,0.00013,-0.05260,0.11026,0.01603
NVDA240719P01680000,NVDA,2024-07-19,1680.00,put,773.61,754.55,747.35,40,761.75,40,0,0,2024-05-17,0.95632,-0.89986,0.00048,-0.28055,0.67496,-2.73909
NVDA240719C01690000,NVDA,2024-07-19,1690.00,call,0.82,0.69,0.56,19,0.81,38,1,54,2024-05-17,0.58560,0.01020,0.00012,-0.04971,0.10423,0.01504
NVDA240719P01690000,NVDA,2024-07-19,1690.00,put,807.30,764.55,757.35,40,771.75,40,0,0,2024-05-17,0.95632,-0.90246,0.00047,-0.26905,0.66210,-2.75956
NVDA240719C01700000,NVDA,2024-07-19,1700.00,call,0.83,0.72,0.65,5,0.78,33,11,170,2024-05-17,0.58560,0.00956,0.00011,-0.04697,0.09850,0.01410
NVDA240719P01700000,NVDA,2024-07-19,1700.00,put,801.46,774.50,767.25,40,781.75,40,0,0,2024-05-17,0.97583,-0.89908,0.00047,-0.29113,0.67881,-2.77273
NVDA240719C01710000,NVDA,2024-07-19,1710.00,call,1.08,0.62,0.50,20,0.75,30,0,64,2024-05-17,0.58560,0.00896,0.00011,-0.04437,0.09306,0.01322
NVDA240719P01710000,NVDA,2024-07-19,1710.00,put,826.45,784.50,777.25,40,791.75,40,0,0,2024-05-17,0.97583,-0.90161,0.00046,-0.27974,0.66632,-2.79310
NVDA240719C01720000,NVDA,2024-07-19,1720.00,call,0.80,0.66,0.60,1,0.72,38,0,80,2024-05-17,0.58560,0.00840,0.00010,-0.04190,0.08790,0.01240
NVDA240719P01720000,NVDA,2024-07-19,1720.00,put,824.65,794.50,787.25,40,801.75,40,0,0,2024-05-17,0.97583,-0.90408,0.00045,-0.26848,0.65399,-2.81339
NVDA240719C01730000,NVDA,2024-07-19,1730.00,call,0.78,0.65,0.45,17,0.85,20,0,20,2024-05-17,0.60511,0.00993,0.00011,-0.05010,0.10176,0.01460
NVDA240719P01730000,NVDA,2024-07-19,1730.00,put,845.60,804.50,797.25,40,811.75,40,0,0,2024-05-17,0.99534,-0.90070,0.00046,-0.29077,0.67081,-2.82658
NVDA240719C01740000,NVDA,2024-07-19,1740.00,call,0.73,0.62,0.43,5,0.82,21,0,44,2024-05-17,0.60511,0.00934,0.00011,-0.04748,0.09644,0.01374
NVDA240719P01740000,NVDA,2024-07-19,1740.00,put,855.30,814.50,807.25,40,821.75,40,0,0,2024-05-17,0.99534,-0.90312,0.00045,-0.27960,0.65883,-2.84678
NVDA240719C01750000,NVDA,2024-07-19,1750.00,call,0.50,0.59,0.53,5,0.65,45,4,387,2024-05-17,0.60511,0.00878,0.00010,-0.04498,0.09138,0.01292
NVDA240719P01750000,NVDA,2024-07-19,1750.00,put,843.40,824.50,817.25,40,831.75,40,0,0,2024-05-17,1.01485,-0.89974,0.00045,-0.30214,0.67554,-2.85999
NVDA240719C01760000,NVDA,2024-07-19,1760.00,call,0.67,0.50,0.38,23,0.62,39,0,85,2024-05-17,0.58560,0.00647,0.00008,-0.03326,0.06981,0.00957
NVDA240719P01760000,NVDA,2024-07-19,1760.00,put,885.00,834.50,827.25,40,841.75,40,0,0,2024-05-17,1.01485,-0.90210,0.00044,-0.29106,0.66389,-2.88010
NVDA240719C01770000,NVDA,2024-07-19,1770.00,call,0.50,0.54,0.48,1,0.60,41,40,65,2024-05-17,0.60511,0.00776,0.00009,-0.04035,0.08200,0.01143
NVDA240719P01770000,NVDA,2024-07-19,1770.00,put,899.55,844.45,837.15,40,851.75,40,0,0,2024-05-17,1.01485,-0.90440,0.00044,-0.28010,0.65239,-2.90015
NVDA240719C01780000,NVDA,2024-07-19,1780.00,call,0.61,0.54,0.34,19,0.73,22,0,38,2024-05-17,0.60511,0.00730,0.00009,-0.03820,0.07765,0.01075
NVDA240719P01780000,NVDA,2024-07-19,1780.00,put,884.10,854.58,847.40,40,861.75,40,0,0,2024-05-17,1.03437,-0.90103,0.00044,-0.30286,0.66917,-2.91338
NVDA240719C01790000,NVDA,2024-07-19,1790.00,call,0.52,0.45,0.33,10,0.56,49,0,633,2024-05-17,0.60511,0.00686,0.00008,-0.03616,0.07352,0.01011
NVDA240719P01790000,NVDA,2024-07-19,1790.00,put,883.35,864.58,857.40,40,871.75,40,0,0,2024-05-17,1.03437,-0.90329,0.00043,-0.29198,0.65798,-2.93335
NVDA240719C01800000,NVDA,2024-07-19,1800.00,call,0.44,0.54,0.39,5,0.70,23,3,163,2024-05-17,0.62462,0.00817,0.00009,-0.04355,0.08580,0.01200
NVDA240719P01800000,NVDA,2024-07-19,1800.00,put,924.90,874.52,867.30,40,881.75,40,0,0,2024-05-17,1.05388,-0.89992,0.00043,-0.31499,0.67465,-2.94661
NVDA240719C01810000,NVDA,2024-07-19,1810.00,call,0.50,0.41,0.29,12,0.53,39,3,44,2024-05-17,0.60511,0.00606,0.00007,-0.03239,0.06587,0.00894
NVDA240719P01810000,NVDA,2024-07-19,1810.00,put,946.85,884.52,877.30,40,891.75,40,0,0,2024-05-17,1.05388,-0.90213,0.00043,-0.30419,0.66375,-2.96651
NVDA240719C01820000,NVDA,2024-07-19,1820.00,call,0.39,0.43,0.35,5,0.51,53,1,55,2024-05-17,0.60511,0.00569,0.00007,-0.03064,0.06233,0.00840
NVDA240719P01820000,NVDA,2024-07-19,1820.00,put,913.30,894.52,887.30,40,901.75,40,0,0,2024-05-17,1.05388,-0.90428,0.00042,-0.29350,0.65298,-2.98635
NVDA240719C01830000,NVDA,2024-07-19,1830.00,call,0.48,0.37,0.25,28,0.49,36,0,36,2024-05-17,0.60511,0.00535,0.00007,-0.02899,0.05897,0.00790
NVDA240719P01830000,NVDA,2024-07-19,1830.00,put,942.85,904.55,897.35,40,911.75,40,0,0,2024-05-17,1.07339,-0.90093,0.00042,-0.31673,0.66969,-2.99962
NVDA240719C01840000,NVDA,2024-07-19,1840.00,call,0.38,0.41,0.33,5,0.48,43,1,24,2024-05-17,0.62462,0.00646,0.00008,-0.03539,0.06976,0.00951
NVDA240719P01840000,NVDA,2024-07-19,1840.00,put,968.65,914.55,907.35,40,921.75,40,0,0,2024-05-17,1.07339,-0.90304,0.00042,-0.30611,0.65919,-3.01939
NVDA240719C01850000,NVDA,2024-07-19,1850.00,call,0.49,0.34,0.22,30,0.46,45,0,97,2024-05-17,0.60511,0.00472,0.00006,-0.02593,0.05276,0.00698
NVDA240719P01850000,NVDA,2024-07-19,1850.00,put,0.00,924.75,917.30,40,932.20,40,0,0,2024-05-17,1.09290,-0.89969,0.00042,-0.32960,0.67580,-3.03269
NVDA240719C01860000,NVDA,2024-07-19,1860.00,call,0.38,0.33,0.21,22,0.45,23,1,107,2024-05-17,0.60511,0.00443,0.00006,-0.02451,0.04989,0.00656
NVDA240719P01860000,NVDA,2024-07-19,1860.00,put,979.10,934.17,926.80,40,941.55,40,0,0,2024-05-17,1.09290,-0.90176,0.00041,-0.31905,0.66556,-3.05240
NVDA240719C01870000,NVDA,2024-07-19,1870.00,call,0.46,0.32,0.20,5,0.43,25,0,50,2024-05-17,0.60511,0.00416,0.00005,-0.02317,0.04717,0.00616
NVDA240719P01870000,NVDA,2024-07-19,1870.00,put,976.80,944.20,936.80,40,951.60,40,0,0,2024-05-17,1.09290,-0.90379,0.00041,-0.30861,0.65544,-3.07206
NVDA240719C01880000,NVDA,2024-07-19,1880.00,call,0.42,0.35,0.28,5,0.42,52,0,64,2024-05-17,0.62462,0.00510,0.00006,-0.02868,0.05658,0.00752
NVDA240719P01880000,NVDA,2024-07-19,1880.00,put,989.92,954.22,946.80,40,961.65,40,0,0,2024-05-17,1.11241,-0.90045,0.00041,-0.33231,0.67206,-3.08538
NVDA240719C01890000,NVDA,2024-07-19,1890.00,call,0.39,0.29,0.17,24,0.41,32,1,37,2024-05-17,0.62462,0.00481,0.00006,-0.02721,0.05367,0.00710
NVDA240719P01890000,NVDA,2024-07-19,1890.00,put,0.00,964.20,956.80,40,971.60,40,0,0,2024-05-17,1.11241,-0.90244,0.00040,-0.32193,0.66218,-3.10498
NVDA240719C01900000,NVDA,2024-07-19,1900.00,call,0.35,0.28,0.16,25,0.40,25,5,455,2024-05-17,0.62462,0.00453,0.00006,-0.02580,0.05091,0.00669
NVDA240719P01900000,NVDA,2024-07-19,1900.00,put,1010.53,975.25,967.75,40,982.75,40,0,0,2024-05-17,1.13192,-0.89910,0.00041,-0.34588,0.67869,-3.11833
NVDA240719C01910000,NVDA,2024-07-19,1910.00,call,0.34,0.32,0.25,2,0.39,58,1,177,2024-05-17,0.62462,0.00427,0.00005,-0.02447,0.04828,0.00631
NVDA240719P01910000,NVDA,2024-07-19,1910.00,put,1022.41,984.20,976.80,40,991.60,40,0,0,2024-05-17,1.13192,-0.90106,0.00040,-0.33557,0.66905,-3.13787
NVDA240719C01920000,NVDA,2024-07-19,1920.00,call,0.33,0.26,0.13,26,0.38,38,1,53,2024-05-17,0.62462,0.00403,0.00005,-0.02320,0.04578,0.00595
NVDA240719P01920000,NVDA,2024-07-19,1920.00,put,1034.22,994.42,987.25,40,1001.60,40,0,0,2024-05-17,1.13192,-0.90298,0.00039,-0.32535,0.65951,-3.15737
NVDA240719C01930000,NVDA,2024-07-19,1930.00,call,0.30,0.24,0.13,7,0.36,31,1,142,2024-05-17,0.62462,0.00379,0.00005,-0.02199,0.04341,0.00561
NVDA240719P01930000,NVDA,2024-07-19,1930.00,put,0.00,1004.52,997.40,40,1011.65,40,0,0,2024-05-17,1.15144,-0.89965,0.00040,-0.34952,0.67602,-3.17074
NVDA240719C01940000,NVDA,2024-07-19,1940.00,call,0.33,0.30,0.25,100,0.35,59,56,3891,2024-05-17,0.64413,0.00466,0.00005,-0.02723,0.05214,0.00685
NVDA240719P01940000,NVDA,2024-07-19,1940.00,put,1033.30,1015.52,1007.40,40,1023.65,1,0,0,2024-05-17,1.17095,-0.89631,0.00040,-0.37399,0.69230,-3.18414
NVDA240816C00005000,NVDA,2024-08-16,5.00,call,922.85,920.08,918.30,4,921.85,4,4,96,2024-05-17,4.31233,0.99977,0.00000,-0.00997,0.00393,0.01122
NVDA240816P00005000,NVDA,2024-08-16,5.00,put,0.00,0.01,0.00,0,0.01,250,0,0,2024-05-17,3.16114,-0.00002,0.00000,-0.00070,0.00040,-0.00007
NVDA240816C00010000,NVDA,2024-08-16,10.00,call,890.29,915.17,913.45,4,916.90,4,0,326,2024-05-17,3.62942,0.99968,0.00000,-0.01227,0.00547,0.02325
NVDA240816P00010000,NVDA,2024-08-16,10.00,put,0.00,0.01,0.00,0,0.01,250,0,0,2024-05-17,2.69286,-0.00003,0.00000,-0.00075,0.00051,-0.00008
NVDA240816C00015000,NVDA,2024-08-16,15.00,call,0.00,910.30,908.60,8,912.00,8,0,0,2024-05-17,3.33675,0.99954,0.00000,-0.01594,0.00757,0.03507
NVDA240816P00015000,NVDA,2024-08-16,15.00,put,0.01,0.01,0.00,0,0.01,250,0,2,2024-05-17,2.41970,-0.00003,0.00000,-0.00073,0.00056,-0.00009
NVDA240816C00020000,NVDA,2024-08-16,20.00,call,897.49,905.27,903.50,4,907.05,4,0,262,2024-05-17,2.94651,0.99960,0.00000,-0.01368,0.00672,0.04772
NVDA240816P00020000,NVDA,2024-08-16,20.00,put,0.01,0.01,0.00,0,0.01,240,0,57,2024-05-17,2.24409,-0.00003,0.00000,-0.00078,0.00063,-0.00010
NVDA240816C00025000,NVDA,2024-08-16,25.00,call,752.33,900.33,898.55,4,902.10,4,0,1,2024-05-17,2.73188,0.99958,0.00000,-0.01401,0.00699,0.06002
NVDA240816P00025000,NVDA,2024-08-16,25.00,put,0.00,0.01,0.00,0,0.25,64,0,0,2024-05-17,2.10751,-0.00004,0.00000,-0.00080,0.00070,-0.00011
NVDA240816C00030000,NVDA,2024-08-16,30.00,call,864.19,895.42,893.65,4,897.20,4,0,2,2024-05-17,2.61481,0.99950,0.00000,-0.01608,0.00825,0.07206
NVDA240816P00030000,NVDA,2024-08-16,30.00,put,0.00,0.01,0.00,0,0.25,64,0,0,2024-05-17,1.99044,-0.00004,0.00000,-0.00079,0.00073,-0.00011
NVDA240816C00035000,NVDA,2024-08-16,35.00,call,0.00,890.48,888.70,4,892.25,4,0,0,2024-05-17,2.47823,0.99947,0.00000,-0.01668,0.00862,0.08432
NVDA240816P00035000,NVDA,2024-08-16,35.00,put,0.15,0.01,0.00,0,0.25,64,0,1,2024-05-17,1.89288,-0.00004,0.00000,-0.00077,0.00075,-0.00011
NVDA240816C00040000,NVDA,2024-08-16,40.00,call,754.71,885.65,883.95,8,887.35,8,0,2,2024-05-17,2.45872,0.99927,0.00000,-0.02132,0.01163,0.09592
NVDA240816P00040000,NVDA,2024-08-16,40.00,put,0.00,0.01,0.00,0,0.25,64,0,0,2024-05-17,1.81483,-0.00004,0.00000,-0.00079,0.00080,-0.00012
NVDA240816C00045000,NVDA,2024-08-16,45.00,call,749.82,880.70,879.00,8,882.40,4,0,1,2024-05-17,2.36116,0.99922,0.00000,-0.02231,0.01231,0.10811
NVDA240816P00045000,NVDA,2024-08-16,45.00,put,0.00,0.01,0.00,0,0.25,64,0,0,2024-05-17,1.73679,-0.00004,0.00000,-0.00076,0.00080,-0.00012
NVDA240816C00050000,NVDA,2024-08-16,50.00,call,825.90,875.73,874.10,3,877.35,3,0,151,2024-05-17,2.22458,0.99930,0.00000,-0.02079,0.01122,0.12072
NVDA240816P00050000,NVDA,2024-08-16,50.00,put,0.00,0.01,0.00,0,0.09,100,0,0,2024-05-17,1.67825,-0.00004,0.00000,-0.00079,0.00086,-0.00013
NVDA240816C00055000,NVDA,2024-08-16,55.00,call,0.00,870.77,869.00,4,872.55,4,0,0,2024-05-17,2.12702,0.99931,0.00000,-0.02063,0.01098,0.13312
NVDA240816P00055000,NVDA,2024-08-16,55.00,put,0.00,0.01,0.00,0,0.25,64,0,0,2024-05-17,1.61972,-0.00005,0.00000,-0.00078,0.00088,-0.00013
NVDA240816C00060000,NVDA,2024-08-16,60.00,call,0.00,865.95,864.25,8,867.65,8,0,0,2024-05-17,2.14653,0.99903,0.00000,-0.02624,0.01507,0.14448
NVDA240816P00060000,NVDA,2024-08-16,60.00,put,0.00,0.01,0.00,0,0.25,64,0,0,2024-05-17,1.58069,-0.00005,0.00000,-0.00086,0.00100,-0.00015
NVDA240816C00065000,NVDA,2024-08-16,65.00,call,730.38,860.98,859.25,4,862.70,4,0,1,2024-05-17,2.04897,0.99910,0.00000,-0.02517,0.01418,0.15704
NVDA240816P00065000,NVDA,2024-08-16,65.00,put,0.00,0.01,0.00,0,0.25,64,0,0,2024-05-17,1.52216,-0.00005,0.00000,-0.00079,0.00095,-0.00014
NVDA240816C00070000,NVDA,2024-08-16,70.00,call,0.00,856.08,854.40,8,857.75,4,0,0,2024-05-17,2.00995,0.99899,0.00000,-0.02725,0.01571,0.16901
NVDA240816P00070000,NVDA,2024-08-16,70.00,put,0.07,0.01,0.00,0,0.25,43,0,1,2024-05-17,1.48313,-0.00005,0.00000,-0.00082,0.00102,-0.00015
NVDA240816C00075000,NVDA,2024-08-16,75.00,call,796.28,851.08,849.30,4,852.85,4,0,1,2024-05-17,1.91239,0.99910,0.00000,-0.02544,0.01408,0.18173
NVDA240816P00075000,NVDA,2024-08-16,75.00,put,0.00,0.01,0.00,0,0.25,43,0,0,2024-05-17,1.44411,-0.00006,0.00000,-0.00083,0.00106,-0.00015
NVDA240816C00080000,NVDA,2024-08-16,80.00,call,0.00,846.22,844.55,8,847.90,4,0,0,2024-05-17,1.91239,0.99887,0.00000,-0.02955,0.01735,0.19330
NVDA240816P00080000,NVDA,2024-08-16,80.00,put,0.00,0.01,0.00,0,0.25,43,0,0,2024-05-17,1.40509,-0.00006,0.00000,-0.00082,0.00108,-0.00016
NVDA240816C00085000,NVDA,2024-08-16,85.00,call,0.00,841.23,839.45,4,843.00,4,0,0,2024-05-17,1.83435,0.99896,0.00000,-0.02831,0.01612,0.20592
NVDA240816P00085000,NVDA,2024-08-16,85.00,put,0.00,0.01,0.00,0,0.25,43,0,0,2024-05-17,1.36606,-0.00006,0.00000,-0.00080,0.00107,-0.00016
NVDA240816C00090000,NVDA,2024-08-16,90.00,call,0.00,836.27,834.50,4,838.05,4,0,0,2024-05-17,1.77581,0.99899,0.00000,-0.02817,0.01576,0.21834
NVDA240816P00090000,NVDA,2024-08-16,90.00,put,0.00,0.01,0.00,0,0.25,43,0,0,2024-05-17,1.32704,-0.00006,0.00000,-0.00075,0.00104,-0.00015
NVDA240816C00095000,NVDA,2024-08-16,95.00,call,0.00,831.38,829.60,4,833.15,4,0,0,2024-05-17,1.75630,0.99885,0.00000,-0.03053,0.01766,0.23023
NVDA240816P00095000,NVDA,2024-08-16,95.00,put,0.00,0.01,0.00,0,0.25,43,0,0,2024-05-17,1.30753,-0.00006,0.00000,-0.00085,0.00119,-0.00017
NVDA240816C00100000,NVDA,2024-08-16,100.00,call,0.00,826.42,824.80,3,828.05,3,0,0,2024-05-17,1.69776,0.99891,0.00000,-0.02996,0.01688,0.24274
NVDA240816P00100000,NVDA,2024-08-16,100.00,put,0.00,0.01,0.00,0,0.10,2,0,0,2024-05-17,1.26851,-0.00006,0.00000,-0.00077,0.00112,-0.00016
NVDA240816C00110000,NVDA,2024-08-16,110.00,call,0.00,816.58,814.80,4,818.35,4,0,0,2024-05-17,1.63923,0.99876,0.00001,-0.03264,0.01888,0.26694
NVDA240816P00110000,NVDA,2024-08-16,110.00,put,0.02,0.01,0.00,0,0.04,1,0,1,2024-05-17,1.20997,-0.00006,0.00000,-0.00074,0.00112,-0.00016
NVDA240816C00120000,NVDA,2024-08-16,120.00,call,0.00,806.80,805.10,8,808.50,4,0,0,2024-05-17,1.61972,0.99839,0.00001,-0.03841,0.02404,0.29042
NVDA240816P00120000,NVDA,2024-08-16,120.00,put,0.00,0.01,0.00,0,0.25,43,0,0,2024-05-17,1.17095,-0.00007,0.00000,-0.00083,0.00131,-0.00019
NVDA240816C00130000,NVDA,2024-08-16,130.00,call,0.00,796.95,795.25,8,798.65,4,0,0,2024-05-17,1.56118,0.99827,0.00001,-0.04043,0.02565,0.31471
NVDA240816P00130000,NVDA,2024-08-16,130.00,put,0.00,0.01,0.00,0,0.26,43,0,0,2024-05-17,1.13192,-0.00008,0.00000,-0.00090,0.00147,-0.00021
NVDA240816C00140000,NVDA,2024-08-16,140.00,call,0.00,787.10,785.40,8,788.80,4,0,0,2024-05-17,1.50265,0.99819,0.00001,-0.04196,0.02677,0.33912
NVDA240816P00140000,NVDA,2024-08-16,140.00,put,0.10,0.01,0.00,0,0.26,43,0,15,2024-05-17,1.07339,-0.00007,0.00000,-0.00074,0.00127,-0.00018
NVDA240816C00150000,NVDA,2024-08-16,150.00,call,784.18,777.25,775.70,7,778.80,7,10,0,2024-05-17,1.46362,0.99796,0.00001,-0.04520,0.02976,0.36309
NVDA240816P00150000,NVDA,2024-08-16,150.00,put,0.00,0.01,0.00,0,0.11,13,0,0,2024-05-17,1.03437,-0.00007,0.00000,-0.00074,0.00132,-0.00019
NVDA240816C00160000,NVDA,2024-08-16,160.00,call,782.19,767.40,765.70,8,769.10,4,1,0,2024-05-17,1.40509,0.99795,0.00001,-0.04582,0.02994,0.38771
NVDA240816P00160000,NVDA,2024-08-16,160.00,put,0.07,0.01,0.00,0,0.27,43,0,2,2024-05-17,1.01485,-0.00009,0.00000,-0.00092,0.00168,-0.00024
NVDA240816C00170000,NVDA,2024-08-16,170.00,call,777.68,757.55,755.85,8,759.25,4,0,0,2024-05-17,1.36606,0.99777,0.00001,-0.04837,0.03231,0.41183
NVDA240816P00170000,NVDA,2024-08-16,170.00,put,0.00,0.01,0.00,0,0.28,43,0,0,2024-05-17,0.97583,-0.00009,0.00000,-0.00087,0.00165,-0.00023
NVDA240816C00180000,NVDA,2024-08-16,180.00,call,620.41,747.70,746.00,8,749.40,4,0,4,2024-05-17,1.32704,0.99761,0.00001,-0.05064,0.03443,0.43601
NVDA240816P00180000,NVDA,2024-08-16,180.00,put,0.03,0.01,0.00,0,0.28,43,0,92,2024-05-17,0.93681,-0.00008,0.00000,-0.00079,0.00156,-0.00022
NVDA240816C00190000,NVDA,2024-08-16,190.00,call,716.93,737.85,736.15,8,739.55,4,0,2,2024-05-17,1.28802,0.99747,0.00001,-0.05261,0.03625,0.46025
NVDA240816P00190000,NVDA,2024-08-16,190.00,put,0.04,0.07,0.01,4,0.13,42,0,102,2024-05-17,1.05388,-0.00049,0.00000,-0.00459,0.00807,-0.00131
NVDA240816C00200000,NVDA,2024-08-16,200.00,call,695.75,728.00,726.45,7,729.55,3,0,14,2024-05-17,1.24899,0.99735,0.00001,-0.05429,0.03775,0.48457
NVDA240816P00200000,NVDA,2024-08-16,200.00,put,0.01,0.01,0.00,0,0.07,3,0,853,2024-05-17,0.87827,-0.00009,0.00000,-0.00080,0.00168,-0.00024
NVDA240816C00210000,NVDA,2024-08-16,210.00,call,579.20,718.12,716.40,4,719.85,4,0,4,2024-05-17,1.20997,0.99726,0.00002,-0.05566,0.03888,0.50897
NVDA240816P00210000,NVDA,2024-08-16,210.00,put,0.06,0.01,0.00,0,0.31,43,0,158,2024-05-17,0.85876,-0.00011,0.00000,-0.00090,0.00194,-0.00027
NVDA240816C00220000,NVDA,2024-08-16,220.00,call,662.46,708.23,706.45,4,710.00,4,0,17,2024-05-17,1.17095,0.99721,0.00002,-0.05674,0.03962,0.53346
NVDA240816P00220000,NVDA,2024-08-16,220.00,put,0.11,0.01,0.00,0,0.33,43,0,200,2024-05-17,0.81974,-0.00009,0.00000,-0.00073,0.00166,-0.00023
NVDA240816C00230000,NVDA,2024-08-16,230.00,call,561.89,698.47,696.80,8,700.15,8,0,2,2024-05-17,1.15144,0.99684,0.00002,-0.06062,0.04425,0.55706
NVDA240816P00230000,NVDA,2024-08-16,230.00,put,0.13,0.01,0.00,0,0.14,1,0,623,2024-05-17,0.80022,-0.00010,0.00000,-0.00080,0.00185,-0.00026
NVDA240816C00240000,NVDA,2024-08-16,240.00,call,398.41,688.52,686.75,4,690.30,4,0,1,2024-05-17,1.11241,0.99684,0.00002,-0.06117,0.04433,0.58170
NVDA240816P00240000,NVDA,2024-08-16,240.00,put,0.06,0.01,0.00,0,0.35,43,0,68,2024-05-17,0.78071,-0.00011,0.00000,-0.00086,0.00204,-0.00029
NVDA240816C00250000,NVDA,2024-08-16,250.00,call,696.81,678.70,677.10,3,680.30,3,0,23,2024-05-17,1.09290,0.99647,0.00002,-0.06480,0.04886,0.60532
NVDA240816P00250000,NVDA,2024-08-16,250.00,put,0.06,0.05,0.01,20,0.09,1,0,335,2024-05-17,0.85876,-0.00049,0.00000,-0.00373,0.00806,-0.00127
NVDA240816C00260000,NVDA,2024-08-16,260.00,call,0.00,668.88,667.10,4,670.65,4,0,0,2024-05-17,1.07339,0.99610,0.00002,-0.06840,0.05353,0.62890
NVDA240816P00260000,NVDA,2024-08-16,260.00,put,0.22,0.11,0.02,4,0.20,47,0,80,2024-05-17,0.87827,-0.00084,0.00001,-0.00624,0.01319,-0.00219
NVDA240816C00270000,NVDA,2024-08-16,270.00,call,525.96,659.08,657.35,5,660.80,4,0,5,2024-05-17,1.05388,0.99571,0.00003,-0.07197,0.05830,0.65245
NVDA240816P00270000,NVDA,2024-08-16,270.00,put,0.06,0.01,0.00,0,0.10,1,0,119,2024-05-17,0.70267,-0.00010,0.00000,-0.00068,0.00181,-0.00025
NVDA240816C00280000,NVDA,2024-08-16,280.00,call,561.25,649.17,647.40,4,650.95,4,0,5,2024-05-17,1.01485,0.99582,0.00003,-0.07139,0.05687,0.67746
NVDA240816P00280000,NVDA,2024-08-16,280.00,put,0.10,0.01,0.00,0,0.23,36,1,73,2024-05-17,0.68315,-0.00010,0.00000,-0.00069,0.00188,-0.00026
NVDA240816C00290000,NVDA,2024-08-16,290.00,call,601.55,639.38,637.65,8,641.10,8,0,5,2024-05-17,0.99534,0.99546,0.00003,-0.07460,0.06132,0.70109
NVDA240816P00290000,NVDA,2024-08-16,290.00,put,0.13,0.09,0.02,85,0.16,15,1,317,2024-05-17,0.80022,-0.00086,0.00001,-0.00581,0.01351,-0.00222
NVDA240816C00300000,NVDA,2024-08-16,300.00,call,651.26,629.52,627.90,3,631.15,3,0,17,2024-05-17,0.97583,0.99508,0.00003,-0.07774,0.06582,0.72470
NVDA240816P00300000,NVDA,2024-08-16,300.00,put,0.14,0.01,0.00,0,0.27,43,6,1422,2024-05-17,0.64413,-0.00011,0.00000,-0.00067,0.00194,-0.00027
NVDA240816C00310000,NVDA,2024-08-16,310.00,call,623.10,619.67,617.90,4,621.45,4,1,3,2024-05-17,0.93681,0.99532,0.00003,-0.07631,0.06289,0.75006
NVDA240816P00310000,NVDA,2024-08-16,310.00,put,0.11,0.15,0.01,40,0.29,31,0,139,2024-05-17,0.78071,-0.00121,0.00001,-0.00777,0.01853,-0.00313
NVDA240816C00320000,NVDA,2024-08-16,320.00,call,573.08,609.88,608.10,4,611.65,40,0,2,2024-05-17,0.93681,0.99431,0.00004,-0.08374,0.07485,0.77189
NVDA240816P00320000,NVDA,2024-08-16,320.00,put,0.16,0.11,0.02,57,0.21,18,1,164,2024-05-17,0.74169,-0.00101,0.00001,-0.00625,0.01572,-0.00260
NVDA240816C00330000,NVDA,2024-08-16,330.00,call,581.54,600.08,598.35,5,601.80,4,0,42,2024-05-17,0.91729,0.99393,0.00004,-0.08659,0.07936,0.79549
NVDA240816P00330000,NVDA,2024-08-16,330.00,put,0.18,0.18,0.02,53,0.34,41,0,146,2024-05-17,0.76120,-0.00166,0.00002,-0.01009,0.02473,-0.00430
NVDA240816C00340000,NVDA,2024-08-16,340.00,call,567.78,590.17,588.40,4,591.95,4,0,5,2024-05-17,0.87827,0.99432,0.00004,-0.08420,0.07481,0.82127
NVDA240816P00340000,NVDA,2024-08-16,340.00,put,0.22,0.21,0.05,24,0.37,58,0,51,2024-05-17,0.74169,-0.00173,0.00002,-0.01021,0.02571,-0.00447
NVDA240816C00350000,NVDA,2024-08-16,350.00,call,561.26,580.38,578.75,3,582.00,3,0,45,2024-05-17,0.87827,0.99315,0.00005,-0.09194,0.08824,0.84270
NVDA240816P00350000,NVDA,2024-08-16,350.00,put,0.28,0.18,0.08,24,0.29,20,3,269,2024-05-17,0.72218,-0.00180,0.00002,-0.01027,0.02657,-0.00462
NVDA240816C00360000,NVDA,2024-08-16,360.00,call,594.72,570.52,568.75,4,572.30,40,0,15,2024-05-17,0.83925,0.99366,0.00005,-0.08890,0.08243,0.86881
NVDA240816P00360000,NVDA,2024-08-16,360.00,put,0.21,0.27,0.11,57,0.43,38,0,102,2024-05-17,0.72218,-0.00230,0.00002,-0.01285,0.03325,-0.00593
NVDA240816C00370000,NVDA,2024-08-16,370.00,call,509.63,560.77,559.05,4,562.50,40,0,4,2024-05-17,0.83925,0.99239,0.00005,-0.09677,0.09682,0.88998
NVDA240816P00370000,NVDA,2024-08-16,370.00,put,0.25,0.30,0.14,53,0.47,37,0,65,2024-05-17,0.72218,-0.00291,0.00003,-0.01588,0.04112,-0.00752
NVDA240816C00380000,NVDA,2024-08-16,380.00,call,531.00,550.92,549.15,4,552.70,40,0,11,2024-05-17,0.81974,0.99202,0.00006,-0.09898,0.10094,0.91366
NVDA240816P00380000,NVDA,2024-08-16,380.00,put,0.37,0.34,0.18,43,0.51,37,3,62,2024-05-17,0.70267,-0.00300,0.00003,-0.01584,0.04219,-0.00772
NVDA240816C00390000,NVDA,2024-08-16,390.00,call,554.97,541.02,539.30,4,542.75,51,0,8,2024-05-17,0.80022,0.99167,0.00006,-0.10104,0.10492,0.93737
NVDA240816P00390000,NVDA,2024-08-16,390.00,put,0.30,0.39,0.22,53,0.55,46,0,93,2024-05-17,0.70267,-0.00375,0.00003,-0.01934,0.05157,-0.00967
NVDA240816C00400000,NVDA,2024-08-16,400.00,call,548.21,531.33,529.75,3,532.90,3,1,25,2024-05-17,0.78071,0.99132,0.00007,-0.10294,0.10874,0.96112
NVDA240816P00400000,NVDA,2024-08-16,400.00,put,0.53,0.40,0.26,53,0.53,46,2,400,2024-05-17,0.68315,-0.00383,0.00004,-0.01918,0.05265,-0.00987
NVDA240816C00410000,NVDA,2024-08-16,410.00,call,530.15,521.52,519.80,8,523.25,40,1,20,2024-05-17,0.78071,0.98971,0.00008,-0.11160,0.12617,0.98140
NVDA240816P00410000,NVDA,2024-08-16,410.00,put,0.44,0.56,0.31,43,0.81,43,0,74,2024-05-17,0.68315,-0.00474,0.00004,-0.02319,0.06369,-0.01223
NVDA240816C00420000,NVDA,2024-08-16,420.00,call,493.32,511.73,510.00,4,513.45,40,0,37,2024-05-17,0.76120,0.98932,0.00008,-0.11336,0.13029,1.00506
NVDA240816P00420000,NVDA,2024-08-16,420.00,put,0.52,0.49,0.36,43,0.62,1,2,172,2024-05-17,0.66364,-0.00483,0.00005,-0.02288,0.06474,-0.01242
NVDA240816C00430000,NVDA,2024-08-16,430.00,call,475.54,501.88,500.20,5,503.55,40,0,41,2024-05-17,0.74169,0.98896,0.00008,-0.11494,0.13419,1.02879
NVDA240816P00430000,NVDA,2024-08-16,430.00,put,0.47,0.67,0.58,5,0.76,59,0,153,2024-05-17,0.66364,-0.00592,0.00005,-0.02740,0.07761,-0.01527
NVDA240816C00440000,NVDA,2024-08-16,440.00,call,514.74,492.08,490.30,4,493.85,40,0,34,2024-05-17,0.72218,0.98861,0.00009,-0.11635,0.13785,1.05257
NVDA240816P00440000,NVDA,2024-08-16,440.00,put,0.50,0.73,0.48,41,0.99,37,0,113,2024-05-17,0.66364,-0.00719,0.00007,-0.03253,0.09219,-0.01859
NVDA240816C00450000,NVDA,2024-08-16,450.00,call,479.10,482.30,480.70,3,483.90,3,18,125,2024-05-17,0.70267,0.98829,0.00009,-0.11758,0.14125,1.07643
NVDA240816P00450000,NVDA,2024-08-16,450.00,put,0.70,0.82,0.75,1,0.90,66,2,418,2024-05-17,0.64413,-0.00731,0.00007,-0.03198,0.09347,-0.01882
NVDA240816C00460000,NVDA,2024-08-16,460.00,call,453.55,472.58,470.85,4,474.30,4,0,43,2024-05-17,0.70267,0.98623,0.00011,-0.12690,0.16247,1.09555
NVDA240816P00460000,NVDA,2024-08-16,460.00,put,0.70,0.89,0.80,5,0.98,60,0,159,2024-05-17,0.64413,-0.00881,0.00008,-0.03766,0.11018,-0.02274
NVDA240816C00470000,NVDA,2024-08-16,470.00,call,396.00,462.75,461.00,4,464.50,40,0,34,2024-05-17,0.68315,0.98587,0.00011,-0.12790,0.16608,1.11935
NVDA240816P00470000,NVDA,2024-08-16,470.00,put,0.75,0.97,0.72,34,1.23,30,0,81,2024-05-17,0.62462,-0.00893,0.00008,-0.03689,0.11142,-0.02295
NVDA240816C00480000,NVDA,2024-08-16,480.00,call,448.04,452.98,451.20,4,454.75,40,0,51,2024-05-17,0.66364,0.98555,0.00012,-0.12871,0.16936,1.14323
NVDA240816P00480000,NVDA,2024-08-16,480.00,put,0.91,1.08,0.99,5,1.17,56,4,135,2024-05-17,0.62462,-0.01069,0.00010,-0.04315,0.13044,-0.02755
NVDA240816C00490000,NVDA,2024-08-16,490.00,call,456.88,443.25,441.50,4,445.00,40,0,25,2024-05-17,0.66364,0.98311,0.00014,-0.13863,0.19364,1.16136
NVDA240816P00490000,NVDA,2024-08-16,490.00,put,1.05,1.19,1.09,5,1.28,56,1,231,2024-05-17,0.60511,-0.01080,0.00010,-0.04214,0.13163,-0.02774
NVDA240816C00500000,NVDA,2024-08-16,500.00,call,458.19,433.58,432.05,10,435.10,40,0,135,2024-05-17,0.64413,0.98275,0.00014,-0.13918,0.19712,1.18519
NVDA240816P00500000,NVDA,2024-08-16,500.00,put,1.23,1.27,1.18,14,1.36,46,97,658,2024-05-17,0.60511,-0.01286,0.00012,-0.04898,0.15314,-0.03310
NVDA240816C00510000,NVDA,2024-08-16,510.00,call,380.35,423.70,422.05,6,425.35,1,0,99,2024-05-17,0.62462,0.98243,0.00015,-0.13953,0.20020,1.20914
NVDA240816P00510000,NVDA,2024-08-16,510.00,put,1.15,1.44,1.35,5,1.53,42,0,180,2024-05-17,0.58560,-0.01297,0.00012,-0.04769,0.15428,-0.03327
NVDA240816C00520000,NVDA,2024-08-16,520.00,call,405.91,414.08,412.30,5,415.85,40,0,189,2024-05-17,0.62462,0.97955,0.00017,-0.15001,0.22782,1.22614
NVDA240816P00520000,NVDA,2024-08-16,520.00,put,1.28,1.50,1.33,29,1.68,42,0,229,2024-05-17,0.58560,-0.01536,0.00014,-0.05511,0.17847,-0.03948
NVDA240816C00530000,NVDA,2024-08-16,530.00,call,380.24,404.55,402.95,5,406.15,40,0,78,2024-05-17,0.62462,0.97634,0.00019,-0.16118,0.25764,1.24225
NVDA240816P00530000,NVDA,2024-08-16,530.00,put,1.48,1.74,1.64,5,1.84,34,1,346,2024-05-17,0.56608,-0.01547,0.00015,-0.05353,0.17956,-0.03962
NVDA240816C00540000,NVDA,2024-08-16,540.00,call,360.80,394.70,393.00,7,396.40,52,0,203,2024-05-17,0.60511,0.97590,0.00020,-0.16114,0.26166,1.26594
NVDA240816P00540000,NVDA,2024-08-16,540.00,put,1.70,1.84,1.65,27,2.03,37,2,198,2024-05-17,0.56608,-0.01823,0.00017,-0.06154,0.20665,-0.04679
NVDA240816C00550000,NVDA,2024-08-16,550.00,call,406.00,385.05,383.45,3,386.65,3,0,174,2024-05-17,0.58560,0.97551,0.00021,-0.16088,0.26521,1.28977
NVDA240816P00550000,NVDA,2024-08-16,550.00,put,2.06,2.04,1.87,24,2.20,30,28,1463,2024-05-17,0.54657,-0.01834,0.00018,-0.05964,0.20773,-0.04690
NVDA240816C00560000,NVDA,2024-08-16,560.00,call,367.75,375.50,373.80,4,377.20,35,0,125,2024-05-17,0.58560,0.97175,0.00024,-0.17256,0.29885,1.30447
NVDA240816P00560000,NVDA,2024-08-16,560.00,put,2.37,2.31,2.19,5,2.43,35,24,388,2024-05-17,0.54657,-0.02153,0.00020,-0.06822,0.23793,-0.05515
NVDA240816C00570000,NVDA,2024-08-16,570.00,call,397.84,365.88,364.15,4,367.60,29,0,218,2024-05-17,0.58560,0.96760,0.00027,-0.18493,0.33481,1.31812
NVDA240816P00570000,NVDA,2024-08-16,570.00,put,2.10,2.60,2.48,5,2.72,32,0,285,2024-05-17,0.54657,-0.02509,0.00023,-0.07753,0.27073,-0.06444
NVDA240816C00580000,NVDA,2024-08-16,580.00,call,353.53,356.35,354.70,6,358.00,25,16,146,2024-05-17,0.56608,0.96704,0.00028,-0.18422,0.33965,1.34157
NVDA240816P00580000,NVDA,2024-08-16,580.00,put,2.52,2.77,2.56,24,2.97,15,51,344,2024-05-17,0.52706,-0.02530,0.00024,-0.07515,0.27259,-0.06472
NVDA240816C00590000,NVDA,2024-08-16,590.00,call,367.52,346.85,345.20,5,348.50,23,0,83,2024-05-17,0.56608,0.96233,0.00031,-0.19715,0.37891,1.35377
NVDA240816P00590000,NVDA,2024-08-16,590.00,put,2.92,3.20,3.05,10,3.35,52,4,211,2024-05-17,0.52706,-0.02939,0.00027,-0.08503,0.30885,-0.07533
NVDA240816C00600000,NVDA,2024-08-16,600.00,call,337.30,337.27,335.75,6,338.80,3,3,409,2024-05-17,0.54657,0.96167,0.00033,-0.19608,0.38434,1.37705
NVDA240816P00600000,NVDA,2024-08-16,600.00,put,3.51,3.52,3.40,5,3.65,40,164,1603,2024-05-17,0.52706,-0.03392,0.00031,-0.09560,0.34776,-0.08716
NVDA240816C00610000,NVDA,2024-08-16,610.00,call,348.00,327.57,326.25,2,328.90,3,0,172,2024-05-17,0.54657,0.95635,0.00037,-0.20953,0.42705,1.38764
NVDA240816P00610000,NVDA,2024-08-16,610.00,put,4.00,3.95,3.80,1,4.10,41,5,280,2024-05-17,0.52706,-0.03893,0.00035,-0.10685,0.38925,-0.10025
NVDA240816C00620000,NVDA,2024-08-16,620.00,call,328.84,318.35,317.75,2,318.95,1,1,277,2024-05-17,0.54657,0.95056,0.00041,-0.22357,0.47201,1.39691
NVDA240816P00620000,NVDA,2024-08-16,620.00,put,4.42,4.28,4.00,20,4.55,40,9,787,2024-05-17,0.50755,-0.03947,0.00036,-0.10383,0.39360,-0.10122
NVDA240816C00630000,NVDA,2024-08-16,630.00,call,304.85,309.00,308.40,5,309.60,1,1,331,2024-05-17,0.52706,0.94956,0.00043,-0.22202,0.47955,1.41947
NVDA240816P00630000,NVDA,2024-08-16,630.00,put,4.56,4.90,4.70,17,5.10,25,4,1390,2024-05-17,0.50755,-0.04515,0.00041,-0.11560,0.43889,-0.11607
NVDA240816C00640000,NVDA,2024-08-16,640.00,call,299.63,299.70,299.10,2,300.30,1,3,134,2024-05-17,0.52706,0.94304,0.00047,-0.23650,0.52808,1.42684
NVDA240816P00640000,NVDA,2024-08-16,640.00,put,5.65,5.42,5.25,57,5.60,50,6,594,2024-05-17,0.50755,-0.05138,0.00045,-0.12796,0.48667,-0.13237
NVDA240816C00650000,NVDA,2024-08-16,650.00,call,298.75,290.45,289.85,1,291.05,1,2,182,2024-05-17,0.52706,0.93598,0.00051,-0.25148,0.57861,1.43274
NVDA240816P00650000,NVDA,2024-08-16,650.00,put,6.10,6.10,6.00,29,6.20,27,57,961,2024-05-17,0.50755,-0.05815,0.00050,-0.14089,0.53675,-0.15018
NVDA240816C00660000,NVDA,2024-08-16,660.00,call,283.74,281.35,280.75,2,281.95,1,64,230,2024-05-17,0.50755,0.93451,0.00054,-0.24941,0.58894,1.45421
NVDA240816P00660000,NVDA,2024-08-16,660.00,put,6.32,6.83,6.70,15,6.95,5,43,431,2024-05-17,0.48804,-0.05930,0.00052,-0.13722,0.54505,-0.15251
NVDA240816C00670000,NVDA,2024-08-16,670.00,call,272.91,272.30,271.70,5,272.90,1,2,203,2024-05-17,0.50755,0.92659,0.00059,-0.26471,0.64302,1.45787
NVDA240816P00670000,NVDA,2024-08-16,670.00,put,7.80,7.65,7.45,37,7.85,34,13,364,2024-05-17,0.48804,-0.06694,0.00058,-0.15052,0.59901,-0.17257
NVDA240816C00680000,NVDA,2024-08-16,680.00,call,290.40,263.35,262.75,5,263.95,2,0,265,2024-05-17,0.50755,0.91810,0.00065,-0.28037,0.69874,1.45990
NVDA240816P00680000,NVDA,2024-08-16,680.00,put,9.02,8.57,8.45,5,8.70,25,31,649,2024-05-17,0.48804,-0.07520,0.00063,-0.16425,0.65495,-0.19431
NVDA240816C00690000,NVDA,2024-08-16,690.00,call,275.00,254.50,253.90,3,255.10,1,0,363,2024-05-17,0.50755,0.90903,0.00070,-0.29632,0.75585,1.46031
NVDA240816P00690000,NVDA,2024-08-16,690.00,put,10.20,9.55,9.35,10,9.75,13,16,724,2024-05-17,0.48804,-0.08406,0.00068,-0.17833,0.71260,-0.21777
NVDA240816C00700000,NVDA,2024-08-16,700.00,call,242.99,245.73,245.15,1,246.30,1,16,508,2024-05-17,0.50755,0.89938,0.00075,-0.31247,0.81404,1.45906
NVDA240816P00700000,NVDA,2024-08-16,700.00,put,10.80,10.52,10.20,4,10.85,7,128,1759,2024-05-17,0.48804,-0.09355,0.00074,-0.19270,0.77167,-0.24295
NVDA240816C00710000,NVDA,2024-08-16,710.00,call,232.90,237.10,236.55,1,237.65,1,1,146,2024-05-17,0.48804,0.89634,0.00080,-0.30957,0.83185,1.47688
NVDA240816P00710000,NVDA,2024-08-16,710.00,put,10.95,11.78,11.40,6,12.15,22,369,267,2024-05-17,0.48804,-0.10366,0.00080,-0.20726,0.83185,-0.26989
NVDA240816C00720000,NVDA,2024-08-16,720.00,call,248.08,228.68,228.15,2,229.20,1,0,357,2024-05-17,0.48804,0.88563,0.00086,-0.32568,0.89282,1.47280
NVDA240816P00720000,NVDA,2024-08-16,720.00,put,13.67,13.15,12.75,4,13.55,16,1706,753,2024-05-17,0.48804,-0.11437,0.00086,-0.22192,0.89282,-0.29857
NVDA240816C00730000,NVDA,2024-08-16,730.00,call,231.50,220.35,219.85,2,220.85,1,3,279,2024-05-17,0.48804,0.87431,0.00092,-0.34180,0.95423,1.46698
NVDA240816P00730000,NVDA,2024-08-16,730.00,put,14.90,14.70,14.30,4,15.10,10,17,3810,2024-05-17,0.46853,-0.11805,0.00091,-0.21708,0.91307,-0.30682
NVDA240816C00740000,NVDA,2024-08-16,740.00,call,211.55,212.10,211.55,1,212.65,1,59,240,2024-05-17,0.48804,0.86240,0.00098,-0.35786,1.01576,1.45943
NVDA240816P00740000,NVDA,2024-08-16,740.00,put,16.80,16.62,16.45,15,16.80,20,48,418,2024-05-17,0.48804,-0.13760,0.00098,-0.25122,1.01576,-0.36114
NVDA240816C00750000,NVDA,2024-08-16,750.00,call,203.30,204.07,203.55,1,204.60,1,32,514,2024-05-17,0.48804,0.84991,0.00104,-0.37375,1.07705,1.45018
NVDA240816P00750000,NVDA,2024-08-16,750.00,put,18.62,18.42,18.20,4,18.65,4,1804,2833,2024-05-17,0.46853,-0.14247,0.00104,-0.24594,1.04005,-0.37230
NVDA240816C00760000,NVDA,2024-08-16,760.00,call,196.70,196.25,195.70,2,196.80,3,2,182,2024-05-17,0.48804,0.83688,0.00109,-0.38939,1.13776,1.43927
NVDA240816P00760000,NVDA,2024-08-16,760.00,put,20.40,20.48,20.15,4,20.80,5,263,4256,2024-05-17,0.46853,-0.15561,0.00110,-0.26011,1.10319,-0.40775
NVDA240816C00770000,NVDA,2024-08-16,770.00,call,189.95,188.52,187.95,5,189.10,1,8,592,2024-05-17,0.48804,0.82331,0.00115,-0.40469,1.19756,1.42673
NVDA240816P00770000,NVDA,2024-08-16,770.00,put,23.23,22.70,22.50,1,22.90,17,104,615,2024-05-17,0.46853,-0.16934,0.00117,-0.27400,1.16560,-0.44498
NVDA240816C00780000,NVDA,2024-08-16,780.00,call,180.40,181.03,180.50,2,181.55,1,11,401,2024-05-17,0.48804,0.80925,0.00121,-0.41957,1.25611,1.41261
NVDA240816P00780000,NVDA,2024-08-16,780.00,put,26.35,25.02,24.75,4,25.30,5,82,670,2024-05-17,0.46853,-0.18363,0.00123,-0.28750,1.22689,-0.48391
NVDA240816C00790000,NVDA,2024-08-16,790.00,call,181.05,173.68,173.15,5,174.20,1,4,254,2024-05-17,0.48804,0.79470,0.00126,-0.43394,1.31312,1.39697
NVDA240816P00790000,NVDA,2024-08-16,790.00,put,27.54,27.58,27.30,4,27.85,8,23,339,2024-05-17,0.46853,-0.19845,0.00129,-0.30052,1.28672,-0.52451
NVDA240816C00800000,NVDA,2024-08-16,800.00,call,163.33,166.45,164.95,1,167.95,6,17,835,2024-05-17,0.48804,0.77971,0.00131,-0.44773,1.36827,1.37988
NVDA240816P00800000,NVDA,2024-08-16,800.00,put,30.50,30.32,29.45,5,31.20,3,49,1330,2024-05-17,0.46853,-0.21377,0.00135,-0.31299,1.34474,-0.56669
NVDA240816C00810000,NVDA,2024-08-16,810.00,call,175.12,159.53,159.00,2,160.05,1,1,446,2024-05-17,0.48804,0.76431,0.00137,-0.46086,1.42129,1.36140
NVDA240816P00810000,NVDA,2024-08-16,810.00,put,32.60,33.25,32.95,3,33.55,7,9,312,2024-05-17,0.46853,-0.22956,0.00140,-0.32481,1.40063,-0.61040
NVDA240816C00820000,NVDA,2024-08-16,820.00,call,158.81,152.78,152.25,5,153.30,3,6,361,2024-05-17,0.48804,0.74854,0.00141,-0.47328,1.47191,1.34161
NVDA240816P00820000,NVDA,2024-08-16,820.00,put,36.79,36.38,36.05,3,36.70,5,21,433,2024-05-17,0.46853,-0.24578,0.00146,-0.33593,1.45408,-0.65555
NVDA240816C00830000,NVDA,2024-08-16,830.00,call,145.81,146.12,145.60,5,146.65,1,11,687,2024-05-17,0.46853,0.73762,0.00151,-0.46587,1.50482,1.33994
NVDA240816P00830000,NVDA,2024-08-16,830.00,put,39.70,39.70,39.35,3,40.05,3,22,273,2024-05-17,0.46853,-0.26238,0.00151,-0.34627,1.50482,-0.70206
NVDA240816C00840000,NVDA,2024-08-16,840.00,call,138.45,139.72,139.20,2,140.25,1,28,450,2024-05-17,0.46853,0.72067,0.00155,-0.47681,1.55259,1.31677
NVDA240816P00840000,NVDA,2024-08-16,840.00,put,43.30,43.17,42.10,5,44.25,4,60,1018,2024-05-17,0.46853,-0.27933,0.00155,-0.35577,1.55259,-0.74983
NVDA240816C00850000,NVDA,2024-08-16,850.00,call,132.78,133.50,133.00,5,134.00,1,41,727,2024-05-17,0.46853,0.70342,0.00160,-0.48686,1.59716,1.29242
NVDA240816P00850000,NVDA,2024-08-16,850.00,put,47.16,46.92,46.60,3,47.25,3,201,711,2024-05-17,0.46853,-0.29658,0.00160,-0.36437,1.59716,-0.79878
NVDA240816C00860000,NVDA,2024-08-16,860.00,call,142.00,127.47,126.95,3,128.00,1,1,340,2024-05-17,0.46853,0.68590,0.00164,-0.49597,1.63835,1.26700
NVDA240816P00860000,NVDA,2024-08-16,860.00,put,47.77,50.83,50.45,3,51.20,3,13,584,2024-05-17,0.46853,-0.31410,0.00164,-0.37205,1.63835,-0.84880
NVDA240816C00870000,NVDA,2024-08-16,870.00,call,131.45,121.68,121.15,3,122.20,8,4,588,2024-05-17,0.46853,0.66816,0.00168,-0.50411,1.67598,1.24060
NVDA240816P00870000,NVDA,2024-08-16,870.00,put,51.99,54.92,54.55,3,55.30,3,7,703,2024-05-17,0.46853,-0.33184,0.00168,-0.37875,1.67598,-0.89981
NVDA240816C00880000,NVDA,2024-08-16,880.00,call,115.59,116.05,115.70,5,116.40,2,57,498,2024-05-17,0.46853,0.65025,0.00171,-0.51125,1.70992,1.21332
NVDA240816P00880000,NVDA,2024-08-16,880.00,put,58.80,59.25,58.85,3,59.65,3,18,348,2024-05-17,0.46853,-0.34975,0.00171,-0.38445,1.70992,-0.95169
NVDA240816C00890000,NVDA,2024-08-16,890.00,call,110.62,110.53,110.10,2,110.95,2,20,689,2024-05-17,0.46853,0.63220,0.00174,-0.51737,1.74007,1.18527
NVDA240816P00890000,NVDA,2024-08-16,890.00,put,63.53,63.75,63.35,3,64.15,6,19,225,2024-05-17,0.46853,-0.36780,0.00174,-0.38912,1.74007,-1.00435
NVDA240816C00900000,NVDA,2024-08-16,900.00,call,104.54,105.28,104.85,2,105.70,2,249,2332,2024-05-17,0.46853,0.61406,0.00177,-0.52245,1.76634,1.15653
NVDA240816P00900000,NVDA,2024-08-16,900.00,put,70.25,68.42,67.35,5,69.50,2,41,926,2024-05-17,0.46853,-0.38594,0.00177,-0.39276,1.76634,-1.05768
NVDA240816C00910000,NVDA,2024-08-16,910.00,call,101.95,100.25,99.90,2,100.60,2,51,636,2024-05-17,0.46853,0.59588,0.00179,-0.52649,1.78870,1.12722
NVDA240816P00910000,NVDA,2024-08-16,910.00,put,73.65,73.30,72.90,6,73.70,6,21,359,2024-05-17,0.46853,-0.40412,0.00179,-0.39536,1.78870,-1.11160
NVDA240816C00920000,NVDA,2024-08-16,920.00,call,95.70,95.28,94.20,5,96.35,2,47,897,2024-05-17,0.46853,0.57768,0.00181,-0.52949,1.80712,1.09743
NVDA240816P00920000,NVDA,2024-08-16,920.00,put,78.10,78.38,77.95,3,78.80,3,56,450,2024-05-17,0.46853,-0.42232,0.00181,-0.39692,1.80712,-1.16599
NVDA240816C00930000,NVDA,2024-08-16,930.00,call,90.55,90.60,90.20,2,91.00,2,173,1026,2024-05-17,0.46853,0.55952,0.00182,-0.53145,1.82162,1.06726
NVDA240816P00930000,NVDA,2024-08-16,930.00,put,83.75,83.65,83.20,5,84.10,3,134,379,2024-05-17,0.46853,-0.44048,0.00182,-0.39744,1.82162,-1.22076
NVDA240816C00935000,NVDA,2024-08-16,935.00,call,87.70,88.35,88.00,1,88.70,2,63,5,2024-05-17,0.46853,0.55047,0.00183,-0.53205,1.82740,1.05206
NVDA240816P00935000,NVDA,2024-08-16,935.00,put,88.75,86.33,86.00,1,86.65,1,16,0,2024-05-17,0.46853,-0.44953,0.00183,-0.39732,1.82740,-1.24826
NVDA240816C00940000,NVDA,2024-08-16,940.00,call,85.80,86.10,85.80,1,86.40,1,57,1271,2024-05-17,0.46853,0.54143,0.00183,-0.53240,1.83222,1.03680
NVDA240816P00940000,NVDA,2024-08-16,940.00,put,89.40,89.15,88.80,2,89.50,5,39,201,2024-05-17,0.46853,-0.45857,0.00183,-0.39694,1.83222,-1.27582
NVDA240816C00945000,NVDA,2024-08-16,945.00,call,83.34,83.90,83.65,1,84.15,1,27,31,2024-05-17,0.46853,0.53242,0.00184,-0.53249,1.83607,1.02149
NVDA240816P00945000,NVDA,2024-08-16,945.00,put,92.55,91.90,91.60,1,92.20,1,1,1,2024-05-17,0.46853,-0.46758,0.00184,-0.39632,1.83607,-1.30343
NVDA240816C00950000,NVDA,2024-08-16,950.00,call,81.66,81.67,81.25,2,82.10,2,293,1526,2024-05-17,0.46853,0.52345,0.00184,-0.53234,1.83898,1.00615
NVDA240816P00950000,NVDA,2024-08-16,950.00,put,94.63,94.75,94.30,2,95.20,5,40,252,2024-05-17,0.46853,-0.47655,0.00184,-0.39545,1.83898,-1.33108
NVDA240816C00955000,NVDA,2024-08-16,955.00,call,81.06,79.58,79.20,6,79.95,2,20,40,2024-05-17,0.46853,0.51451,0.00184,-0.53195,1.84094,0.99077
NVDA240816P00955000,NVDA,2024-08-16,955.00,put,99.65,97.60,97.15,5,98.05,5,6,15,2024-05-17,0.46853,-0.48549,0.00184,-0.39433,1.84094,-1.35876
NVDA240816C00960000,NVDA,2024-08-16,960.00,call,78.71,77.45,76.45,5,78.45,3,57,1226,2024-05-17,0.46853,0.50560,0.00184,-0.53131,1.84198,0.97538
NVDA240816P00960000,NVDA,2024-08-16,960.00,put,103.55,100.55,100.10,2,101.00,5,25,177,2024-05-17,0.46853,-0.49440,0.00184,-0.39298,1.84198,-1.38645
NVDA240816C00970000,NVDA,2024-08-16,970.00,call,73.00,73.47,73.10,3,73.85,2,45,371,2024-05-17,0.46853,0.48793,0.00184,-0.52934,1.84132,0.94459
NVDA240816P00970000,NVDA,2024-08-16,970.00,put,105.60,106.55,106.05,2,107.05,2,11,87,2024-05-17,0.46853,-0.51207,0.00184,-0.38956,1.84132,-1.44184
NVDA240816C00980000,NVDA,2024-08-16,980.00,call,70.99,69.65,69.30,6,70.00,8,52,482,2024-05-17,0.46853,0.47047,0.00184,-0.52646,1.83711,0.91385
NVDA240816P00980000,NVDA,2024-08-16,980.00,put,110.15,112.72,111.60,10,113.85,20,1,126,2024-05-17,0.48804,-0.52455,0.00177,-0.40550,1.83867,-1.49464
NVDA240816C00990000,NVDA,2024-08-16,990.00,call,65.71,65.92,65.55,3,66.30,3,66,467,2024-05-17,0.46853,0.45324,0.00183,-0.52270,1.82949,0.88324
NVDA240816P00990000,NVDA,2024-08-16,990.00,put,113.00,119.03,117.90,20,120.15,3,6,118,2024-05-17,0.48804,-0.54112,0.00176,-0.40067,1.83237,-1.54828
NVDA240816C01000000,NVDA,2024-08-16,1000.00,call,61.90,62.40,62.05,2,62.75,2,299,2205,2024-05-17,0.46853,0.43626,0.00182,-0.51812,1.81860,0.85283
NVDA240816P01000000,NVDA,2024-08-16,1000.00,put,121.00,125.53,124.45,9,126.60,9,1,148,2024-05-17,0.48804,-0.55744,0.00175,-0.39503,1.82303,-1.60175
NVDA240816C01010000,NVDA,2024-08-16,1010.00,call,60.08,59.00,58.65,6,59.35,3,32,285,2024-05-17,0.46853,0.41957,0.00181,-0.51275,1.80460,0.82269
NVDA240816P01010000,NVDA,2024-08-16,1010.00,put,126.20,132.18,131.05,11,133.30,19,1,108,2024-05-17,0.48804,-0.57351,0.00174,-0.38863,1.81080,-1.65500
NVDA240816C01020000,NVDA,2024-08-16,1020.00,call,57.30,55.77,55.40,3,56.15,3,88,671,2024-05-17,0.46853,0.40319,0.00179,-0.50664,1.78765,0.79287
NVDA240816P01020000,NVDA,2024-08-16,1020.00,put,134.15,139.05,137.90,20,140.20,19,1,128,2024-05-17,0.48804,-0.58930,0.00173,-0.38151,1.79581,-1.70798
NVDA240816C01030000,NVDA,2024-08-16,1030.00,call,52.50,52.70,52.35,6,53.05,10,18,381,2024-05-17,0.46853,0.38713,0.00177,-0.49984,1.76793,0.76344
NVDA240816P01030000,NVDA,2024-08-16,1030.00,put,141.95,145.95,144.15,21,147.75,11,3,200,2024-05-17,0.48804,-0.60480,0.00171,-0.37371,1.77823,-1.76063
NVDA240816C01040000,NVDA,2024-08-16,1040.00,call,53.35,49.75,49.40,6,50.10,6,9,418,2024-05-17,0.46853,0.37142,0.00175,-0.49240,1.74563,0.73444
NVDA240816P01040000,NVDA,2024-08-16,1040.00,put,165.55,153.12,151.35,14,154.90,6,0,43,2024-05-17,0.48804,-0.61998,0.00169,-0.36528,1.75821,-1.81290
NVDA240816C01050000,NVDA,2024-08-16,1050.00,call,47.76,46.90,46.55,3,47.25,2,59,560,2024-05-17,0.46853,0.35606,0.00172,-0.48437,1.72092,0.70593
NVDA240816P01050000,NVDA,2024-08-16,1050.00,put,153.37,160.55,159.10,16,162.00,8,9,47,2024-05-17,0.48804,-0.63484,0.00167,-0.35626,1.73590,-1.86476
NVDA240816C01060000,NVDA,2024-08-16,1060.00,call,45.30,44.25,43.90,3,44.60,3,5,273,2024-05-17,0.46853,0.34108,0.00170,-0.47579,1.69399,0.67794
NVDA240816P01060000,NVDA,2024-08-16,1060.00,put,163.92,168.10,166.60,6,169.60,6,14,88,2024-05-17,0.48804,-0.64936,0.00164,-0.34671,1.71149,-1.91616
NVDA240816C01070000,NVDA,2024-08-16,1070.00,call,42.14,41.70,41.35,3,42.05,10,12,255,2024-05-17,0.46853,0.32648,0.00167,-0.46673,1.66503,0.65051
NVDA240816P01070000,NVDA,2024-08-16,1070.00,put,171.48,175.57,174.10,13,177.05,3,7,61,2024-05-17,0.48804,-0.66354,0.00162,-0.33666,1.68512,-1.96707
NVDA240816C01080000,NVDA,2024-08-16,1080.00,call,39.20,39.30,38.95,3,39.65,3,46,391,2024-05-17,0.46853,0.31227,0.00164,-0.45723,1.63423,0.62368
NVDA240816P01080000,NVDA,2024-08-16,1080.00,put,190.95,183.25,181.60,12,184.90,11,0,40,2024-05-17,0.48804,-0.67735,0.00159,-0.32616,1.65698,-2.01746
NVDA240816C01090000,NVDA,2024-08-16,1090.00,call,37.95,37.00,36.65,3,37.35,3,12,314,2024-05-17,0.46853,0.29846,0.00160,-0.44734,1.60178,0.59748
NVDA240816P01090000,NVDA,2024-08-16,1090.00,put,199.90,191.00,189.35,18,192.65,5,0,171,2024-05-17,0.48804,-0.69080,0.00156,-0.31526,1.62722,-2.06729
NVDA240816C01100000,NVDA,2024-08-16,1100.00,call,34.60,34.83,34.50,3,35.15,6,587,1413,2024-05-17,0.46853,0.28507,0.00157,-0.43711,1.56785,0.57193
NVDA240816P01100000,NVDA,2024-08-16,1100.00,put,185.00,198.97,197.50,5,200.45,4,0,50,2024-05-17,0.48804,-0.70389,0.00153,-0.30400,1.59600,-2.11656
NVDA240816C01110000,NVDA,2024-08-16,1110.00,call,31.57,32.78,32.45,7,33.10,3,9,250,2024-05-17,0.46853,0.27208,0.00153,-0.42659,1.53264,0.54704
NVDA240816P01110000,NVDA,2024-08-16,1110.00,put,190.70,206.90,205.05,12,208.75,10,0,21,2024-05-17,0.48804,-0.71659,0.00150,-0.29243,1.56349,-2.16523
NVDA240816C01120000,NVDA,2024-08-16,1120.00,call,31.02,30.82,30.50,7,31.15,3,56,556,2024-05-17,0.46853,0.25950,0.00150,-0.41582,1.49631,0.52285
NVDA240816P01120000,NVDA,2024-08-16,1120.00,put,195.00,215.25,213.60,1,216.90,9,0,14,2024-05-17,0.50755,-0.71788,0.00144,-0.30647,1.56006,-2.19536
NVDA240816C01130000,NVDA,2024-08-16,1130.00,call,28.92,29.00,28.65,3,29.35,4,2,231,2024-05-17,0.46853,0.24734,0.00146,-0.40485,1.45904,0.49935
NVDA240816P01130000,NVDA,2024-08-16,1130.00,put,237.40,223.57,221.95,3,225.20,9,0,10,2024-05-17,0.50755,-0.72961,0.00141,-0.29476,1.52789,-2.24212
NVDA240816C01140000,NVDA,2024-08-16,1140.00,call,29.67,27.27,26.95,7,27.60,3,15,244,2024-05-17,0.46853,0.23560,0.00142,-0.39372,1.42099,0.47657
NVDA240816P01140000,NVDA,2024-08-16,1140.00,put,253.15,232.05,230.40,8,233.70,4,0,17,2024-05-17,0.50755,-0.74099,0.00138,-0.28284,1.49484,-2.28832
NVDA240816C01145000,NVDA,2024-08-16,1145.00,call,26.90,26.48,26.20,2,26.75,2,1,0,2024-05-17,0.46853,0.22988,0.00140,-0.38811,1.40172,0.46545
NVDA240816P01145000,NVDA,2024-08-16,1145.00,put,0.00,236.07,234.25,5,237.90,4,0,0,2024-05-17,0.50755,-0.74655,0.00137,-0.27681,1.47803,-2.31120
NVDA240816C01150000,NVDA,2024-08-16,1150.00,call,26.41,25.65,25.35,3,25.95,3,29,621,2024-05-17,0.46853,0.22426,0.00138,-0.38247,1.38231,0.45451
NVDA240816P01150000,NVDA,2024-08-16,1150.00,put,218.70,240.30,238.55,4,242.05,15,0,6,2024-05-17,0.50755,-0.75202,0.00135,-0.27074,1.46104,-2.33394
NVDA240816C01155000,NVDA,2024-08-16,1155.00,call,0.00,24.90,24.60,1,25.20,4,0,0,2024-05-17,0.46853,0.21875,0.00136,-0.37681,1.36278,0.44375
NVDA240816P01155000,NVDA,2024-08-16,1155.00,put,0.00,244.85,243.15,20,246.55,4,0,0,2024-05-17,0.50755,-0.75741,0.00133,-0.26464,1.44390,-2.35653
NVDA240816C01160000,NVDA,2024-08-16,1160.00,call,26.49,24.15,23.85,8,24.45,7,1,78,2024-05-17,0.46853,0.21334,0.00134,-0.37114,1.34315,0.43317
NVDA240816P01160000,NVDA,2024-08-16,1160.00,put,242.78,248.97,247.20,24,250.75,4,4,4,2024-05-17,0.50755,-0.76270,0.00132,-0.25850,1.42662,-2.37897
NVDA240816C01165000,NVDA,2024-08-16,1165.00,call,27.31,23.40,23.10,7,23.70,3,0,3,2024-05-17,0.46853,0.20803,0.00132,-0.36546,1.32344,0.42277
NVDA240816P01165000,NVDA,2024-08-16,1165.00,put,0.00,253.65,252.15,28,255.15,4,0,0,2024-05-17,0.50755,-0.76792,0.00130,-0.25234,1.40921,-2.40127
NVDA240816C01170000,NVDA,2024-08-16,1170.00,call,23.38,22.70,22.40,3,23.00,3,14,174,2024-05-17,0.46853,0.20282,0.00130,-0.35977,1.30367,0.41255
NVDA240816P01170000,NVDA,2024-08-16,1170.00,put,267.55,257.70,255.80,20,259.60,4,0,5,2024-05-17,0.50755,-0.77304,0.00129,-0.24616,1.39168,-2.42341
NVDA240816C01175000,NVDA,2024-08-16,1175.00,call,25.35,22.00,21.70,7,22.30,3,3,4,2024-05-17,0.46853,0.19772,0.00129,-0.35408,1.28384,0.40251
NVDA240816P01175000,NVDA,2024-08-16,1175.00,put,0.00,262.35,260.75,23,263.95,4,0,0,2024-05-17,0.50755,-0.77808,0.00127,-0.23996,1.37406,-2.44541
NVDA240816C01180000,NVDA,2024-08-16,1180.00,call,24.72,21.35,21.05,3,21.65,3,7,296,2024-05-17,0.46853,0.19271,0.00127,-0.34839,1.26398,0.39265
NVDA240816P01180000,NVDA,2024-08-16,1180.00,put,256.24,266.88,265.35,27,268.40,4,7,21,2024-05-17,0.52706,-0.77155,0.00124,-0.26116,1.39683,-2.44748
NVDA240816C01185000,NVDA,2024-08-16,1185.00,call,22.72,20.70,20.40,7,21.00,3,1,1,2024-05-17,0.46853,0.18780,0.00125,-0.34270,1.24411,0.38298
NVDA240816P01185000,NVDA,2024-08-16,1185.00,put,0.00,271.38,269.90,34,272.85,4,0,0,2024-05-17,0.52706,-0.77638,0.00123,-0.25504,1.38005,-2.46901
NVDA240816C01190000,NVDA,2024-08-16,1190.00,call,24.86,20.10,19.80,7,20.40,7,0,100,2024-05-17,0.46853,0.18299,0.00123,-0.33703,1.22423,0.37348
NVDA240816P01190000,NVDA,2024-08-16,1190.00,put,259.00,275.38,273.55,4,277.20,4,0,7,2024-05-17,0.52706,-0.78113,0.00121,-0.24891,1.36320,-2.49041
NVDA240816C01195000,NVDA,2024-08-16,1195.00,call,21.15,19.50,19.20,3,19.80,5,2,3,2024-05-17,0.46853,0.17828,0.00121,-0.33137,1.20436,0.36416
NVDA240816P01195000,NVDA,2024-08-16,1195.00,put,0.00,280.27,278.80,14,281.75,15,0,0,2024-05-17,0.52706,-0.78581,0.00120,-0.24276,1.34628,-2.51167
NVDA240816C01200000,NVDA,2024-08-16,1200.00,call,18.80,18.50,17.95,5,19.05,10,81,2533,2024-05-17,0.46853,0.17366,0.00119,-0.32572,1.18451,0.35501
NVDA240816P01200000,NVDA,2024-08-16,1200.00,put,269.00,284.73,283.50,5,285.95,8,0,33,2024-05-17,0.52706,-0.79040,0.00118,-0.23661,1.32930,-2.53280
NVDA240816C01205000,NVDA,2024-08-16,1205.00,call,19.90,18.35,18.05,3,18.65,7,2,33,2024-05-17,0.46853,0.16914,0.00117,-0.32010,1.16471,0.34605
NVDA240816P01205000,NVDA,2024-08-16,1205.00,put,0.00,289.30,287.80,5,290.80,15,0,0,2024-05-17,0.52706,-0.79492,0.00117,-0.23045,1.31228,-2.55380
NVDA240816C01210000,NVDA,2024-08-16,1210.00,call,23.55,17.80,17.50,5,18.10,5,0,395,2024-05-17,0.46853,0.16471,0.00115,-0.31450,1.14495,0.33725
NVDA240816P01210000,NVDA,2024-08-16,1210.00,put,275.35,293.90,292.45,27,295.35,4,0,1,2024-05-17,0.52706,-0.79936,0.00115,-0.22429,1.29522,-2.57466
NVDA240816C01215000,NVDA,2024-08-16,1215.00,call,18.75,17.27,17.00,8,17.55,8,1,9,2024-05-17,0.46853,0.16038,0.00113,-0.30893,1.12526,0.32864
NVDA240816P01215000,NVDA,2024-08-16,1215.00,put,285.35,298.38,296.95,10,299.80,4,2,1,2024-05-17,0.52706,-0.80373,0.00114,-0.21813,1.27814,-2.59539
NVDA240816C01220000,NVDA,2024-08-16,1220.00,call,18.83,16.75,16.45,8,17.05,8,29,198,2024-05-17,0.46853,0.15614,0.00111,-0.30338,1.10565,0.32019
NVDA240816P01220000,NVDA,2024-08-16,1220.00,put,278.11,302.62,300.80,4,304.45,14,0,17,2024-05-17,0.52706,-0.80802,0.00112,-0.21197,1.26105,-2.61598
NVDA240816C01225000,NVDA,2024-08-16,1225.00,call,18.70,16.25,15.95,8,16.55,8,10,2,2024-05-17,0.46853,0.15199,0.00109,-0.29787,1.08612,0.31192
NVDA240816P01225000,NVDA,2024-08-16,1225.00,put,282.49,307.23,305.40,4,309.05,14,0,1,2024-05-17,0.52706,-0.81224,0.00111,-0.20582,1.24395,-2.63644
NVDA240816C01230000,NVDA,2024-08-16,1230.00,call,15.25,15.75,15.50,5,16.00,15,4,261,2024-05-17,0.46853,0.14793,0.00107,-0.29240,1.06669,0.30381
NVDA240816P01230000,NVDA,2024-08-16,1230.00,put,287.13,312.27,310.90,9,313.65,14,0,20,2024-05-17,0.54657,-0.80508,0.00109,-0.22781,1.27282,-2.63679
NVDA240816C01235000,NVDA,2024-08-16,1235.00,call,17.10,15.30,15.05,8,15.55,5,3,8,2024-05-17,0.46853,0.14396,0.00105,-0.28696,1.04737,0.29588
NVDA240816P01235000,NVDA,2024-08-16,1235.00,put,292.35,316.83,315.35,26,318.30,4,0,32,2024-05-17,0.54657,-0.80915,0.00108,-0.22173,1.25651,-2.65692
NVDA240816C01240000,NVDA,2024-08-16,1240.00,call,18.45,14.88,14.60,5,15.15,5,0,386,2024-05-17,0.46853,0.14008,0.00103,-0.28156,1.02817,0.28811
NVDA240816P01240000,NVDA,2024-08-16,1240.00,put,299.95,321.40,319.75,23,323.05,14,0,23,2024-05-17,0.54657,-0.81315,0.00106,-0.21566,1.24021,-2.67692
NVDA240816C01245000,NVDA,2024-08-16,1245.00,call,15.00,14.43,14.15,5,14.70,6,5,2,2024-05-17,0.46853,0.13629,0.00101,-0.27620,1.00910,0.28050
NVDA240816P01245000,NVDA,2024-08-16,1245.00,put,300.80,326.27,324.80,2,327.75,4,0,6,2024-05-17,0.54657,-0.81708,0.00105,-0.20960,1.22392,-2.69680
NVDA240816C01250000,NVDA,2024-08-16,1250.00,call,14.00,13.93,13.65,2,14.20,20,7,1177,2024-05-17,0.46853,0.13258,0.00099,-0.27089,0.99016,0.27306
NVDA240816P01250000,NVDA,2024-08-16,1250.00,put,479.60,330.50,328.75,10,332.25,13,0,6,2024-05-17,0.54657,-0.82095,0.00104,-0.20356,1.20764,-2.71657
NVDA240816C01255000,NVDA,2024-08-16,1255.00,call,14.80,13.55,13.35,5,13.75,34,5,4,2024-05-17,0.46853,0.12895,0.00097,-0.26563,0.97137,0.26578
NVDA240816P01255000,NVDA,2024-08-16,1255.00,put,0.00,335.25,333.35,4,337.15,4,0,0,2024-05-17,0.54657,-0.82475,0.00102,-0.19753,1.19139,-2.73621
NVDA240816C01260000,NVDA,2024-08-16,1260.00,call,13.15,13.15,12.95,4,13.35,20,2,359,2024-05-17,0.46853,0.12541,0.00095,-0.26041,0.95274,0.25866
NVDA240816P01260000,NVDA,2024-08-16,1260.00,put,450.95,339.88,338.00,6,341.75,4,0,149,2024-05-17,0.54657,-0.82848,0.00101,-0.19151,1.17517,-2.75574
NVDA240816C01270000,NVDA,2024-08-16,1270.00,call,17.27,12.40,12.20,5,12.60,34,0,94,2024-05-17,0.48804,0.13022,0.00094,-0.27790,0.97800,0.26713
NVDA240816P01270000,NVDA,2024-08-16,1270.00,put,351.85,349.35,347.50,18,351.20,4,0,0,2024-05-17,0.56608,-0.82482,0.00099,-0.20794,1.19107,-2.77491
NVDA240816C01280000,NVDA,2024-08-16,1280.00,call,11.74,11.70,11.50,5,11.90,2,6,308,2024-05-17,0.48804,0.12353,0.00091,-0.26765,0.94272,0.25374
NVDA240816P01280000,NVDA,2024-08-16,1280.00,put,351.80,358.90,357.00,4,360.80,14,2,0,2024-05-17,0.56608,-0.83189,0.00096,-0.19608,1.16016,-2.81312
NVDA240816C01290000,NVDA,2024-08-16,1290.00,call,11.07,11.07,10.85,4,11.30,4,21,239,2024-05-17,0.48804,0.11713,0.00087,-0.25760,0.90804,0.24091
NVDA240816P01290000,NVDA,2024-08-16,1290.00,put,441.55,368.50,366.60,4,370.40,4,0,0,2024-05-17,0.56608,-0.83871,0.00094,-0.18431,1.12942,-2.85089
NVDA240816C01300000,NVDA,2024-08-16,1300.00,call,10.61,10.60,10.20,5,11.00,4,224,896,2024-05-17,0.48804,0.11102,0.00084,-0.24776,0.87402,0.22863
NVDA240816P01300000,NVDA,2024-08-16,1300.00,put,393.80,378.02,376.25,3,379.80,13,0,7,2024-05-17,0.58560,-0.83474,0.00092,-0.20113,1.14743,-2.86935
NVDA240816C01320000,NVDA,2024-08-16,1320.00,call,10.65,9.32,9.10,5,9.55,7,4,314,2024-05-17,0.48804,0.09961,0.00078,-0.22873,0.80805,0.20564
NVDA240816P01320000,NVDA,2024-08-16,1320.00,put,427.83,397.35,395.50,4,399.20,38,0,1,2024-05-17,0.58560,-0.84738,0.00087,-0.17806,1.08910,-2.94287
NVDA240816C01340000,NVDA,2024-08-16,1340.00,call,8.90,8.32,8.10,3,8.55,5,15,128,2024-05-17,0.48804,0.08923,0.00072,-0.21061,0.74509,0.18464
NVDA240816P01340000,NVDA,2024-08-16,1340.00,put,393.90,416.82,414.95,4,418.70,52,0,0,2024-05-17,0.60511,-0.84906,0.00084,-0.18394,1.08115,-2.99667
NVDA240816C01360000,NVDA,2024-08-16,1360.00,call,7.50,7.42,7.25,16,7.60,32,11,231,2024-05-17,0.48804,0.07982,0.00066,-0.19346,0.68529,0.16553
NVDA240816P01360000,NVDA,2024-08-16,1360.00,put,428.84,436.30,434.45,4,438.15,40,4,1,2024-05-17,0.62462,-0.85038,0.00081,-0.19025,1.07483,-3.04975
NVDA240816C01380000,NVDA,2024-08-16,1380.00,call,8.62,6.65,6.45,5,6.85,29,0,126,2024-05-17,0.48804,0.07130,0.00060,-0.17729,0.62879,0.14817
NVDA240816P01380000,NVDA,2024-08-16,1380.00,put,502.87,456.02,454.15,15,457.90,54,0,0,2024-05-17,0.64413,-0.85139,0.00078,-0.19698,1.06997,-3.10220
NVDA240816C01400000,NVDA,2024-08-16,1400.00,call,6.05,6.03,5.90,5,6.15,37,50,980,2024-05-17,0.48804,0.06360,0.00055,-0.16212,0.57564,0.13244
NVDA240816P01400000,NVDA,2024-08-16,1400.00,put,495.25,475.60,473.85,3,477.35,54,0,1,2024-05-17,0.64413,-0.86151,0.00074,-0.17536,1.02020,-3.17068
NVDA240816C01410000,NVDA,2024-08-16,1410.00,call,5.77,5.47,5.10,10,5.85,30,4,329,2024-05-17,0.48804,0.06004,0.00053,-0.15490,0.55033,0.12515
NVDA240816P01410000,NVDA,2024-08-16,1410.00,put,568.66,485.50,483.65,4,487.35,52,0,0,2024-05-17,0.66364,-0.85703,0.00074,-0.19341,1.04251,-3.18798
NVDA240816C01420000,NVDA,2024-08-16,1420.00,call,6.52,5.40,5.25,15,5.55,18,0,129,2024-05-17,0.48804,0.05666,0.00051,-0.14793,0.52585,0.11822
NVDA240816P01420000,NVDA,2024-08-16,1420.00,put,515.40,495.40,493.55,18,497.25,40,0,0,2024-05-17,0.66364,-0.86179,0.00072,-0.18281,1.01882,-3.22160
NVDA240816C01430000,NVDA,2024-08-16,1430.00,call,5.24,5.20,5.00,11,5.40,14,4,176,2024-05-17,0.50755,0.06169,0.00052,-0.16427,0.56215,0.12804
NVDA240816P01430000,NVDA,2024-08-16,1430.00,put,512.47,505.48,498.70,40,512.25,40,0,0,2024-05-17,0.68315,-0.85730,0.00071,-0.20110,1.04116,-3.23894
NVDA240816C01440000,NVDA,2024-08-16,1440.00,call,4.95,4.80,4.50,14,5.10,17,25,99,2024-05-17,0.48804,0.05041,0.00046,-0.13472,0.47937,0.10538
NVDA240816P01440000,NVDA,2024-08-16,1440.00,put,584.85,515.20,513.30,15,517.10,16,0,0,2024-05-17,0.68315,-0.86186,0.00070,-0.19064,1.01847,-3.27213
NVDA240816C01450000,NVDA,2024-08-16,1450.00,call,4.55,4.65,4.50,5,4.80,38,7,101,2024-05-17,0.50755,0.05530,0.00048,-0.15059,0.51586,0.11498
NVDA240816P01450000,NVDA,2024-08-16,1450.00,put,499.55,525.30,518.50,40,532.10,40,0,2,2024-05-17,0.68315,-0.86628,0.00068,-0.18028,0.99602,-3.30509
NVDA240816C01460000,NVDA,2024-08-16,1460.00,call,4.85,4.30,4.05,19,4.55,16,2,110,2024-05-17,0.50755,0.05233,0.00046,-0.14409,0.49383,0.10892
NVDA240816P01460000,NVDA,2024-08-16,1460.00,put,513.09,535.27,528.50,40,542.05,40,0,1,2024-05-17,0.70267,-0.86174,0.00068,-0.19885,1.01905,-3.32230
NVDA240816C01470000,NVDA,2024-08-16,1470.00,call,4.65,4.22,4.05,36,4.40,56,1,52,2024-05-17,0.50755,0.04951,0.00044,-0.13782,0.47254,0.10314
NVDA240816P01470000,NVDA,2024-08-16,1470.00,put,560.84,545.20,543.30,4,547.10,40,0,0,2024-05-17,0.70267,-0.86599,0.00067,-0.18862,0.99752,-3.35488
NVDA240816C01480000,NVDA,2024-08-16,1480.00,call,4.10,4.03,3.85,8,4.20,57,4,365,2024-05-17,0.50755,0.04684,0.00042,-0.13176,0.45198,0.09765
NVDA240816P01480000,NVDA,2024-08-16,1480.00,put,547.10,555.10,548.35,40,561.85,40,2,0,2024-05-17,0.72218,-0.86146,0.00066,-0.20741,1.02047,-3.37215
NVDA240816C01490000,NVDA,2024-08-16,1490.00,call,3.90,3.83,3.65,6,4.00,82,3,698,2024-05-17,0.50755,0.04429,0.00040,-0.12592,0.43213,0.09242
NVDA240816P01490000,NVDA,2024-08-16,1490.00,put,614.71,565.05,558.30,40,571.80,40,0,0,2024-05-17,0.72218,-0.86554,0.00065,-0.19732,0.99980,-3.40438
NVDA240816C01500000,NVDA,2024-08-16,1500.00,call,3.70,3.70,3.65,5,3.75,26,142,7701,2024-05-17,0.50755,0.04188,0.00038,-0.12030,0.41300,0.08746
NVDA240816P01500000,NVDA,2024-08-16,1500.00,put,660.12,575.08,568.30,40,581.85,40,0,0,2024-05-17,0.72218,-0.86952,0.00064,-0.18732,0.97933,-3.43643
NVDA240816C01510000,NVDA,2024-08-16,1510.00,call,4.50,3.50,3.35,15,3.65,60,0,63,2024-05-17,0.50755,0.03958,0.00036,-0.11488,0.39455,0.08274
NVDA240816P01510000,NVDA,2024-08-16,1510.00,put,645.01,585.08,578.30,40,591.85,40,0,0,2024-05-17,0.74169,-0.86496,0.00063,-0.20637,1.00277,-3.45363
NVDA240816C01520000,NVDA,2024-08-16,1520.00,call,3.58,3.35,3.20,17,3.50,49,3,50,2024-05-17,0.50755,0.03741,0.00035,-0.10966,0.37679,0.07825
NVDA240816P01520000,NVDA,2024-08-16,1520.00,put,653.82,595.08,588.30,40,601.85,40,0,0,2024-05-17,0.74169,-0.86879,0.00062,-0.19649,0.98310,-3.48536
NVDA240816C01530000,NVDA,2024-08-16,1530.00,call,3.39,3.20,3.05,15,3.35,56,3,23,2024-05-17,0.50755,0.03535,0.00033,-0.10464,0.35970,0.07399
NVDA240816P01530000,NVDA,2024-08-16,1530.00,put,680.73,605.08,598.30,40,611.85,40,0,0,2024-05-17,0.76120,-0.86425,0.00062,-0.21576,1.00639,-3.50264
NVDA240816C01540000,NVDA,2024-08-16,1540.00,call,2.97,3.01,2.88,56,3.15,35,69,67,2024-05-17,0.50755,0.03339,0.00032,-0.09982,0.34325,0.06995
NVDA240816P01540000,NVDA,2024-08-16,1540.00,put,665.99,615.00,608.30,40,621.70,40,0,0,2024-05-17,0.76120,-0.86795,0.00061,-0.20600,0.98745,-3.53409
NVDA240816C01550000,NVDA,2024-08-16,1550.00,call,4.22,2.92,2.79,5,3.05,36,0,903,2024-05-17,0.50755,0.03154,0.00030,-0.09519,0.32745,0.06612
NVDA240816P01550000,NVDA,2024-08-16,1550.00,put,696.13,625.00,618.30,40,631.70,40,0,0,2024-05-17,0.76120,-0.87156,0.00060,-0.19633,0.96871,-3.56538
NVDA240816C01560000,NVDA,2024-08-16,1560.00,call,3.00,2.68,2.44,20,2.92,39,1,71,2024-05-17,0.50755,0.02978,0.00029,-0.09074,0.31226,0.06248
NVDA240816P01560000,NVDA,2024-08-16,1560.00,put,642.07,635.00,628.30,40,641.70,40,0,0,2024-05-17,0.78071,-0.86700,0.00060,-0.21584,0.99234,-3.58263
NVDA240816C01570000,NVDA,2024-08-16,1570.00,call,2.75,2.66,2.53,19,2.79,38,1,229,2024-05-17,0.52706,0.03370,0.00031,-0.10428,0.34585,0.07034
NVDA240816P01570000,NVDA,2024-08-16,1570.00,put,774.24,645.00,638.30,40,651.70,40,0,0,2024-05-17,0.78071,-0.87049,0.00059,-0.20627,0.97428,-3.61367
NVDA240816C01580000,NVDA,2024-08-16,1580.00,call,3.10,2.55,2.42,21,2.68,43,1,39,2024-05-17,0.52706,0.03193,0.00029,-0.09971,0.33082,0.06670
NVDA240816P01580000,NVDA,2024-08-16,1580.00,put,681.26,655.00,648.30,40,661.70,40,0,0,2024-05-17,0.80022,-0.86595,0.00058,-0.22601,0.99771,-3.63100
NVDA240816C01590000,NVDA,2024-08-16,1590.00,call,2.72,2.33,2.10,22,2.56,34,1,15,2024-05-17,0.52706,0.03025,0.00028,-0.09532,0.31636,0.06323
NVDA240816P01590000,NVDA,2024-08-16,1590.00,put,689.75,665.08,658.30,40,671.85,40,0,0,2024-05-17,0.80022,-0.86933,0.00057,-0.21654,0.98029,-3.66181
NVDA240816C01600000,NVDA,2024-08-16,1600.00,call,2.30,2.33,2.25,1,2.42,35,20,254,2024-05-17,0.52706,0.02865,0.00027,-0.09109,0.30243,0.05994
NVDA240816P01600000,NVDA,2024-08-16,1600.00,put,652.55,675.05,668.30,40,681.80,40,0,0,2024-05-17,0.81974,-0.86481,0.00057,-0.23649,1.00352,-3.67922
NVDA240816C01610000,NVDA,2024-08-16,1610.00,call,2.21,2.25,2.13,5,2.36,45,1,18,2024-05-17,0.52706,0.02714,0.00026,-0.08703,0.28904,0.05681
NVDA240816P01610000,NVDA,2024-08-16,1610.00,put,658.70,685.05,678.30,40,691.80,40,0,0,2024-05-17,0.81974,-0.86809,0.00056,-0.22713,0.98671,-3.70980
NVDA240816C01620000,NVDA,2024-08-16,1620.00,call,2.05,2.15,2.04,34,2.26,52,34,40,2024-05-17,0.52706,0.02570,0.00025,-0.08313,0.27617,0.05383
NVDA240816P01620000,NVDA,2024-08-16,1620.00,put,717.35,695.05,688.30,40,701.80,40,0,0,2024-05-17,0.81974,-0.87130,0.00055,-0.21785,0.97006,-3.74026
NVDA240816C01630000,NVDA,2024-08-16,1630.00,call,2.27,2.06,1.95,6,2.17,49,1,17,2024-05-17,0.52706,0.02433,0.00023,-0.07938,0.26380,0.05100
NVDA240816P01630000,NVDA,2024-08-16,1630.00,put,0.00,705.05,698.30,40,711.80,40,0,0,2024-05-17,0.83925,-0.86678,0.00056,-0.23803,0.99349,-3.75768
NVDA240816C01640000,NVDA,2024-08-16,1640.00,call,1.93,2.02,1.95,1,2.09,41,2,371,2024-05-17,0.52706,0.02303,0.00022,-0.07578,0.25192,0.04831
NVDA240816P01640000,NVDA,2024-08-16,1640.00,put,776.60,715.05,708.30,40,721.80,40,0,0,2024-05-17,0.83925,-0.86989,0.00055,-0.22884,0.97740,-3.78793
NVDA240816C01650000,NVDA,2024-08-16,1650.00,call,2.65,1.91,1.84,6,1.97,29,0,45,2024-05-17,0.52706,0.02180,0.00021,-0.07233,0.24051,0.04576
NVDA240816P01650000,NVDA,2024-08-16,1650.00,put,763.15,725.05,718.35,40,731.75,40,0,0,2024-05-17,0.83925,-0.87294,0.00054,-0.21973,0.96147,-3.81807
NVDA240816C01660000,NVDA,2024-08-16,1660.00,call,2.48,1.82,1.71,31,1.93,51,0,17,2024-05-17,0.52706,0.02063,0.00020,-0.06902,0.22956,0.04333
NVDA240816P01660000,NVDA,2024-08-16,1660.00,put,794.35,735.02,728.30,40,741.75,40,0,0,2024-05-17,0.85876,-0.86841,0.00054,-0.24014,0.98505,-3.83551
NVDA240816C01670000,NVDA,2024-08-16,1670.00,call,2.60,1.75,1.64,43,1.85,49,0,23,2024-05-17,0.52706,0.01952,0.00019,-0.06584,0.21905,0.04103
NVDA240816P01670000,NVDA,2024-08-16,1670.00,put,752.20,745.02,738.30,40,751.75,40,0,0,2024-05-17,0.85876,-0.87138,0.00053,-0.23111,0.96964,-3.86547
NVDA240816C01680000,NVDA,2024-08-16,1680.00,call,1.88,1.68,1.57,32,1.78,55,1,17,2024-05-17,0.52706,0.01847,0.00019,-0.06280,0.20898,0.03885
NVDA240816P01680000,NVDA,2024-08-16,1680.00,put,773.89,755.02,748.30,40,761.75,40,0,0,2024-05-17,0.87827,-0.86688,0.00053,-0.25174,0.99297,-3.88299
NVDA240816C01690000,NVDA,2024-08-16,1690.00,call,1.54,1.61,1.51,32,1.72,66,0,27,2024-05-17,0.52706,0.01748,0.00018,-0.05988,0.19933,0.03677
NVDA240816P01690000,NVDA,2024-08-16,1690.00,put,0.00,765.05,758.35,40,771.75,40,0,0,2024-05-17,0.87827,-0.86976,0.00052,-0.24280,0.97806,-3.91278
NVDA240816C01700000,NVDA,2024-08-16,1700.00,call,1.49,1.56,1.50,24,1.62,40,69,119,2024-05-17,0.54657,0.02039,0.00020,-0.07076,0.22731,0.04270
NVDA240816P01700000,NVDA,2024-08-16,1700.00,put,781.40,775.02,768.30,40,781.75,40,0,0,2024-05-17,0.87827,-0.87259,0.00051,-0.23393,0.96328,-3.94247
NVDA240816C01710000,NVDA,2024-08-16,1710.00,call,1.87,1.48,1.38,41,1.59,43,0,18,2024-05-17,0.54657,0.01936,0.00019,-0.06769,0.21748,0.04056
NVDA240816P01710000,NVDA,2024-08-16,1710.00,put,752.60,785.08,778.30,40,791.85,40,0,0,2024-05-17,0.89778,-0.86809,0.00052,-0.25478,0.98670,-3.96002
NVDA240816C01720000,NVDA,2024-08-16,1720.00,call,1.40,1.43,1.33,32,1.53,48,0,29,2024-05-17,0.54657,0.01837,0.00018,-0.06473,0.20804,0.03852
NVDA240816P01720000,NVDA,2024-08-16,1720.00,put,798.80,795.08,788.30,40,801.85,40,0,0,2024-05-17,0.89778,-0.87085,0.00051,-0.24599,0.97238,-3.98956
NVDA240816C01730000,NVDA,2024-08-16,1730.00,call,1.85,1.38,1.27,45,1.48,56,0,91,2024-05-17,0.54657,0.01744,0.00017,-0.06189,0.19896,0.03658
NVDA240816P01730000,NVDA,2024-08-16,1730.00,put,866.80,805.02,798.30,40,811.75,40,0,0,2024-05-17,0.89778,-0.87356,0.00050,-0.23726,0.95819,-4.01901
NVDA240816C01740000,NVDA,2024-08-16,1740.00,call,1.86,1.32,1.22,33,1.43,58,0,58,2024-05-17,0.54657,0.01655,0.00016,-0.05917,0.19025,0.03473
NVDA240816P01740000,NVDA,2024-08-16,1740.00,put,846.80,815.02,808.30,40,821.75,40,0,0,2024-05-17,0.91729,-0.86907,0.00050,-0.25834,0.98167,-4.03659
NVDA240816C01750000,NVDA,2024-08-16,1750.00,call,1.24,1.29,1.23,5,1.35,42,21,430,2024-05-17,0.54657,0.01570,0.00016,-0.05655,0.18189,0.03297
NVDA240816P01750000,NVDA,2024-08-16,1750.00,put,843.35,825.08,818.30,40,831.85,40,0,0,2024-05-17,0.91729,-0.87171,0.00049,-0.24969,0.96791,-4.06589
NVDA240816C01760000,NVDA,2024-08-16,1760.00,call,1.80,1.23,1.13,36,1.33,59,0,20,2024-05-17,0.54657,0.01490,0.00015,-0.05405,0.17386,0.03130
NVDA240816P01760000,NVDA,2024-08-16,1760.00,put,880.05,835.08,828.30,40,841.85,40,0,0,2024-05-17,0.93681,-0.86724,0.00050,-0.27098,0.99113,-4.08356
NVDA240816C01770000,NVDA,2024-08-16,1770.00,call,1.31,1.18,1.08,41,1.28,51,0,15,2024-05-17,0.54657,0.01413,0.00014,-0.05164,0.16615,0.02971
NVDA240816P01770000,NVDA,2024-08-16,1770.00,put,974.24,845.02,838.30,40,851.75,40,0,0,2024-05-17,0.93681,-0.86982,0.00049,-0.26240,0.97778,-4.11274
NVDA240816C01780000,NVDA,2024-08-16,1780.00,call,1.14,1.14,1.04,33,1.24,58,3,21,2024-05-17,0.54657,0.01341,0.00014,-0.04933,0.15876,0.02820
NVDA240816P01780000,NVDA,2024-08-16,1780.00,put,874.20,855.02,848.30,40,861.75,40,0,0,2024-05-17,0.93681,-0.87235,0.00048,-0.25389,0.96455,-4.14183
NVDA240816C01790000,NVDA,2024-08-16,1790.00,call,1.45,1.10,1.00,32,1.20,53,0,131,2024-05-17,0.54657,0.01272,0.00013,-0.04712,0.15168,0.02676
NVDA240816P01790000,NVDA,2024-08-16,1790.00,put,896.80,865.00,858.25,40,871.75,40,0,0,2024-05-17,0.95632,-0.86789,0.00048,-0.27540,0.98778,-4.15954
NVDA240816C01800000,NVDA,2024-08-16,1800.00,call,1.15,1.09,1.05,1,1.13,42,2,622,2024-05-17,0.54657,0.01206,0.00012,-0.04500,0.14488,0.02540
NVDA240816P01800000,NVDA,2024-08-16,1800.00,put,931.30,874.27,866.80,40,881.75,40,0,0,2024-05-17,0.95632,-0.87037,0.00048,-0.26695,0.97493,-4.18851
NVDA240816C01810000,NVDA,2024-08-16,1810.00,call,1.09,1.02,0.92,42,1.12,57,200,268,2024-05-17,0.54657,0.01144,0.00012,-0.04297,0.13837,0.02410
NVDA240816P01810000,NVDA,2024-08-16,1810.00,put,948.50,885.02,878.25,40,891.80,40,0,0,2024-05-17,0.95632,-0.87280,0.00047,-0.25856,0.96219,-4.21740
NVDA240816C01820000,NVDA,2024-08-16,1820.00,call,1.17,0.99,0.89,31,1.08,39,0,20,2024-05-17,0.54657,0.01085,0.00011,-0.04102,0.13213,0.02287
NVDA240816P01820000,NVDA,2024-08-16,1820.00,put,0.00,895.02,888.25,40,901.80,40,0,0,2024-05-17,0.97583,-0.86834,0.00047,-0.28029,0.98542,-4.23515
NVDA240816C01830000,NVDA,2024-08-16,1830.00,call,1.00,0.95,0.85,47,1.05,63,10,8,2024-05-17,0.56608,0.01300,0.00013,-0.04967,0.15455,0.02726
NVDA240816P01830000,NVDA,2024-08-16,1830.00,put,0.00,905.02,898.25,40,911.80,40,0,0,2024-05-17,0.97583,-0.87073,0.00047,-0.27197,0.97304,-4.26394
NVDA240816C01840000,NVDA,2024-08-16,1840.00,call,1.14,0.92,0.82,43,1.01,56,0,8,2024-05-17,0.56608,0.01237,0.00012,-0.04756,0.14803,0.02595
NVDA240816P01840000,NVDA,2024-08-16,1840.00,put,0.00,915.02,908.25,40,921.80,40,0,0,2024-05-17,0.97583,-0.87307,0.00046,-0.26370,0.96076,-4.29265
NVDA240816C01850000,NVDA,2024-08-16,1850.00,call,0.93,0.88,0.80,10,0.96,42,34,101,2024-05-17,0.56608,0.01176,0.00012,-0.04554,0.14176,0.02470
NVDA240816P01850000,NVDA,2024-08-16,1850.00,put,0.00,925.00,918.25,40,931.75,40,0,0,2024-05-17,0.99534,-0.86863,0.00046,-0.28565,0.98396,-4.31045
NVDA240816C01860000,NVDA,2024-08-16,1860.00,call,1.09,0.85,0.76,42,0.95,63,0,12,2024-05-17,0.56608,0.01119,0.00011,-0.04360,0.13575,0.02351
NVDA240816P01860000,NVDA,2024-08-16,1860.00,put,0.00,935.00,928.25,40,941.75,40,0,0,2024-05-17,0.99534,-0.87092,0.00046,-0.27745,0.97202,-4.33906
NVDA240816C01870000,NVDA,2024-08-16,1870.00,call,0.82,0.85,0.78,5,0.92,45,7,18,2024-05-17,0.56608,0.01065,0.00011,-0.04173,0.12997,0.02237
NVDA240816P01870000,NVDA,2024-08-16,1870.00,put,0.00,945.00,938.25,40,951.75,40,0,0,2024-05-17,0.99534,-0.87318,0.00045,-0.26930,0.96018,-4.36761
NVDA240816C01880000,NVDA,2024-08-16,1880.00,call,1.09,0.79,0.70,41,0.89,63,0,12,2024-05-17,0.56608,0.01013,0.00010,-0.03995,0.12442,0.02129
NVDA240816P01880000,NVDA,2024-08-16,1880.00,put,0.00,955.00,948.25,40,961.75,40,0,0,2024-05-17,1.01485,-0.86875,0.00045,-0.29146,0.98334,-4.38545
NVDA240816C01890000,NVDA,2024-08-16,1890.00,call,0.82,0.77,0.67,47,0.87,65,1,32,2024-05-17,0.56608,0.00963,0.00010,-0.03823,0.11909,0.02026
NVDA240816P01890000,NVDA,2024-08-16,1890.00,put,0.00,965.00,958.25,40,971.75,40,0,0,2024-05-17,1.01485,-0.87096,0.00045,-0.28337,0.97182,-4.41390
NVDA240816C01900000,NVDA,2024-08-16,1900.00,call,0.82,0.76,0.70,1,0.83,59,110,1119,2024-05-17,0.56608,0.00916,0.00009,-0.03658,0.11398,0.01928
NVDA240816P01900000,NVDA,2024-08-16,1900.00,put,0.00,974.95,968.30,40,981.60,40,0,0,2024-05-17,1.01485,-0.87314,0.00044,-0.27533,0.96039,-4.44229
NVDA240816C01910000,NVDA,2024-08-16,1910.00,call,0.75,0.72,0.62,48,0.81,60,1,61,2024-05-17,0.56608,0.00871,0.00009,-0.03500,0.10908,0.01834
NVDA240816P01910000,NVDA,2024-08-16,1910.00,put,0.00,984.92,978.25,40,991.60,40,0,0,2024-05-17,1.03437,-0.86872,0.00045,-0.29771,0.98349,-4.46019
NVDA240816C01920000,NVDA,2024-08-16,1920.00,call,0.83,0.70,0.60,46,0.79,67,0,63,2024-05-17,0.56608,0.00828,0.00009,-0.03349,0.10437,0.01745
NVDA240816P01920000,NVDA,2024-08-16,1920.00,put,0.00,994.92,988.25,40,1001.60,40,0,0,2024-05-17,1.03437,-0.87086,0.00044,-0.28973,0.97236,-4.48849
NVDA240816C01930000,NVDA,2024-08-16,1930.00,call,0.98,0.68,0.58,44,0.77,65,0,371,2024-05-17,0.56608,0.00788,0.00008,-0.03203,0.09986,0.01660
NVDA240816P01930000,NVDA,2024-08-16,1930.00,put,1072.50,1004.92,998.25,40,1011.60,40,0,0,2024-05-17,1.03437,-0.87296,0.00044,-0.28180,0.96132,-4.51673
NVDA240816C01940000,NVDA,2024-08-16,1940.00,call,0.64,0.62,0.59,9,0.66,1,230,2864,2024-05-17,0.56608,0.00749,0.00008,-0.03064,0.09553,0.01579
NVDA240816P01940000,NVDA,2024-08-16,1940.00,put,1035.75,1014.92,1008.25,40,1021.60,40,0,0,2024-05-17,1.05388,-0.86855,0.00044,-0.30438,0.98434,-4.53468
NVDA240920C00005000,NVDA,2024-09-20,5.00,call,886.10,919.73,914.70,40,924.75,40,0,368,2024-05-17,0.01976,1.00000,0.00000,-0.00072,0.00000,0.01695
NVDA240920P00005000,NVDA,2024-09-20,5.00,put,0.01,0.01,0.00,0,0.01,200,0,5015,2024-05-17,2.69286,-0.00002,0.00000,-0.00051,0.00048,-0.00010
NVDA240920C00010000,NVDA,2024-09-20,10.00,call,885.05,914.80,909.75,40,919.85,40,0,1000,2024-05-17,0.01976,1.00000,0.00000,-0.00143,0.00000,0.03389
NVDA240920P00010000,NVDA,2024-09-20,10.00,put,0.01,0.01,0.00,0,0.01,565,0,2294,2024-05-17,2.28312,-0.00002,0.00000,-0.00051,0.00057,-0.00011
NVDA240920C00015000,NVDA,2024-09-20,15.00,call,804.58,909.90,904.85,40,914.95,40,0,24,2024-05-17,0.01976,1.00000,0.00000,-0.00215,0.00000,0.05084
NVDA240920P00015000,NVDA,2024-09-20,15.00,put,0.01,0.01,0.00,0,0.01,25,0,67,2024-05-17,2.06849,-0.00003,0.00000,-0.00056,0.00069,-0.00013
NVDA240920C00020000,NVDA,2024-09-20,20.00,call,800.46,905.00,899.95,40,910.05,40,0,2102,2024-05-17,0.01976,1.00000,0.00000,-0.00287,0.00000,0.06778
NVDA240920P00020000,NVDA,2024-09-20,20.00,put,0.01,0.01,0.00,0,0.01,100,0,2210,2024-05-17,1.91239,-0.00003,0.00000,-0.00057,0.00076,-0.00014
NVDA240920C00025000,NVDA,2024-09-20,25.00,call,862.22,900.05,894.95,40,905.15,40,0,28,2024-05-17,0.01976,1.00000,0.00000,-0.00358,0.00000,0.08473
NVDA240920P00025000,NVDA,2024-09-20,25.00,put,0.02,0.01,0.00,0,0.01,500,0,21,2024-05-17,1.79532,-0.00004,0.00000,-0.00058,0.00083,-0.00015
NVDA240920C00030000,NVDA,2024-09-20,30.00,call,764.68,895.15,890.05,40,900.25,40,0,108,2024-05-17,0.01976,1.00000,0.00000,-0.00430,0.00000,0.10167
NVDA240920P00030000,NVDA,2024-09-20,30.00,put,0.00,0.01,0.00,0,0.15,16,0,0,2024-05-17,1.69776,-0.00004,0.00000,-0.00058,0.00087,-0.00016
NVDA240920C00035000,NVDA,2024-09-20,35.00,call,0.00,890.73,888.60,40,892.85,40,0,0,2024-05-17,2.16604,0.99937,0.00000,-0.01521,0.01201,0.11559
NVDA240920P00035000,NVDA,2024-09-20,35.00,put,0.01,0.01,0.00,0,0.26,67,0,33,2024-05-17,1.61972,-0.00004,0.00000,-0.00060,0.00094,-0.00017
NVDA240920C00040000,NVDA,2024-09-20,40.00,call,0.00,885.92,883.70,40,888.15,9,0,0,2024-05-17,2.14653,0.99914,0.00000,-0.01910,0.01589,0.13144
NVDA240920P00040000,NVDA,2024-09-20,40.00,put,0.00,0.01,0.00,0,0.26,45,0,0,2024-05-17,1.54167,-0.00004,0.00000,-0.00056,0.00092,-0.00016
NVDA240920C00045000,NVDA,2024-09-20,45.00,call,775.21,880.45,875.35,40,885.55,40,0,2,2024-05-17,0.01976,1.00000,0.00000,-0.00645,0.00000,0.15251
NVDA240920P00045000,NVDA,2024-09-20,45.00,put,0.02,0.01,0.00,0,0.26,45,0,51,2024-05-17,1.48313,-0.00004,0.00000,-0.00057,0.00098,-0.00017
NVDA240920C00050000,NVDA,2024-09-20,50.00,call,855.15,876.08,874.35,4,877.80,4,0,267,2024-05-17,1.97093,0.99908,0.00000,-0.02026,0.01698,0.16518
NVDA240920P00050000,NVDA,2024-09-20,50.00,put,0.01,0.01,0.00,0,0.26,45,0,333,2024-05-17,1.42460,-0.00004,0.00000,-0.00054,0.00097,-0.00017
NVDA240920C00055000,NVDA,2024-09-20,55.00,call,0.00,871.22,869.05,40,873.40,40,0,0,2024-05-17,1.93190,0.99893,0.00000,-0.02260,0.01946,0.18146
NVDA240920P00055000,NVDA,2024-09-20,55.00,put,0.05,0.01,0.00,0,0.26,45,0,10,2024-05-17,1.38558,-0.00005,0.00000,-0.00059,0.00109,-0.00019
NVDA240920C00060000,NVDA,2024-09-20,60.00,call,0.00,866.27,864.05,40,868.50,40,0,0,2024-05-17,1.83435,0.99901,0.00000,-0.02158,0.01809,0.19889
NVDA240920P00060000,NVDA,2024-09-20,60.00,put,0.07,0.01,0.00,0,0.26,45,0,84,2024-05-17,1.34655,-0.00005,0.00000,-0.00062,0.00118,-0.00021
NVDA240920C00065000,NVDA,2024-09-20,65.00,call,0.00,861.45,859.25,40,863.65,9,0,0,2024-05-17,1.83435,0.99873,0.00000,-0.02560,0.02270,0.21455
NVDA240920P00065000,NVDA,2024-09-20,65.00,put,0.02,0.01,0.00,0,0.26,45,0,20,2024-05-17,1.30753,-0.00006,0.00000,-0.00063,0.00124,-0.00022
NVDA240920C00070000,NVDA,2024-09-20,70.00,call,813.63,855.95,850.85,40,861.05,40,0,2,2024-05-17,0.01976,1.00000,0.00000,-0.01004,0.00000,0.23724
NVDA240920P00070000,NVDA,2024-09-20,70.00,put,0.10,0.01,0.00,0,0.26,45,0,7,2024-05-17,1.26851,-0.00006,0.00000,-0.00062,0.00126,-0.00022
NVDA240920C00075000,NVDA,2024-09-20,75.00,call,654.40,851.08,846.00,40,856.15,40,0,97,2024-05-17,0.01976,1.00000,0.00000,-0.01075,0.00000,0.25418
NVDA240920P00075000,NVDA,2024-09-20,75.00,put,0.02,0.01,0.00,0,0.04,12,0,194,2024-05-17,1.22948,-0.00006,0.00000,-0.00060,0.00124,-0.00021
NVDA240920C00080000,NVDA,2024-09-20,80.00,call,0.00,846.73,844.50,40,848.95,40,0,0,2024-05-17,1.67825,0.99862,0.00000,-0.02755,0.02453,0.26507
NVDA240920P00080000,NVDA,2024-09-20,80.00,put,0.01,0.01,0.00,0,0.27,45,0,44,2024-05-17,1.19046,-0.00005,0.00000,-0.00055,0.00119,-0.00020
NVDA240920C00085000,NVDA,2024-09-20,85.00,call,474.98,841.28,836.20,40,846.35,40,0,1,2024-05-17,0.01976,1.00000,0.00000,-0.01219,0.00000,0.28808
NVDA240920P00085000,NVDA,2024-09-20,85.00,put,0.15,0.01,0.00,0,0.27,45,0,13,2024-05-17,1.17095,-0.00006,0.00000,-0.00062,0.00136,-0.00023
NVDA240920C00090000,NVDA,2024-09-20,90.00,call,512.78,836.38,831.30,40,841.45,40,0,1,2024-05-17,0.01976,1.00000,0.00000,-0.01290,0.00000,0.30502
NVDA240920P00090000,NVDA,2024-09-20,90.00,put,0.03,0.01,0.00,0,0.27,45,0,172,2024-05-17,1.13192,-0.00006,0.00000,-0.00055,0.00124,-0.00021
NVDA240920C00095000,NVDA,2024-09-20,95.00,call,635.05,831.47,826.40,40,836.55,40,0,5,2024-05-17,0.01976,1.00000,0.00000,-0.01362,0.00000,0.32197
NVDA240920P00095000,NVDA,2024-09-20,95.00,put,0.12,0.01,0.00,0,0.27,45,0,8,2024-05-17,1.11241,-0.00006,0.00000,-0.00060,0.00138,-0.00023
NVDA240920C00100000,NVDA,2024-09-20,100.00,call,798.05,826.62,822.05,40,831.20,40,0,764,2024-05-17,1.05388,0.99996,0.00000,-0.01473,0.00095,0.33876
NVDA240920P00100000,NVDA,2024-09-20,100.00,put,0.01,0.03,0.01,6,0.05,20,0,3878,2024-05-17,1.17095,-0.00016,0.00000,-0.00150,0.00328,-0.00060
NVDA240920C00110000,NVDA,2024-09-20,110.00,call,738.44,816.78,811.70,40,821.85,40,0,44,2024-05-17,0.01976,1.00000,0.00000,-0.01577,0.00000,0.37280
NVDA240920P00110000,NVDA,2024-09-20,110.00,put,0.04,0.01,0.00,0,0.28,45,0,66,2024-05-17,1.03437,-0.00006,0.00000,-0.00055,0.00137,-0.00023
NVDA240920C00120000,NVDA,2024-09-20,120.00,call,599.25,806.97,801.90,40,812.05,40,0,11,2024-05-17,0.01976,1.00000,0.00000,-0.01720,0.00000,0.40669
NVDA240920P00120000,NVDA,2024-09-20,120.00,put,0.04,0.01,0.00,0,0.10,2,0,1720,2024-05-17,0.99534,-0.00007,0.00000,-0.00058,0.00149,-0.00025
NVDA240920C00130000,NVDA,2024-09-20,130.00,call,308.90,797.17,792.10,40,802.25,40,0,5,2024-05-17,0.95632,0.99993,0.00000,-0.01922,0.00155,0.44033
NVDA240920P00130000,NVDA,2024-09-20,130.00,put,0.01,0.15,0.01,14,0.29,45,0,1710,2024-05-17,1.19046,-0.00073,0.00000,-0.00638,0.01376,-0.00288
NVDA240920C00140000,NVDA,2024-09-20,140.00,call,489.64,787.38,782.30,40,792.45,40,0,5,2024-05-17,1.01485,0.99976,0.00000,-0.02198,0.00482,0.47359
NVDA240920P00140000,NVDA,2024-09-20,140.00,put,0.08,0.01,0.00,0,0.30,45,0,819,2024-05-17,0.91729,-0.00007,0.00000,-0.00055,0.00155,-0.00026
NVDA240920C00150000,NVDA,2024-09-20,150.00,call,750.97,778.17,776.10,40,780.25,40,0,59,2024-05-17,1.28802,0.99749,0.00001,-0.04267,0.04226,0.49810
NVDA240920P00150000,NVDA,2024-09-20,150.00,put,0.16,0.01,0.00,0,0.30,45,0,2322,2024-05-17,0.87827,-0.00007,0.00000,-0.00050,0.00148,-0.00024
NVDA240920C00160000,NVDA,2024-09-20,160.00,call,741.84,767.80,762.70,40,772.90,40,0,16,2024-05-17,1.01485,0.99946,0.00000,-0.02700,0.01029,0.54023
NVDA240920P00160000,NVDA,2024-09-20,160.00,put,0.06,0.06,0.01,1,0.11,1,0,146,2024-05-17,0.97583,-0.00036,0.00000,-0.00273,0.00720,-0.00136
NVDA240920C00170000,NVDA,2024-09-20,170.00,call,711.35,758.03,752.95,40,763.10,40,0,26,2024-05-17,1.01485,0.99924,0.00000,-0.03000,0.01427,0.57325
NVDA240920P00170000,NVDA,2024-09-20,170.00,put,0.10,0.08,0.05,20,0.10,1,0,256,2024-05-17,0.97583,-0.00053,0.00000,-0.00388,0.01023,-0.00200
NVDA240920C00180000,NVDA,2024-09-20,180.00,call,648.74,748.22,743.15,40,753.30,40,0,15,2024-05-17,0.99534,0.99910,0.00001,-0.03220,0.01655,0.60664
NVDA240920P00180000,NVDA,2024-09-20,180.00,put,0.05,0.12,0.03,60,0.21,22,0,173,2024-05-17,0.97583,-0.00075,0.00000,-0.00534,0.01411,-0.00284
NVDA240920C00190000,NVDA,2024-09-20,190.00,call,716.50,738.45,733.35,40,743.55,40,0,44,2024-05-17,0.97583,0.99896,0.00001,-0.03441,0.01894,0.64000
NVDA240920P00190000,NVDA,2024-09-20,190.00,put,0.11,0.01,0.00,0,0.37,45,0,241,2024-05-17,0.78071,-0.00010,0.00000,-0.00065,0.00215,-0.00036
NVDA240920C00200000,NVDA,2024-09-20,200.00,call,638.00,729.20,727.20,8,731.20,40,0,59,2024-05-17,1.11241,0.99651,0.00002,-0.05323,0.05696,0.66395
NVDA240920P00200000,NVDA,2024-09-20,200.00,put,0.06,0.08,0.06,5004,0.10,1,0,1039,2024-05-17,0.87827,-0.00055,0.00000,-0.00362,0.01063,-0.00205
NVDA240920C00210000,NVDA,2024-09-20,210.00,call,682.49,718.88,713.80,40,723.95,40,0,44,2024-05-17,0.95632,0.99842,0.00001,-0.04039,0.02777,0.70572
NVDA240920P00210000,NVDA,2024-09-20,210.00,put,0.02,0.10,0.02,20,0.17,1,0,416,2024-05-17,0.85876,-0.00063,0.00000,-0.00395,0.01188,-0.00231
NVDA240920C00220000,NVDA,2024-09-20,220.00,call,738.38,709.10,704.00,40,714.20,40,0,80,2024-05-17,0.93681,0.99824,0.00001,-0.04269,0.03074,0.73892
NVDA240920P00220000,NVDA,2024-09-20,220.00,put,0.10,0.14,0.01,5,0.26,66,0,134,2024-05-17,0.85876,-0.00086,0.00001,-0.00529,0.01593,-0.00318
NVDA240920C00230000,NVDA,2024-09-20,230.00,call,682.43,699.33,694.25,40,704.40,40,0,144,2024-05-17,0.91729,0.99805,0.00001,-0.04494,0.03373,0.77211
NVDA240920P00230000,NVDA,2024-09-20,230.00,put,0.17,0.11,0.02,49,0.21,1,0,277,2024-05-17,0.81974,-0.00077,0.00001,-0.00454,0.01434,-0.00281
NVDA240920C00240000,NVDA,2024-09-20,240.00,call,653.33,689.53,684.45,40,694.60,40,0,84,2024-05-17,0.89778,0.99785,0.00001,-0.04715,0.03672,0.80530
NVDA240920P00240000,NVDA,2024-09-20,240.00,put,0.23,0.01,0.00,0,0.30,38,0,524,2024-05-17,0.66364,-0.00011,0.00000,-0.00059,0.00229,-0.00038
NVDA240920C00250000,NVDA,2024-09-20,250.00,call,681.43,680.27,678.55,4,682.00,4,43,194,2024-05-17,0.97583,0.99534,0.00003,-0.06363,0.07374,0.82921
NVDA240920P00250000,NVDA,2024-09-20,250.00,put,0.13,0.17,0.10,4,0.23,1,0,8509,2024-05-17,0.80022,-0.00112,0.00001,-0.00627,0.02030,-0.00411
NVDA240920C00260000,NVDA,2024-09-20,260.00,call,696.25,669.97,664.90,40,675.05,40,0,42,2024-05-17,0.85876,0.99747,0.00002,-0.05138,0.04258,0.87170
NVDA240920P00260000,NVDA,2024-09-20,260.00,put,0.22,0.01,0.00,0,0.35,43,0,1496,2024-05-17,0.62462,-0.00011,0.00000,-0.00057,0.00238,-0.00039
NVDA240920C00270000,NVDA,2024-09-20,270.00,call,682.35,660.20,655.10,40,665.30,40,0,50,2024-05-17,0.85876,0.99682,0.00002,-0.05605,0.05237,0.90311
NVDA240920P00270000,NVDA,2024-09-20,270.00,put,0.26,0.14,0.01,1,0.26,1,0,491,2024-05-17,0.74169,-0.00102,0.00001,-0.00531,0.01858,-0.00369
NVDA240920C00280000,NVDA,2024-09-20,280.00,call,493.55,650.42,645.35,40,655.50,40,0,20,2024-05-17,0.83925,0.99660,0.00002,-0.05811,0.05558,0.93622
NVDA240920P00280000,NVDA,2024-09-20,280.00,put,0.32,0.22,0.03,45,0.41,44,0,1222,2024-05-17,0.76120,-0.00166,0.00001,-0.00853,0.02910,-0.00608
NVDA240920C00290000,NVDA,2024-09-20,290.00,call,637.45,640.67,635.60,40,645.75,40,0,65,2024-05-17,0.81974,0.99639,0.00002,-0.06009,0.05866,0.96936
NVDA240920P00290000,NVDA,2024-09-20,290.00,put,0.27,0.30,0.15,41,0.45,75,0,564,2024-05-17,0.76120,-0.00213,0.00002,-0.01070,0.03653,-0.00783
NVDA240920C00300000,NVDA,2024-09-20,300.00,call,566.08,631.50,629.85,8,633.15,8,0,117,2024-05-17,0.87827,0.99334,0.00004,-0.07723,0.10127,0.99128
NVDA240920P00300000,NVDA,2024-09-20,300.00,put,0.28,0.21,0.09,45,0.32,1,1,2550,2024-05-17,0.72218,-0.00181,0.00001,-0.00876,0.03153,-0.00660
NVDA240920C00310000,NVDA,2024-09-20,310.00,call,584.80,621.10,616.10,40,626.10,40,0,174,2024-05-17,0.78071,0.99600,0.00003,-0.06375,0.06434,1.03578
NVDA240920P00310000,NVDA,2024-09-20,310.00,put,0.24,0.32,0.19,148,0.44,52,10,634,2024-05-17,0.72218,-0.00232,0.00002,-0.01092,0.03936,-0.00845
NVDA240920C00320000,NVDA,2024-09-20,320.00,call,586.18,611.20,606.30,40,616.10,40,0,57,2024-05-17,0.76120,0.99583,0.00003,-0.06542,0.06687,1.06907
NVDA240920P00320000,NVDA,2024-09-20,320.00,put,0.33,0.36,0.16,45,0.57,32,2,1450,2024-05-17,0.72218,-0.00292,0.00002,-0.01345,0.04852,-0.01067
NVDA240920C00330000,NVDA,2024-09-20,330.00,call,470.92,601.27,597.80,40,604.75,40,0,61,2024-05-17,0.72218,0.99636,0.00003,-0.06368,0.05910,1.10508
NVDA240920P00330000,NVDA,2024-09-20,330.00,put,0.35,0.41,0.20,45,0.62,9,0,2078,2024-05-17,0.70267,-0.00301,0.00002,-0.01343,0.04982,-0.01095
NVDA240920C00340000,NVDA,2024-09-20,340.00,call,601.47,593.48,589.00,40,597.95,40,1,79,2024-05-17,0.87827,0.98722,0.00007,-0.10912,0.17925,1.10274
NVDA240920P00340000,NVDA,2024-09-20,340.00,put,0.42,0.52,0.37,5,0.67,54,0,1123,2024-05-17,0.70267,-0.00374,0.00003,-0.01632,0.06060,-0.01366
NVDA240920C00350000,NVDA,2024-09-20,350.00,call,586.78,582.62,580.90,4,584.35,4,1,135,2024-05-17,0.78071,0.99152,0.00005,-0.08765,0.12532,1.15432
NVDA240920P00350000,NVDA,2024-09-20,350.00,put,0.54,0.43,0.30,45,0.56,1,20,1833,2024-05-17,0.66364,-0.00313,0.00003,-0.01312,0.05162,-0.01131
NVDA240920C00360000,NVDA,2024-09-20,360.00,call,588.89,571.73,568.60,40,574.85,40,6,122,2024-05-17,0.64413,0.99684,0.00003,-0.06444,0.05208,1.20870
NVDA240920P00360000,NVDA,2024-09-20,360.00,put,0.54,0.53,0.36,45,0.70,3,0,1837,2024-05-17,0.66364,-0.00389,0.00003,-0.01592,0.06273,-0.01409
NVDA240920C00370000,NVDA,2024-09-20,370.00,call,585.66,562.28,558.70,40,565.85,40,0,70,2024-05-17,0.68315,0.99428,0.00004,-0.07617,0.08859,1.23304
NVDA240920P00370000,NVDA,2024-09-20,370.00,put,0.46,0.69,0.43,45,0.95,42,0,1364,2024-05-17,0.68315,-0.00572,0.00004,-0.02313,0.08859,-0.02093
NVDA240920C00380000,NVDA,2024-09-20,380.00,call,534.11,554.00,549.00,40,559.00,40,0,202,2024-05-17,0.78071,0.98639,0.00008,-0.11091,0.18921,1.23624
NVDA240920P00380000,NVDA,2024-09-20,380.00,put,0.73,0.66,0.50,87,0.82,18,36,1670,2024-05-17,0.64413,-0.00483,0.00004,-0.01873,0.07615,-0.01748
NVDA240920C00390000,NVDA,2024-09-20,390.00,call,526.50,542.83,539.60,40,546.05,40,0,107,2024-05-17,0.66364,0.99299,0.00005,-0.08276,0.10608,1.29613
NVDA240920P00390000,NVDA,2024-09-20,390.00,put,0.71,0.79,0.57,41,1.01,1,1,1254,2024-05-17,0.64413,-0.00588,0.00005,-0.02229,0.09074,-0.02134
NVDA240920C00400000,NVDA,2024-09-20,400.00,call,566.77,533.02,529.55,40,536.50,40,0,969,2024-05-17,0.64413,0.99290,0.00006,-0.08364,0.10716,1.32983
NVDA240920P00400000,NVDA,2024-09-20,400.00,put,0.75,0.93,0.75,5,1.10,37,1,4423,2024-05-17,0.64413,-0.00710,0.00006,-0.02630,0.10716,-0.02582
NVDA240920C00410000,NVDA,2024-09-20,410.00,call,480.00,524.30,522.10,40,526.50,58,0,552,2024-05-17,0.70267,0.98683,0.00009,-0.10799,0.18391,1.34053
NVDA240920P00410000,NVDA,2024-09-20,410.00,put,1.03,0.94,0.77,36,1.10,9,12,1442,2024-05-17,0.62462,-0.00714,0.00006,-0.02562,0.10777,-0.02588
NVDA240920C00420000,NVDA,2024-09-20,420.00,call,495.54,514.45,511.55,64,517.35,64,0,246,2024-05-17,0.68315,0.98655,0.00009,-0.10888,0.18729,1.37358
NVDA240920P00420000,NVDA,2024-09-20,420.00,put,0.95,1.16,1.00,5,1.31,61,2,1588,2024-05-17,0.62462,-0.00855,0.00007,-0.02999,0.12631,-0.03107
NVDA240920C00430000,NVDA,2024-09-20,430.00,call,486.37,504.62,501.85,24,507.40,40,0,229,2024-05-17,0.66364,0.98631,0.00010,-0.10959,0.19018,1.40679
NVDA240920P00430000,NVDA,2024-09-20,430.00,put,1.04,1.27,1.11,37,1.43,62,0,2051,2024-05-17,0.62462,-0.01016,0.00008,-0.03484,0.14687,-0.03700
NVDA240920C00440000,NVDA,2024-09-20,440.00,call,478.00,494.88,492.10,40,497.65,61,0,235,2024-05-17,0.64413,0.98612,0.00010,-0.11013,0.19252,1.44018
NVDA240920P00440000,NVDA,2024-09-20,440.00,put,1.39,1.42,1.28,5,1.56,64,0,1111,2024-05-17,0.60511,-0.01020,0.00008,-0.03382,0.14738,-0.03699
NVDA240920C00450000,NVDA,2024-09-20,450.00,call,506.93,485.68,484.05,5,487.30,4,0,660,2024-05-17,0.66364,0.98167,0.00012,-0.12597,0.24430,1.45708
NVDA240920P00450000,NVDA,2024-09-20,450.00,put,1.40,1.54,1.39,40,1.70,52,1,2542,2024-05-17,0.60511,-0.01205,0.00010,-0.03904,0.17030,-0.04379
NVDA240920C00460000,NVDA,2024-09-20,460.00,call,458.57,475.88,473.35,63,478.40,63,0,326,2024-05-17,0.64413,0.98138,0.00013,-0.12632,0.24759,1.49019
NVDA240920P00460000,NVDA,2024-09-20,460.00,put,1.86,1.70,1.54,39,1.86,75,0,698,2024-05-17,0.60511,-0.01413,0.00011,-0.04475,0.19541,-0.05147
NVDA240920C00465000,NVDA,2024-09-20,465.00,call,435.77,470.70,467.95,40,473.45,40,0,19,2024-05-17,0.62462,0.98244,0.00013,-0.12230,0.23546,1.51145
NVDA240920P00465000,NVDA,2024-09-20,465.00,put,1.55,1.79,1.63,35,1.95,71,1,123,2024-05-17,0.58560,-0.01308,0.00011,-0.04049,0.18288,-0.04739
NVDA240920C00470000,NVDA,2024-09-20,470.00,call,451.00,466.00,463.25,40,468.75,40,0,194,2024-05-17,0.62462,0.98114,0.00014,-0.12648,0.25027,1.52352
NVDA240920P00470000,NVDA,2024-09-20,470.00,put,1.67,1.88,1.72,33,2.04,74,0,1313,2024-05-17,0.58560,-0.01416,0.00011,-0.04334,0.19587,-0.05138
NVDA240920C00475000,NVDA,2024-09-20,475.00,call,436.14,461.70,458.00,41,465.40,40,0,5,2024-05-17,0.64413,0.97716,0.00015,-0.13975,0.29436,1.52510
NVDA240920P00475000,NVDA,2024-09-20,475.00,put,1.71,1.98,1.81,35,2.14,71,0,415,2024-05-17,0.58560,-0.01531,0.00012,-0.04632,0.20944,-0.05561
NVDA240920C00480000,NVDA,2024-09-20,480.00,call,477.37,456.65,454.50,28,458.80,51,0,605,2024-05-17,0.62462,0.97834,0.00015,-0.13521,0.28149,1.54689
NVDA240920P00480000,NVDA,2024-09-20,480.00,put,1.74,2.08,1.91,42,2.24,75,0,922,2024-05-17,0.58560,-0.01652,0.00013,-0.04941,0.22358,-0.06008
NVDA240920C00485000,NVDA,2024-09-20,485.00,call,471.53,451.50,448.85,40,454.15,40,0,22,2024-05-17,0.60511,0.97957,0.00015,-0.13069,0.26789,1.56881
NVDA240920P00485000,NVDA,2024-09-20,485.00,put,1.85,2.17,2.01,36,2.34,62,0,94,2024-05-17,0.58560,-0.01780,0.00014,-0.05263,0.23829,-0.06481
NVDA240920C00490000,NVDA,2024-09-20,490.00,call,430.00,446.52,444.25,41,448.80,10,0,1386,2024-05-17,0.60511,0.97810,0.00016,-0.13506,0.28405,1.58029
NVDA240920P00490000,NVDA,2024-09-20,490.00,put,3.15,2.26,2.12,38,2.40,60,0,758,2024-05-17,0.56608,-0.01653,0.00013,-0.04771,0.22367,-0.05984
NVDA240920C00495000,NVDA,2024-09-20,495.00,call,323.05,441.45,439.10,41,443.80,10,0,22,2024-05-17,0.58560,0.97943,0.00016,-0.13040,0.26945,1.60254
NVDA240920P00495000,NVDA,2024-09-20,495.00,put,3.50,2.41,2.24,35,2.57,62,0,350,2024-05-17,0.56608,-0.01783,0.00014,-0.05086,0.23859,-0.06461
NVDA240920C00500000,NVDA,2024-09-20,500.00,call,457.42,437.93,435.80,1,440.05,40,4,1486,2024-05-17,0.62462,0.97189,0.00019,-0.15409,0.35026,1.59035
NVDA240920P00500000,NVDA,2024-09-20,500.00,put,2.55,2.42,2.25,19,2.58,5,22,1482,2024-05-17,0.56608,-0.01920,0.00015,-0.05414,0.25411,-0.06966
NVDA240920C00505000,NVDA,2024-09-20,505.00,call,327.20,433.00,430.80,7,435.20,41,0,126,2024-05-17,0.60511,0.97327,0.00019,-0.14887,0.33581,1.61302
NVDA240920P00505000,NVDA,2024-09-20,505.00,put,2.39,2.65,2.48,34,2.82,40,0,220,2024-05-17,0.56608,-0.02064,0.00016,-0.05753,0.27023,-0.07499
NVDA240920C00510000,NVDA,2024-09-20,510.00,call,410.62,428.02,425.85,43,430.20,45,0,274,2024-05-17,0.60511,0.97151,0.00020,-0.15371,0.35414,1.62334
NVDA240920P00510000,NVDA,2024-09-20,510.00,put,2.57,2.79,2.62,36,2.96,60,1,266,2024-05-17,0.56608,-0.02216,0.00017,-0.06105,0.28694,-0.08060
NVDA240920C00515000,NVDA,2024-09-20,515.00,call,405.76,423.02,420.85,29,425.20,24,0,137,2024-05-17,0.58560,0.97301,0.00020,-0.14833,0.33861,1.64639
NVDA240920P00515000,NVDA,2024-09-20,515.00,put,2.45,2.96,2.76,38,3.15,77,0,192,2024-05-17,0.56608,-0.02376,0.00018,-0.06469,0.30425,-0.08651
NVDA240920C00520000,NVDA,2024-09-20,520.00,call,401.55,418.27,416.35,23,420.20,5,0,575,2024-05-17,0.58560,0.97121,0.00021,-0.15311,0.35730,1.65661
NVDA240920P00520000,NVDA,2024-09-20,520.00,put,3.05,3.00,2.76,26,3.25,46,6,747,2024-05-17,0.54657,-0.02218,0.00018,-0.05888,0.28714,-0.08029
NVDA240920C00525000,NVDA,2024-09-20,525.00,call,435.24,413.58,411.60,39,415.55,5,0,718,2024-05-17,0.58560,0.96933,0.00022,-0.15799,0.37653,1.66651
NVDA240920P00525000,NVDA,2024-09-20,525.00,put,2.75,3.25,3.05,42,3.45,73,0,615,2024-05-17,0.54657,-0.02380,0.00019,-0.06245,0.30473,-0.08626
NVDA240920C00530000,NVDA,2024-09-20,530.00,call,405.33,408.82,406.90,17,410.75,5,1,570,2024-05-17,0.58560,0.96737,0.00023,-0.16299,0.39629,1.67610
NVDA240920P00530000,NVDA,2024-09-20,530.00,put,3.07,3.40,3.25,40,3.55,44,5,715,2024-05-17,0.54657,-0.02551,0.00020,-0.06613,0.32294,-0.09255
NVDA240920C00535000,NVDA,2024-09-20,535.00,call,387.36,404.50,401.80,28,407.20,42,0,118,2024-05-17,0.58560,0.96533,0.00024,-0.16810,0.41659,1.68537
NVDA240920P00535000,NVDA,2024-09-20,535.00,put,5.50,3.58,3.35,61,3.80,75,0,708,2024-05-17,0.54657,-0.02729,0.00021,-0.06993,0.34176,-0.09916
NVDA240920C00540000,NVDA,2024-09-20,540.00,call,401.78,399.48,396.75,9,402.20,7,0,1165,2024-05-17,0.56608,0.96706,0.00024,-0.16204,0.39946,1.70941
NVDA240920P00540000,NVDA,2024-09-20,540.00,put,3.45,3.75,3.55,56,3.95,71,1,831,2024-05-17,0.54657,-0.02917,0.00022,-0.07385,0.36118,-0.10609
NVDA240920C00545000,NVDA,2024-09-20,545.00,call,414.49,394.85,392.50,29,397.20,28,0,114,2024-05-17,0.56608,0.96497,0.00025,-0.16709,0.42019,1.71854
NVDA240920P00545000,NVDA,2024-09-20,545.00,put,3.52,3.95,3.75,40,4.15,70,0,354,2024-05-17,0.54657,-0.03113,0.00024,-0.07788,0.38119,-0.11336
NVDA240920C00550000,NVDA,2024-09-20,550.00,call,399.00,390.15,388.10,34,392.20,29,1,938,2024-05-17,0.56608,0.96279,0.00026,-0.17223,0.44145,1.72732
NVDA240920P00550000,NVDA,2024-09-20,550.00,put,3.85,4.10,4.00,26,4.20,5,5,1957,2024-05-17,0.54657,-0.03318,0.00025,-0.08203,0.40178,-0.12097
NVDA240920C00555000,NVDA,2024-09-20,555.00,call,392.42,386.65,383.55,13,389.75,42,1,104,2024-05-17,0.58560,0.95632,0.00029,-0.18956,0.50278,1.71910
NVDA240920P00555000,NVDA,2024-09-20,555.00,put,3.75,4.38,4.15,55,4.60,72,0,762,2024-05-17,0.54657,-0.03532,0.00026,-0.08628,0.42295,-0.12893
NVDA240920C00560000,NVDA,2024-09-20,560.00,call,406.45,381.10,378.60,37,383.60,52,0,315,2024-05-17,0.56608,0.95817,0.00029,-0.18284,0.48553,1.74385
NVDA240920P00560000,NVDA,2024-09-20,560.00,put,4.14,4.62,4.40,41,4.85,76,2,288,2024-05-17,0.54657,-0.03754,0.00028,-0.09064,0.44468,-0.13724
NVDA240920C00565000,NVDA,2024-09-20,565.00,call,382.60,376.35,374.10,13,378.60,20,0,272,2024-05-17,0.56608,0.95573,0.00030,-0.18828,0.50832,1.75159
NVDA240920P00565000,NVDA,2024-09-20,565.00,put,4.45,4.82,4.60,58,5.05,60,1,292,2024-05-17,0.52706,-0.03550,0.00027,-0.08339,0.42480,-0.12898
NVDA240920C00570000,NVDA,2024-09-20,570.00,call,353.49,371.43,369.75,1,373.10,1,0,314,2024-05-17,0.54657,0.95772,0.00030,-0.18139,0.48977,1.77685
NVDA240920P00570000,NVDA,2024-09-20,570.00,put,4.75,5.08,4.95,19,5.20,22,16,560,2024-05-17,0.52706,-0.03779,0.00029,-0.08768,0.44701,-0.13744
NVDA240920C00575000,NVDA,2024-09-20,575.00,call,372.91,366.77,365.05,1,368.50,1,0,1320,2024-05-17,0.54657,0.95521,0.00032,-0.18677,0.51310,1.78439
NVDA240920P00575000,NVDA,2024-09-20,575.00,put,5.30,5.35,5.20,23,5.50,43,5,2384,2024-05-17,0.52706,-0.04016,0.00030,-0.09207,0.46979,-0.14627
NVDA240920C00580000,NVDA,2024-09-20,580.00,call,381.22,362.05,360.45,1,363.65,2,0,374,2024-05-17,0.54657,0.95260,0.00033,-0.19224,0.53693,1.79156
NVDA240920P00580000,NVDA,2024-09-20,580.00,put,4.95,5.65,5.40,53,5.90,77,0,612,2024-05-17,0.52706,-0.04264,0.00032,-0.09656,0.49314,-0.15549
NVDA240920C00585000,NVDA,2024-09-20,585.00,call,354.23,357.20,355.75,1,358.65,2,1,133,2024-05-17,0.54657,0.94990,0.00035,-0.19781,0.56125,1.79834
NVDA240920P00585000,NVDA,2024-09-20,585.00,put,5.11,5.95,5.70,52,6.20,67,0,161,2024-05-17,0.52706,-0.04522,0.00033,-0.10116,0.51704,-0.16509
NVDA240920C00590000,NVDA,2024-09-20,590.00,call,350.42,352.90,351.15,1,354.65,1,3,171,2024-05-17,0.54657,0.94711,0.00036,-0.20345,0.58604,1.80474
NVDA240920P00590000,NVDA,2024-09-20,590.00,put,5.41,6.28,6.05,43,6.50,46,0,327,2024-05-17,0.52706,-0.04790,0.00035,-0.10584,0.54146,-0.17508
NVDA240920C00595000,NVDA,2024-09-20,595.00,call,343.55,348.43,347.75,1,349.10,1,20,122,2024-05-17,0.54657,0.94421,0.00038,-0.20918,0.61128,1.81076
NVDA240920P00595000,NVDA,2024-09-20,595.00,put,6.05,6.57,6.30,62,6.85,71,2,166,2024-05-17,0.52706,-0.05067,0.00036,-0.11062,0.56639,-0.18547
NVDA240920C00600000,NVDA,2024-09-20,600.00,call,344.00,343.85,342.40,1,345.30,1,3,5880,2024-05-17,0.54657,0.94122,0.00039,-0.21498,0.63694,1.81638
NVDA240920P00600000,NVDA,2024-09-20,600.00,put,6.98,6.88,6.75,11,7.00,33,25,4205,2024-05-17,0.52706,-0.05355,0.00038,-0.11548,0.59182,-0.19626
NVDA240920C00605000,NVDA,2024-09-20,605.00,call,367.00,339.45,338.35,5,340.55,6,0,238,2024-05-17,0.54657,0.93813,0.00041,-0.22086,0.66300,1.82161
NVDA240920P00605000,NVDA,2024-09-20,605.00,put,6.43,7.18,6.95,14,7.40,7,0,178,2024-05-17,0.50755,-0.05115,0.00038,-0.10706,0.57066,-0.18627
NVDA240920C00610000,NVDA,2024-09-20,610.00,call,348.50,334.77,334.00,1,335.55,1,0,594,2024-05-17,0.52706,0.94038,0.00041,-0.21289,0.64405,1.84830
NVDA240920P00610000,NVDA,2024-09-20,610.00,put,7.49,7.60,7.45,12,7.75,20,2,533,2024-05-17,0.50755,-0.05412,0.00040,-0.11185,0.59676,-0.19731
NVDA240920C00615000,NVDA,2024-09-20,615.00,call,329.95,330.27,329.60,1,330.95,1,1,105,2024-05-17,0.52706,0.93719,0.00043,-0.21870,0.67082,1.85323
NVDA240920P00615000,NVDA,2024-09-20,615.00,put,7.30,8.15,7.80,10,8.50,12,1,148,2024-05-17,0.50755,-0.05719,0.00042,-0.11672,0.62335,-0.20878
NVDA240920C00620000,NVDA,2024-09-20,620.00,call,326.05,326.20,325.00,5,327.40,1,4,377,2024-05-17,0.54657,0.92826,0.00046,-0.23886,0.74342,1.83490
NVDA240920P00620000,NVDA,2024-09-20,620.00,put,7.81,8.52,8.10,64,8.95,14,1,676,2024-05-17,0.50755,-0.06037,0.00043,-0.12166,0.65041,-0.22068
NVDA240920C00625000,NVDA,2024-09-20,625.00,call,347.50,321.35,320.60,5,322.10,3,0,584,2024-05-17,0.52706,0.93050,0.00047,-0.23051,0.72554,1.86183
NVDA240920P00625000,NVDA,2024-09-20,625.00,put,9.10,8.88,8.75,17,9.00,16,11,323,2024-05-17,0.50755,-0.06367,0.00045,-0.12668,0.67792,-0.23301
NVDA240920C00630000,NVDA,2024-09-20,630.00,call,301.00,316.85,316.05,1,317.65,1,0,738,2024-05-17,0.52706,0.92700,0.00048,-0.23650,0.75345,1.86550
NVDA240920P00630000,NVDA,2024-09-20,630.00,put,9.20,9.12,8.75,10,9.50,29,31,1313,2024-05-17,0.50755,-0.06707,0.00047,-0.13177,0.70586,-0.24578
NVDA240920C00635000,NVDA,2024-09-20,635.00,call,280.65,312.33,310.60,1,314.05,1,0,197,2024-05-17,0.52706,0.92339,0.00050,-0.24254,0.78168,1.86875
NVDA240920P00635000,NVDA,2024-09-20,635.00,put,9.65,9.95,9.55,35,10.35,25,2,436,2024-05-17,0.50755,-0.07058,0.00049,-0.13692,0.73420,-0.25899
NVDA240920C00640000,NVDA,2024-09-20,640.00,call,310.00,307.95,306.25,2,309.65,1,1,329,2024-05-17,0.52706,0.91968,0.00052,-0.24863,0.81021,1.87158
NVDA240920P00640000,NVDA,2024-09-20,640.00,put,9.65,10.50,10.15,19,10.85,10,3,436,2024-05-17,0.50755,-0.07420,0.00051,-0.14212,0.76291,-0.27264
NVDA240920C00645000,NVDA,2024-09-20,645.00,call,273.50,303.57,301.90,1,305.25,1,0,90,2024-05-17,0.52706,0.91587,0.00054,-0.25475,0.83902,1.87397
NVDA240920P00645000,NVDA,2024-09-20,645.00,put,10.30,10.68,10.25,10,11.10,24,1,262,2024-05-17,0.50755,-0.07794,0.00053,-0.14738,0.79196,-0.28674
NVDA240920C00650000,NVDA,2024-09-20,650.00,call,299.31,299.20,297.65,6,300.75,1,3,1292,2024-05-17,0.52706,0.91195,0.00056,-0.26092,0.86808,1.87595
NVDA240920P00650000,NVDA,2024-09-20,650.00,put,11.44,11.55,11.25,23,11.85,29,172,2607,2024-05-17,0.50755,-0.08178,0.00055,-0.15268,0.82133,-0.30128
NVDA240920C00655000,NVDA,2024-09-20,655.00,call,286.00,294.85,293.25,6,296.45,5,0,97,2024-05-17,0.50755,0.91426,0.00057,-0.25192,0.85098,1.90361
NVDA240920P00655000,NVDA,2024-09-20,655.00,put,11.85,11.72,11.35,6,12.10,11,18,340,2024-05-17,0.50755,-0.08574,0.00057,-0.15802,0.85098,-0.31627
NVDA240920C00660000,NVDA,2024-09-20,660.00,call,311.90,290.73,290.00,2,291.45,2,0,494,2024-05-17,0.50755,0.91020,0.00059,-0.25801,0.88089,1.90512
NVDA240920P00660000,NVDA,2024-09-20,660.00,put,12.39,12.35,11.95,5,12.75,5,5,2360,2024-05-17,0.50755,-0.08980,0.00059,-0.16339,0.88089,-0.33170
NVDA240920C00680000,NVDA,2024-09-20,680.00,call,285.00,273.77,272.40,1,275.15,1,5,783,2024-05-17,0.50755,0.89286,0.00067,-0.28257,1.00252,1.90667
NVDA240920P00680000,NVDA,2024-09-20,680.00,put,14.95,15.30,15.15,15,15.45,3,48,1707,2024-05-17,0.50755,-0.10714,0.00067,-0.18508,1.00252,-0.39793
NVDA240920C00700000,NVDA,2024-09-20,700.00,call,257.00,257.27,255.90,1,258.65,1,39,1302,2024-05-17,0.50755,0.87383,0.00075,-0.30717,1.12582,1.90112
NVDA240920P00700000,NVDA,2024-09-20,700.00,put,18.45,18.52,18.35,18,18.70,5,167,4499,2024-05-17,0.48804,-0.11925,0.00075,-0.19088,1.08213,-0.44173
NVDA240920C00710000,NVDA,2024-09-20,710.00,call,251.90,249.15,247.55,1,250.75,1,2,446,2024-05-17,0.50755,0.86370,0.00079,-0.31936,1.18747,1.89573
NVDA240920P00710000,NVDA,2024-09-20,710.00,put,19.10,20.27,19.55,6,21.00,5,37,819,2024-05-17,0.48804,-0.12939,0.00080,-0.20155,1.14570,-0.48064
NVDA240920C00720000,NVDA,2024-09-20,720.00,call,239.73,241.32,240.65,5,242.00,1,3,743,2024-05-17,0.50755,0.85319,0.00083,-0.33141,1.24880,1.88863
NVDA240920P00720000,NVDA,2024-09-20,720.00,put,22.08,22.20,21.45,8,22.95,16,37,992,2024-05-17,0.48804,-0.13996,0.00084,-0.21211,1.20914,-0.52138
NVDA240920C00730000,NVDA,2024-09-20,730.00,call,235.15,233.57,231.95,1,235.20,1,11,338,2024-05-17,0.50755,0.84230,0.00087,-0.34328,1.30956,1.87986
NVDA240920P00730000,NVDA,2024-09-20,730.00,put,24.22,24.27,24.05,41,24.50,6,7,748,2024-05-17,0.48804,-0.15094,0.00088,-0.22252,1.27217,-0.56393
NVDA240920C00740000,NVDA,2024-09-20,740.00,call,214.00,225.97,224.35,1,227.60,2,0,1242,2024-05-17,0.50755,0.83105,0.00091,-0.35491,1.36951,1.86946
NVDA240920P00740000,NVDA,2024-09-20,740.00,put,27.50,26.48,26.20,4,26.75,4,16,701,2024-05-17,0.48804,-0.16232,0.00093,-0.23273,1.33454,-0.60824
NVDA240920C00750000,NVDA,2024-09-20,750.00,call,218.79,218.47,216.95,1,220.00,1,9,1312,2024-05-17,0.50755,0.81946,0.00095,-0.36627,1.42843,1.85747
NVDA240920P00750000,NVDA,2024-09-20,750.00,put,28.80,29.15,28.65,8,29.65,5,70,1895,2024-05-17,0.48804,-0.17409,0.00097,-0.24268,1.39598,-0.65426
NVDA240920C00760000,NVDA,2024-09-20,760.00,call,221.03,211.25,210.60,2,211.90,2,1,456,2024-05-17,0.50755,0.80755,0.00099,-0.37732,1.48610,1.84396
NVDA240920P00760000,NVDA,2024-09-20,760.00,put,31.05,31.40,31.15,5,31.65,4,4,474,2024-05-17,0.48804,-0.18621,0.00101,-0.25233,1.45625,-0.70194
NVDA240920C00770000,NVDA,2024-09-20,770.00,call,204.10,203.93,202.40,1,205.45,1,6,315,2024-05-17,0.48804,0.80132,0.00105,-0.37204,1.51511,1.85839
NVDA240920P00770000,NVDA,2024-09-20,770.00,put,32.63,33.72,33.05,9,34.40,11,18,927,2024-05-17,0.48804,-0.19868,0.00105,-0.26165,1.51511,-0.75124
NVDA240920C00780000,NVDA,2024-09-20,780.00,call,200.43,196.95,195.40,1,198.50,1,3,762,2024-05-17,0.48804,0.78854,0.00109,-0.38240,1.57234,1.84144
NVDA240920P00780000,NVDA,2024-09-20,780.00,put,36.87,36.92,36.65,16,37.20,4,16,751,2024-05-17,0.48804,-0.21146,0.00109,-0.27058,1.57234,-0.80207
NVDA240920C00790000,NVDA,2024-09-20,790.00,call,187.70,190.23,189.55,5,190.90,6,8,543,2024-05-17,0.48804,0.77545,0.00113,-0.39235,1.62772,1.82302
NVDA240920P00790000,NVDA,2024-09-20,790.00,put,41.70,39.95,39.70,3,40.20,1,1,627,2024-05-17,0.48804,-0.22455,0.00113,-0.27909,1.62772,-0.85439
NVDA240920C00800000,NVDA,2024-09-20,800.00,call,183.50,183.40,182.00,1,184.80,1,13,2812,2024-05-17,0.48804,0.76210,0.00117,-0.40184,1.68106,1.80318
NVDA240920P00800000,NVDA,2024-09-20,800.00,put,42.82,43.08,42.75,3,43.40,3,54,3421,2024-05-17,0.48804,-0.23790,0.00117,-0.28715,1.68106,-0.90811
NVDA240920C00820000,NVDA,2024-09-20,820.00,call,177.60,170.45,169.40,23,171.50,37,4,940,2024-05-17,0.48804,0.73465,0.00124,-0.41933,1.78090,1.75957
NVDA240920P00820000,NVDA,2024-09-20,820.00,put,51.40,49.92,49.50,4,50.35,3,131,1234,2024-05-17,0.48804,-0.26535,0.00124,-0.30177,1.78090,-1.01951
NVDA240920C00840000,NVDA,2024-09-20,840.00,call,157.65,158.43,156.75,10,160.10,1,13,965,2024-05-17,0.48804,0.70640,0.00130,-0.43466,1.87063,1.71122
NVDA240920P00840000,NVDA,2024-09-20,840.00,put,57.50,57.42,56.25,5,58.60,5,90,1113,2024-05-17,0.48804,-0.29360,0.00130,-0.31424,1.87063,-1.13564
NVDA240920C00860000,NVDA,2024-09-20,860.00,call,147.28,146.80,146.10,1,147.50,1,29,1464,2024-05-17,0.48804,0.67755,0.00135,-0.44768,1.94928,1.65875
NVDA240920P00860000,NVDA,2024-09-20,860.00,put,65.65,66.10,65.35,10,66.85,3,308,928,2024-05-17,0.48804,-0.32245,0.00135,-0.32438,1.94928,-1.25590
NVDA240920C00880000,NVDA,2024-09-20,880.00,call,135.55,135.85,134.25,20,137.45,1,50,2138,2024-05-17,0.48804,0.64828,0.00140,-0.45826,2.01616,1.60281
NVDA240920P00880000,NVDA,2024-09-20,880.00,put,74.80,74.40,73.90,7,74.90,6,12,973,2024-05-17,0.48804,-0.35172,0.00140,-0.33210,2.01616,-1.37962
NVDA240920C00900000,NVDA,2024-09-20,900.00,call,125.00,125.50,125.10,2,125.90,2,64,3673,2024-05-17,0.48804,0.61879,0.00144,-0.46637,2.07085,1.54403
NVDA240920P00900000,NVDA,2024-09-20,900.00,put,83.90,83.90,83.50,3,84.30,5,381,2833,2024-05-17,0.48804,-0.38121,0.00144,-0.33734,2.07085,-1.50617
NVDA240920C00920000,NVDA,2024-09-20,920.00,call,116.00,115.80,115.40,3,116.20,2,140,2251,2024-05-17,0.48804,0.58926,0.00147,-0.47198,2.11318,1.48305
NVDA240920P00920000,NVDA,2024-09-20,920.00,put,93.30,94.08,93.50,3,94.65,3,56,832,2024-05-17,0.48804,-0.41074,0.00147,-0.34009,2.11318,-1.63494
NVDA240920C00930000,NVDA,2024-09-20,930.00,call,111.05,111.25,110.90,1,111.60,2,123,1304,2024-05-17,0.48804,0.57454,0.00148,-0.47387,2.12972,1.45191
NVDA240920P00930000,NVDA,2024-09-20,930.00,put,98.81,99.55,99.05,1,100.05,1,179,363,2024-05-17,0.48804,-0.42546,0.00148,-0.34054,2.12972,-1.69997
NVDA240920C00940000,NVDA,2024-09-20,940.00,call,106.34,106.72,106.35,4,107.10,2,173,951,2024-05-17,0.48804,0.55987,0.00149,-0.47515,2.14321,1.42045
NVDA240920P00940000,NVDA,2024-09-20,940.00,put,103.78,104.88,104.25,4,105.50,1,5,166,2024-05-17,0.48804,-0.44013,0.00149,-0.34039,2.14321,-1.76532
NVDA240920C00950000,NVDA,2024-09-20,950.00,call,102.66,102.40,102.10,3,102.70,1,86,2482,2024-05-17,0.48804,0.54528,0.00149,-0.47584,2.15369,1.38872
NVDA240920P00950000,NVDA,2024-09-20,950.00,put,110.35,110.58,110.00,1,111.15,1,81,459,2024-05-17,0.48804,-0.45472,0.00149,-0.33964,2.15369,-1.83094
NVDA240920C00960000,NVDA,2024-09-20,960.00,call,98.00,98.20,97.90,5,98.50,1,20,1253,2024-05-17,0.48804,0.53078,0.00150,-0.47595,2.16121,1.35680
NVDA240920P00960000,NVDA,2024-09-20,960.00,put,118.15,116.33,115.75,1,116.90,1,5,340,2024-05-17,0.48804,-0.46922,0.00150,-0.33832,2.16121,-1.89675
NVDA240920C00970000,NVDA,2024-09-20,970.00,call,94.00,94.10,93.65,3,94.55,2,10,1433,2024-05-17,0.48804,0.51639,0.00150,-0.47549,2.16584,1.32475
NVDA240920P00970000,NVDA,2024-09-20,970.00,put,109.90,121.93,120.95,12,122.90,1,0,282,2024-05-17,0.48804,-0.48361,0.00150,-0.33642,2.16584,-1.96269
NVDA240920C00980000,NVDA,2024-09-20,980.00,call,91.80,90.22,89.15,7,91.30,6,26,1622,2024-05-17,0.48804,0.50212,0.00150,-0.47448,2.16763,1.29264
NVDA240920P00980000,NVDA,2024-09-20,980.00,put,125.15,128.00,127.00,11,129.00,23,1,181,2024-05-17,0.48804,-0.49788,0.00150,-0.33398,2.16763,-2.02870
NVDA240920C00990000,NVDA,2024-09-20,990.00,call,93.75,86.15,85.30,7,87.00,5,2,934,2024-05-17,0.48804,0.48800,0.00150,-0.47293,2.16668,1.26051
NVDA240920P00990000,NVDA,2024-09-20,990.00,put,121.95,134.20,133.20,13,135.20,23,0,209,2024-05-17,0.48804,-0.51200,0.00150,-0.33100,2.16668,-2.09472
NVDA240920C01000000,NVDA,2024-09-20,1000.00,call,82.20,82.78,82.40,3,83.15,2,268,6096,2024-05-17,0.48804,0.47403,0.00150,-0.47088,2.16307,1.22843
NVDA240920P01000000,NVDA,2024-09-20,1000.00,put,139.80,140.72,139.60,10,141.85,19,6,453,2024-05-17,0.48804,-0.52597,0.00150,-0.32751,2.16307,-2.16069
NVDA240920C01010000,NVDA,2024-09-20,1010.00,call,77.53,79.22,78.85,3,79.60,3,20,562,2024-05-17,0.48804,0.46023,0.00150,-0.46833,2.15689,1.19645
NVDA240920P01010000,NVDA,2024-09-20,1010.00,put,141.85,147.28,146.30,11,148.25,6,1,289,2024-05-17,0.48804,-0.53977,0.00150,-0.32353,2.15689,-2.22656
NVDA240920C01020000,NVDA,2024-09-20,1020.00,call,76.75,75.88,75.55,1,76.20,3,2,464,2024-05-17,0.48804,0.44662,0.00149,-0.46530,2.14823,1.16462
NVDA240920P01020000,NVDA,2024-09-20,1020.00,put,142.35,153.93,152.90,11,154.95,10,0,144,2024-05-17,0.48804,-0.55338,0.00149,-0.31907,2.14823,-2.29228
NVDA240920C01030000,NVDA,2024-09-20,1030.00,call,72.40,72.58,72.20,7,72.95,8,5,289,2024-05-17,0.48804,0.43320,0.00148,-0.46183,2.13721,1.13299
NVDA240920P01030000,NVDA,2024-09-20,1030.00,put,144.55,160.68,159.60,22,161.75,26,0,300,2024-05-17,0.48804,-0.56680,0.00148,-0.31416,2.13721,-2.35780
NVDA240920C01040000,NVDA,2024-09-20,1040.00,call,77.38,69.38,69.00,7,69.75,2,4,311,2024-05-17,0.48804,0.41999,0.00147,-0.45793,2.12392,1.10161
NVDA240920P01040000,NVDA,2024-09-20,1040.00,put,154.70,167.38,166.20,4,168.55,9,0,238,2024-05-17,0.48804,-0.58001,0.00147,-0.30883,2.12392,-2.42308
NVDA240920C01050000,NVDA,2024-09-20,1050.00,call,67.12,66.32,65.30,5,67.35,5,34,774,2024-05-17,0.48804,0.40699,0.00146,-0.45362,2.10848,1.07050
NVDA240920P01050000,NVDA,2024-09-20,1050.00,put,168.12,174.25,173.10,19,175.40,18,1,254,2024-05-17,0.48804,-0.59301,0.00146,-0.30309,2.10848,-2.48808
NVDA240920C01060000,NVDA,2024-09-20,1060.00,call,64.14,63.42,63.05,4,63.80,10,3,253,2024-05-17,0.48804,0.39421,0.00145,-0.44894,2.09100,1.03972
NVDA240920P01060000,NVDA,2024-09-20,1060.00,put,169.70,181.75,180.10,8,183.40,21,0,100,2024-05-17,0.50755,-0.59746,0.00140,-0.31603,2.10265,-2.54031
NVDA240920C01070000,NVDA,2024-09-20,1070.00,call,61.58,60.62,60.25,7,61.00,5,11,209,2024-05-17,0.48804,0.38167,0.00144,-0.44389,2.07160,1.00929
NVDA240920P01070000,NVDA,2024-09-20,1070.00,put,176.85,188.65,186.00,42,191.30,28,0,50,2024-05-17,0.50755,-0.60960,0.00139,-0.30988,2.08534,-2.60320
NVDA240920C01080000,NVDA,2024-09-20,1080.00,call,57.30,57.88,57.50,3,58.25,6,12,421,2024-05-17,0.48804,0.36936,0.00142,-0.43851,2.05038,0.97925
NVDA240920P01080000,NVDA,2024-09-20,1080.00,put,180.60,196.40,194.70,5,198.10,5,0,58,2024-05-17,0.50755,-0.62152,0.00138,-0.30341,2.06631,-2.66576
NVDA240920C01090000,NVDA,2024-09-20,1090.00,call,56.10,55.30,54.95,7,55.65,3,6,482,2024-05-17,0.48804,0.35730,0.00141,-0.43282,2.02747,0.94963
NVDA240920P01090000,NVDA,2024-09-20,1090.00,put,191.35,203.93,202.20,4,205.65,5,0,61,2024-05-17,0.50755,-0.63321,0.00137,-0.29662,2.04566,-2.72795
NVDA240920C01100000,NVDA,2024-09-20,1100.00,call,52.30,52.78,52.45,6,53.10,7,142,1732,2024-05-17,0.48804,0.34549,0.00139,-0.42684,2.00298,0.92046
NVDA240920P01100000,NVDA,2024-09-20,1100.00,put,198.45,211.32,209.75,11,212.90,17,0,105,2024-05-17,0.50755,-0.64468,0.00135,-0.28954,2.02350,-2.78976
NVDA240920C01110000,NVDA,2024-09-20,1110.00,call,50.00,50.42,50.10,2,50.75,3,5,253,2024-05-17,0.48804,0.33393,0.00137,-0.42060,1.97702,0.89175
NVDA240920P01110000,NVDA,2024-09-20,1110.00,put,199.60,219.12,215.70,42,222.55,4,0,31,2024-05-17,0.50755,-0.65592,0.00133,-0.28219,1.99992,-2.85116
NVDA240920C01120000,NVDA,2024-09-20,1120.00,call,52.35,48.05,47.50,5,48.60,5,2,1134,2024-05-17,0.48804,0.32263,0.00135,-0.41412,1.94971,0.86354
NVDA240920P01120000,NVDA,2024-09-20,1120.00,put,222.85,226.93,223.45,44,230.40,10,0,31,2024-05-17,0.50755,-0.66692,0.00132,-0.27460,1.97503,-2.91212
NVDA240920C01130000,NVDA,2024-09-20,1130.00,call,50.80,45.90,45.55,7,46.25,3,11,505,2024-05-17,0.48804,0.31158,0.00133,-0.40742,1.92116,0.83584
NVDA240920P01130000,NVDA,2024-09-20,1130.00,put,217.10,234.47,231.20,44,237.75,19,0,49,2024-05-17,0.50755,-0.67769,0.00130,-0.26678,1.94893,-2.97264
NVDA240920C01140000,NVDA,2024-09-20,1140.00,call,46.46,43.75,43.15,5,44.35,6,3,752,2024-05-17,0.48804,0.30080,0.00131,-0.40052,1.89148,0.80867
NVDA240920P01140000,NVDA,2024-09-20,1140.00,put,256.80,243.43,240.95,5,245.90,19,0,47,2024-05-17,0.50755,-0.68821,0.00128,-0.25876,1.92171,-3.03269
NVDA240920C01150000,NVDA,2024-09-20,1150.00,call,42.14,41.70,40.80,5,42.60,5,33,841,2024-05-17,0.48804,0.29028,0.00129,-0.39345,1.86077,0.78204
NVDA240920P01150000,NVDA,2024-09-20,1150.00,put,244.28,250.47,248.60,21,252.35,4,0,35,2024-05-17,0.50755,-0.69849,0.00126,-0.25055,1.89348,-3.09227
NVDA240920C01160000,NVDA,2024-09-20,1160.00,call,41.25,39.85,39.50,7,40.20,3,5,441,2024-05-17,0.48804,0.28003,0.00127,-0.38622,1.82915,0.75596
NVDA240920P01160000,NVDA,2024-09-20,1160.00,put,273.35,258.93,255.60,63,262.25,24,0,48,2024-05-17,0.50755,-0.70853,0.00124,-0.24218,1.86431,-3.15135
NVDA240920C01170000,NVDA,2024-09-20,1170.00,call,38.80,38.05,37.75,5,38.35,6,9,126,2024-05-17,0.48804,0.27004,0.00125,-0.37886,1.79671,0.73045
NVDA240920P01170000,NVDA,2024-09-20,1170.00,put,320.90,268.82,263.25,21,274.40,42,0,5,2024-05-17,0.52706,-0.70721,0.00120,-0.25594,1.86826,-3.18689
NVDA240920C01180000,NVDA,2024-09-20,1180.00,call,35.83,36.25,35.90,7,36.60,7,17,497,2024-05-17,0.48804,0.26032,0.00122,-0.37139,1.76356,0.70552
NVDA240920P01180000,NVDA,2024-09-20,1180.00,put,276.50,276.58,273.55,7,279.60,6,0,17,2024-05-17,0.52706,-0.71658,0.00118,-0.24756,1.83978,-3.24419
NVDA240920C01190000,NVDA,2024-09-20,1190.00,call,34.57,34.62,34.30,2,34.95,3,1,92,2024-05-17,0.48804,0.25086,0.00120,-0.36381,1.72978,0.68117
NVDA240920P01190000,NVDA,2024-09-20,1190.00,put,299.35,284.95,281.85,5,288.05,18,0,1,2024-05-17,0.52706,-0.72574,0.00116,-0.23905,1.81061,-3.30103
NVDA240920C01200000,NVDA,2024-09-20,1200.00,call,33.46,33.30,32.80,2,33.80,3,118,2450,2024-05-17,0.48804,0.24166,0.00118,-0.35616,1.69548,0.65740
NVDA240920P01200000,NVDA,2024-09-20,1200.00,put,283.00,292.57,290.90,32,294.25,9,4,39,2024-05-17,0.52706,-0.73467,0.00114,-0.23044,1.78084,-3.35741
NVDA240920C01210000,NVDA,2024-09-20,1210.00,call,34.13,31.48,31.15,8,31.80,3,1,480,2024-05-17,0.48804,0.23272,0.00115,-0.34846,1.66073,0.63422
NVDA240920P01210000,NVDA,2024-09-20,1210.00,put,279.55,302.15,299.05,2,305.25,5,0,5,2024-05-17,0.52706,-0.74338,0.00112,-0.22174,1.75054,-3.41330
NVDA240920C01220000,NVDA,2024-09-20,1220.00,call,30.59,30.02,29.70,8,30.35,7,6,454,2024-05-17,0.48804,0.22404,0.00113,-0.34070,1.62563,0.61164
NVDA240920P01220000,NVDA,2024-09-20,1220.00,put,289.55,312.25,307.50,5,317.00,28,0,1,2024-05-17,0.54657,-0.74048,0.00109,-0.23621,1.76076,-3.44410
NVDA240920C01230000,NVDA,2024-09-20,1230.00,call,35.76,28.60,28.20,6,29.00,14,0,316,2024-05-17,0.48804,0.21561,0.00110,-0.33292,1.59025,0.58964
NVDA240920P01230000,NVDA,2024-09-20,1230.00,put,301.70,321.07,316.40,18,325.75,64,0,6,2024-05-17,0.54657,-0.74865,0.00107,-0.22758,1.73158,-3.49851
NVDA240920C01240000,NVDA,2024-09-20,1240.00,call,27.94,27.32,27.00,8,27.65,6,3,209,2024-05-17,0.48804,0.20744,0.00108,-0.32512,1.55468,0.56824
NVDA240920P01240000,NVDA,2024-09-20,1240.00,put,475.00,328.48,325.35,14,331.60,16,0,4,2024-05-17,0.54657,-0.75662,0.00105,-0.21888,1.70202,-3.55250
NVDA240920C01250000,NVDA,2024-09-20,1250.00,call,25.95,25.73,25.00,3,26.45,5,769,829,2024-05-17,0.48804,0.19952,0.00105,-0.31733,1.51898,0.54743
NVDA240920P01250000,NVDA,2024-09-20,1250.00,put,315.65,336.58,335.05,39,338.10,4,0,10,2024-05-17,0.54657,-0.76438,0.00104,-0.21014,1.67215,-3.60604
NVDA240920C01260000,NVDA,2024-09-20,1260.00,call,29.50,24.88,24.55,41,25.20,16,0,98,2024-05-17,0.48804,0.19184,0.00103,-0.30955,1.48322,0.52720
NVDA240920P01260000,NVDA,2024-09-20,1260.00,put,361.69,346.48,343.35,38,349.60,17,0,11,2024-05-17,0.54657,-0.77195,0.00102,-0.20136,1.64201,-3.65914
NVDA240920C01270000,NVDA,2024-09-20,1270.00,call,25.25,23.75,23.45,31,24.05,1,1,101,2024-05-17,0.48804,0.18441,0.00100,-0.30180,1.44747,0.50755
NVDA240920P01270000,NVDA,2024-09-20,1270.00,put,453.42,355.45,352.25,35,358.65,4,0,3,2024-05-17,0.54657,-0.77932,0.00100,-0.19255,1.61168,-3.71181
NVDA240920C01280000,NVDA,2024-09-20,1280.00,call,24.20,22.62,22.25,6,23.00,5,2,297,2024-05-17,0.48804,0.17721,0.00098,-0.29408,1.41180,0.48848
NVDA240920P01280000,NVDA,2024-09-20,1280.00,put,414.05,364.52,361.60,13,367.45,5,0,3,2024-05-17,0.54657,-0.78650,0.00098,-0.18372,1.58118,-3.76403
NVDA240920C01290000,NVDA,2024-09-20,1290.00,call,23.10,21.62,21.30,8,21.95,8,0,383,2024-05-17,0.48804,0.17025,0.00096,-0.28641,1.37625,0.46998
NVDA240920P01290000,NVDA,2024-09-20,1290.00,put,496.70,373.73,370.85,12,376.60,2,0,14,2024-05-17,0.56608,-0.78203,0.00096,-0.19916,1.60026,-3.78989
NVDA240920C01300000,NVDA,2024-09-20,1300.00,call,21.54,20.70,20.45,2,20.95,3,72,1137,2024-05-17,0.48804,0.16351,0.00093,-0.27881,1.34088,0.45205
NVDA240920P01300000,NVDA,2024-09-20,1300.00,put,410.25,382.27,380.75,29,383.80,4,0,104,2024-05-17,0.56608,-0.78881,0.00094,-0.19046,1.57115,-3.84098
NVDA240920C01320000,NVDA,2024-09-20,1320.00,call,19.23,18.85,18.55,34,19.15,35,4,142,2024-05-17,0.48804,0.15072,0.00088,-0.26380,1.27090,0.41783
NVDA240920P01320000,NVDA,2024-09-20,1320.00,put,440.00,400.73,397.60,57,403.85,21,0,445,2024-05-17,0.56608,-0.80184,0.00091,-0.17307,1.51275,-3.94199
NVDA240920C01340000,NVDA,2024-09-20,1340.00,call,19.75,17.20,17.00,28,17.40,9,1,266,2024-05-17,0.48804,0.13878,0.00083,-0.24914,1.20220,0.38577
NVDA240920P01340000,NVDA,2024-09-20,1340.00,put,527.04,419.60,417.35,15,421.85,4,0,0,2024-05-17,0.58560,-0.80300,0.00087,-0.18042,1.50739,-4.01569
NVDA240920C01360000,NVDA,2024-09-20,1360.00,call,19.20,15.72,15.50,5,15.95,4,0,490,2024-05-17,0.48804,0.12767,0.00079,-0.23488,1.13510,0.35579
NVDA240920P01360000,NVDA,2024-09-20,1360.00,put,474.76,439.15,435.80,36,442.50,22,0,9,2024-05-17,0.58560,-0.81472,0.00084,-0.16335,1.45172,-4.11334
NVDA240920C01380000,NVDA,2024-09-20,1380.00,call,15.69,14.38,14.10,6,14.65,5,4,456,2024-05-17,0.48804,0.11734,0.00074,-0.22106,1.06984,0.32780
NVDA240920P01380000,NVDA,2024-09-20,1380.00,put,482.99,458.27,454.90,36,461.65,35,0,9,2024-05-17,0.60511,-0.81497,0.00081,-0.17130,1.45054,-4.18446
NVDA240920C01400000,NVDA,2024-09-20,1400.00,call,13.60,13.18,13.00,3,13.35,7,19,2061,2024-05-17,0.48804,0.10775,0.00070,-0.20772,1.00664,0.30172
NVDA240920P01400000,NVDA,2024-09-20,1400.00,put,470.36,477.12,475.10,33,479.15,8,0,19,2024-05-17,0.60511,-0.82557,0.00078,-0.15460,1.39772,-4.27921
NVDA240920C01410000,NVDA,2024-09-20,1410.00,call,12.74,12.60,12.40,17,12.80,12,2,189,2024-05-17,0.48804,0.10322,0.00068,-0.20123,0.97586,0.28937
NVDA240920P01410000,NVDA,2024-09-20,1410.00,put,536.55,486.95,484.75,32,489.15,4,0,0,2024-05-17,0.62462,-0.82008,0.00077,-0.17133,1.42537,-4.30171
NVDA240920C01420000,NVDA,2024-09-20,1420.00,call,11.85,12.10,11.85,28,12.35,43,1,191,2024-05-17,0.50755,0.10986,0.00068,-0.21853,1.02075,0.30593
NVDA240920P01420000,NVDA,2024-09-20,1420.00,put,627.35,496.25,493.95,40,498.55,15,0,0,2024-05-17,0.62462,-0.82508,0.00076,-0.16312,1.40020,-4.34826
NVDA240920C01430000,NVDA,2024-09-20,1430.00,call,11.70,11.57,11.35,1,11.80,4,67,269,2024-05-17,0.50755,0.10550,0.00066,-0.21212,0.99142,0.29412
NVDA240920P01430000,NVDA,2024-09-20,1430.00,put,670.72,506.40,504.30,52,508.50,18,0,0,2024-05-17,0.62462,-0.82997,0.00075,-0.15495,1.37514,-4.39453
NVDA240920C01440000,NVDA,2024-09-20,1440.00,call,13.30,11.07,10.90,5,11.25,17,0,107,2024-05-17,0.50755,0.10130,0.00064,-0.20583,0.96260,0.28272
NVDA240920P01440000,NVDA,2024-09-20,1440.00,put,626.91,516.23,513.95,39,518.50,4,0,0,2024-05-17,0.64413,-0.82440,0.00074,-0.17195,1.40367,-4.41681
NVDA240920C01450000,NVDA,2024-09-20,1450.00,call,11.37,10.65,10.45,5,10.85,7,61,152,2024-05-17,0.50755,0.09725,0.00062,-0.19967,0.93430,0.27171
NVDA240920P01450000,NVDA,2024-09-20,1450.00,put,534.55,525.90,523.95,40,527.85,4,0,0,2024-05-17,0.64413,-0.82908,0.00073,-0.16390,1.37972,-4.46249
NVDA240920C01460000,NVDA,2024-09-20,1460.00,call,12.05,10.18,10.00,5,10.35,16,1,206,2024-05-17,0.50755,0.09334,0.00060,-0.19363,0.90654,0.26107
NVDA240920P01460000,NVDA,2024-09-20,1460.00,put,552.63,536.42,533.00,41,539.85,42,0,1,2024-05-17,0.66364,-0.82354,0.00072,-0.18109,1.40803,-4.48492
NVDA240920C01470000,NVDA,2024-09-20,1470.00,call,10.35,9.72,9.45,17,10.00,33,0,162,2024-05-17,0.50755,0.08958,0.00059,-0.18771,0.87932,0.25081
NVDA240920P01470000,NVDA,2024-09-20,1470.00,put,570.15,545.40,543.15,41,547.65,16,0,0,2024-05-17,0.66364,-0.82804,0.00071,-0.17314,1.38511,-4.53006
NVDA240920C01480000,NVDA,2024-09-20,1480.00,call,9.72,9.55,9.15,21,9.95,9,5,688,2024-05-17,0.50755,0.08596,0.00057,-0.18192,0.85265,0.24091
NVDA240920P01480000,NVDA,2024-09-20,1480.00,put,592.10,555.50,553.45,15,557.55,15,0,0,2024-05-17,0.66364,-0.83243,0.00070,-0.16523,1.36229,-4.57495
NVDA240920C01490000,NVDA,2024-09-20,1490.00,call,9.75,8.98,8.80,15,9.15,17,2,597,2024-05-17,0.50755,0.08247,0.00055,-0.17626,0.82653,0.23136
NVDA240920P01490000,NVDA,2024-09-20,1490.00,put,557.39,565.40,563.30,16,567.50,19,0,0,2024-05-17,0.66364,-0.83673,0.00068,-0.15737,1.33960,-4.61962
NVDA240920C01500000,NVDA,2024-09-20,1500.00,call,8.75,8.65,8.50,5,8.80,28,123,1529,2024-05-17,0.50755,0.07911,0.00053,-0.17072,0.80098,0.22215
NVDA240920P01500000,NVDA,2024-09-20,1500.00,put,567.73,575.55,573.50,18,577.60,40,0,1,2024-05-17,0.68315,-0.83108,0.00068,-0.17487,1.36936,-4.64169
NVDA240920C01510000,NVDA,2024-09-20,1510.00,call,9.00,8.35,8.10,13,8.60,50,4,37,2024-05-17,0.50755,0.07588,0.00052,-0.16531,0.77600,0.21328
NVDA240920P01510000,NVDA,2024-09-20,1510.00,put,629.52,585.42,583.25,19,587.60,4,0,0,2024-05-17,0.68315,-0.83522,0.00067,-0.16711,1.34762,-4.68589
NVDA240920C01520000,NVDA,2024-09-20,1520.00,call,10.84,7.80,7.30,14,8.30,45,0,10,2024-05-17,0.50755,0.07277,0.00050,-0.16004,0.75158,0.20473
NVDA240920P01520000,NVDA,2024-09-20,1520.00,put,602.75,595.28,588.60,41,601.95,41,0,0,2024-05-17,0.68315,-0.83926,0.00066,-0.15939,1.32601,-4.72988
NVDA240920C01530000,NVDA,2024-09-20,1530.00,call,10.25,7.40,7.00,14,7.80,20,0,29,2024-05-17,0.50755,0.06977,0.00049,-0.15488,0.72773,0.19649
NVDA240920P01530000,NVDA,2024-09-20,1530.00,put,647.40,605.27,598.50,40,612.05,40,0,0,2024-05-17,0.70267,-0.83360,0.00065,-0.17714,1.35617,-4.75192
NVDA240920C01540000,NVDA,2024-09-20,1540.00,call,9.50,7.47,7.05,5,7.90,6,0,90,2024-05-17,0.50755,0.06689,0.00047,-0.14986,0.70445,0.18855
NVDA240920P01540000,NVDA,2024-09-20,1540.00,put,667.23,614.95,612.65,40,617.25,14,0,0,2024-05-17,0.70267,-0.83751,0.00064,-0.16951,1.33544,-4.79550
NVDA240920C01550000,NVDA,2024-09-20,1550.00,call,7.32,6.90,6.60,9,7.20,6,3,53,2024-05-17,0.50755,0.06413,0.00045,-0.14496,0.68173,0.18091
NVDA240920P01550000,NVDA,2024-09-20,1550.00,put,609.85,625.17,623.30,14,627.05,14,1,0,2024-05-17,0.72218,-0.83188,0.00064,-0.18744,1.36519,-4.81773
NVDA240920C01560000,NVDA,2024-09-20,1560.00,call,8.80,6.95,6.55,12,7.35,9,0,696,2024-05-17,0.50755,0.06146,0.00044,-0.14019,0.65958,0.17355
NVDA240920P01560000,NVDA,2024-09-20,1560.00,put,643.75,635.20,628.30,40,642.10,1,0,0,2024-05-17,0.72218,-0.83566,0.00063,-0.17990,1.34528,-4.86092
NVDA240920C01580000,NVDA,2024-09-20,1580.00,call,6.05,6.40,6.05,17,6.75,19,0,42,2024-05-17,0.50755,0.05645,0.00041,-0.13101,0.61695,0.15965
NVDA240920P01580000,NVDA,2024-09-20,1580.00,put,690.69,655.05,648.30,40,661.80,40,0,0,2024-05-17,0.74169,-0.83373,0.00062,-0.19057,1.35550,-4.92619
NVDA240920C01600000,NVDA,2024-09-20,1600.00,call,5.75,6.00,5.75,21,6.25,14,75,260,2024-05-17,0.52706,0.05985,0.00042,-0.14224,0.64603,0.16834
NVDA240920P01600000,NVDA,2024-09-20,1600.00,put,703.09,675.17,668.30,40,682.05,40,0,0,2024-05-17,0.74169,-0.84083,0.00060,-0.17580,1.31756,-5.01135
NVDA240920C01620000,NVDA,2024-09-20,1620.00,call,6.78,5.53,5.20,17,5.85,20,0,116,2024-05-17,0.52706,0.05523,0.00039,-0.13342,0.60645,0.15559
NVDA240920P01620000,NVDA,2024-09-20,1620.00,put,753.17,695.17,688.30,40,702.05,40,0,0,2024-05-17,0.76120,-0.83861,0.00059,-0.18689,1.32955,-5.07583
NVDA240920C01640000,NVDA,2024-09-20,1640.00,call,6.61,5.10,4.85,58,5.35,80,0,782,2024-05-17,0.52706,0.05095,0.00037,-0.12505,0.56884,0.14375
NVDA240920P01640000,NVDA,2024-09-20,1640.00,put,706.96,715.17,708.30,40,722.05,40,0,0,2024-05-17,0.78071,-0.83632,0.00058,-0.19824,1.34175,-5.14022
NVDA240920C01650000,NVDA,2024-09-20,1650.00,call,5.30,4.90,4.65,57,5.15,78,1,32,2024-05-17,0.52706,0.04893,0.00035,-0.12104,0.55076,0.13815
NVDA240920P01650000,NVDA,2024-09-20,1650.00,put,761.50,725.17,718.30,40,732.05,40,0,0,2024-05-17,0.78071,-0.83958,0.00057,-0.19108,1.32433,-5.18197
NVDA240920C01660000,NVDA,2024-09-20,1660.00,call,5.00,4.75,4.50,62,5.00,73,9,33,2024-05-17,0.52706,0.04698,0.00034,-0.11712,0.53315,0.13276
NVDA240920P01660000,NVDA,2024-09-20,1660.00,put,723.90,735.08,728.30,40,741.85,40,0,0,2024-05-17,0.78071,-0.84277,0.00057,-0.18395,1.30701,-5.22359
NVDA240920C01670000,NVDA,2024-09-20,1670.00,call,4.45,4.55,4.30,59,4.80,70,1,29,2024-05-17,0.52706,0.04511,0.00033,-0.11332,0.51601,0.12756
NVDA240920P01670000,NVDA,2024-09-20,1670.00,put,727.57,745.10,738.35,40,751.85,40,0,0,2024-05-17,0.80022,-0.83715,0.00057,-0.20276,1.33735,-5.24601
NVDA240920C01680000,NVDA,2024-09-20,1680.00,call,4.50,4.40,4.15,69,4.65,70,0,35,2024-05-17,0.52706,0.04331,0.00032,-0.10962,0.49934,0.12256
NVDA240920P01680000,NVDA,2024-09-20,1680.00,put,762.32,755.17,748.30,40,762.05,40,0,0,2024-05-17,0.80022,-0.84026,0.00056,-0.19571,1.32066,-5.28737
NVDA240920C01690000,NVDA,2024-09-20,1690.00,call,4.25,4.25,4.00,62,4.50,74,1,32,2024-05-17,0.52706,0.04157,0.00031,-0.10602,0.48312,0.11774
NVDA240920P01690000,NVDA,2024-09-20,1690.00,put,0.00,765.17,758.30,40,772.05,40,0,0,2024-05-17,0.81974,-0.83468,0.00056,-0.21468,1.35049,-5.31000
NVDA240920C01700000,NVDA,2024-09-20,1700.00,call,4.15,4.10,4.00,20,4.20,5,99,243,2024-05-17,0.52706,0.03991,0.00030,-0.10253,0.46734,0.11310
NVDA240920P01700000,NVDA,2024-09-20,1700.00,put,810.28,775.15,768.30,40,782.00,40,0,0,2024-05-17,0.81974,-0.83770,0.00055,-0.20771,1.33440,-5.35111
NVDA240920C01710000,NVDA,2024-09-20,1710.00,call,5.17,3.98,3.75,42,4.20,48,0,31,2024-05-17,0.52706,0.03830,0.00029,-0.09913,0.45201,0.10864
NVDA240920P01710000,NVDA,2024-09-20,1710.00,put,854.80,785.15,778.30,40,792.00,40,0,0,2024-05-17,0.81974,-0.84068,0.00054,-0.20077,1.31839,-5.39211
NVDA240920C01720000,NVDA,2024-09-20,1720.00,call,4.00,3.83,3.60,66,4.05,76,0,22,2024-05-17,0.52706,0.03676,0.00028,-0.09584,0.43711,0.10434
NVDA240920P01720000,NVDA,2024-09-20,1720.00,put,858.50,795.15,788.30,40,802.00,40,0,0,2024-05-17,0.83925,-0.83511,0.00054,-0.21995,1.34821,-5.41482
NVDA240920C01730000,NVDA,2024-09-20,1730.00,call,5.00,3.70,3.45,72,3.95,71,0,23,2024-05-17,0.52706,0.03528,0.00027,-0.09263,0.42264,0.10021
NVDA240920P01730000,NVDA,2024-09-20,1730.00,put,865.50,805.15,798.30,40,812.00,40,0,0,2024-05-17,0.83925,-0.83801,0.00054,-0.21308,1.33276,-5.45559
NVDA240920C01740000,NVDA,2024-09-20,1740.00,call,4.25,3.58,3.35,69,3.80,74,1,18,2024-05-17,0.52706,0.03386,0.00026,-0.08953,0.40858,0.09623
NVDA240920P01740000,NVDA,2024-09-20,1740.00,put,855.90,815.15,808.30,40,822.00,40,0,0,2024-05-17,0.83925,-0.84086,0.00053,-0.20624,1.31739,-5.49625
NVDA240920C01750000,NVDA,2024-09-20,1750.00,call,4.10,3.48,3.25,58,3.70,73,1,336,2024-05-17,0.52706,0.03249,0.00025,-0.08651,0.39493,0.09240
NVDA240920P01750000,NVDA,2024-09-20,1750.00,put,809.85,825.15,818.30,40,832.00,40,0,0,2024-05-17,0.85876,-0.83530,0.00053,-0.22562,1.34717,-5.51905
NVDA240920C01760000,NVDA,2024-09-20,1760.00,call,4.20,3.35,3.10,77,3.60,76,0,39,2024-05-17,0.52706,0.03118,0.00025,-0.08358,0.38168,0.08872
NVDA240920P01760000,NVDA,2024-09-20,1760.00,put,840.95,835.15,828.30,40,842.00,40,0,0,2024-05-17,0.85876,-0.83809,0.00053,-0.21885,1.33233,-5.55951
NVDA240920C01770000,NVDA,2024-09-20,1770.00,call,4.01,3.23,3.00,76,3.45,69,0,84,2024-05-17,0.52706,0.02991,0.00024,-0.08074,0.36882,0.08518
NVDA240920P01770000,NVDA,2024-09-20,1770.00,put,870.05,845.30,838.30,40,852.30,40,0,0,2024-05-17,0.85876,-0.84083,0.00052,-0.21211,1.31756,-5.59986
NVDA240920C01780000,NVDA,2024-09-20,1780.00,call,3.80,3.14,2.93,47,3.35,42,0,35,2024-05-17,0.52706,0.02870,0.00023,-0.07799,0.35635,0.08177
NVDA240920P01780000,NVDA,2024-09-20,1780.00,put,917.85,855.35,848.35,40,862.35,40,0,0,2024-05-17,0.87827,-0.83529,0.00052,-0.23169,1.34725,-5.62277
NVDA240920C01790000,NVDA,2024-09-20,1790.00,call,3.45,3.04,2.84,67,3.25,68,1,250,2024-05-17,0.52706,0.02753,0.00022,-0.07532,0.34425,0.07850
NVDA240920P01790000,NVDA,2024-09-20,1790.00,put,897.00,865.27,858.25,40,872.30,40,0,0,2024-05-17,0.87827,-0.83797,0.00051,-0.22502,1.33299,-5.66293
NVDA240920C01800000,NVDA,2024-09-20,1800.00,call,3.00,2.97,2.84,29,3.10,57,4,74,2024-05-17,0.54657,0.03173,0.00024,-0.08780,0.38727,0.08990
NVDA240920P01800000,NVDA,2024-09-20,1800.00,put,0.00,875.27,868.25,40,882.30,40,0,0,2024-05-17,0.87827,-0.84060,0.00051,-0.21838,1.31879,-5.70300
NVDA240920C01810000,NVDA,2024-09-20,1810.00,call,3.05,2.85,2.65,66,3.05,61,0,23,2024-05-17,0.54657,0.03052,0.00023,-0.08500,0.37501,0.08653
NVDA240920P01810000,NVDA,2024-09-20,1810.00,put,903.90,885.75,878.25,40,893.25,40,0,0,2024-05-17,0.89778,-0.83508,0.00051,-0.23816,1.34837,-5.72601
NVDA240920C01820000,NVDA,2024-09-20,1820.00,call,3.80,2.75,2.56,45,2.95,41,0,9,2024-05-17,0.54657,0.02935,0.00023,-0.08228,0.36309,0.08327
NVDA240920P01820000,NVDA,2024-09-20,1820.00,put,957.00,895.12,888.25,40,902.00,40,0,0,2024-05-17,0.89778,-0.83766,0.00050,-0.23158,1.33464,-5.76590
NVDA240920C01830000,NVDA,2024-09-20,1830.00,call,3.15,2.67,2.48,66,2.87,59,0,31,2024-05-17,0.54657,0.02823,0.00022,-0.07963,0.35152,0.08014
NVDA240920P01830000,NVDA,2024-09-20,1830.00,put,0.00,905.23,898.25,40,912.20,40,0,0,2024-05-17,0.89778,-0.84019,0.00050,-0.22503,1.32099,-5.80571
NVDA240920C01840000,NVDA,2024-09-20,1840.00,call,2.62,2.59,2.40,65,2.78,59,0,3,2024-05-17,0.54657,0.02715,0.00021,-0.07707,0.34027,0.07712
NVDA240920P01840000,NVDA,2024-09-20,1840.00,put,0.00,915.27,908.25,40,922.30,40,0,0,2024-05-17,0.89778,-0.84269,0.00049,-0.21851,1.30740,-5.84543
NVDA240920C01850000,NVDA,2024-09-20,1850.00,call,3.30,2.52,2.33,62,2.70,59,0,31,2024-05-17,0.54657,0.02611,0.00020,-0.07457,0.32935,0.07421
NVDA240920P01850000,NVDA,2024-09-20,1850.00,put,0.00,925.33,918.30,40,932.35,40,0,0,2024-05-17,0.91729,-0.83718,0.00049,-0.23851,1.33721,-5.86847
NVDA240920C01860000,NVDA,2024-09-20,1860.00,call,3.75,2.44,2.25,66,2.63,59,0,11,2024-05-17,0.54657,0.02511,0.00020,-0.07215,0.31875,0.07141
NVDA240920P01860000,NVDA,2024-09-20,1860.00,put,0.00,935.30,928.25,40,942.35,40,0,0,2024-05-17,0.91729,-0.83963,0.00049,-0.23205,1.32407,-5.90803
NVDA240920C01870000,NVDA,2024-09-20,1870.00,call,3.20,2.37,2.18,64,2.55,59,0,38,2024-05-17,0.54657,0.02415,0.00019,-0.06981,0.30845,0.06871
NVDA240920P01870000,NVDA,2024-09-20,1870.00,put,1002.70,945.00,938.25,40,951.75,40,0,0,2024-05-17,0.91729,-0.84204,0.00048,-0.22562,1.31099,-5.94751
NVDA240920C01880000,NVDA,2024-09-20,1880.00,call,2.40,2.29,2.11,64,2.48,64,1,20,2024-05-17,0.54657,0.02322,0.00018,-0.06753,0.29846,0.06610
NVDA240920P01880000,NVDA,2024-09-20,1880.00,put,0.00,955.00,948.25,40,961.75,40,0,0,2024-05-17,0.93681,-0.83654,0.00048,-0.24580,1.34062,-5.97067
NVDA240920C01890000,NVDA,2024-09-20,1890.00,call,2.28,2.23,2.05,63,2.41,68,1,26,2024-05-17,0.54657,0.02233,0.00018,-0.06532,0.28876,0.06360
NVDA240920P01890000,NVDA,2024-09-20,1890.00,put,0.00,964.92,957.50,40,972.35,40,0,0,2024-05-17,0.93681,-0.83890,0.00048,-0.23943,1.32795,-6.01000
NVDA240920C01900000,NVDA,2024-09-20,1900.00,call,2.24,2.18,2.11,28,2.26,34,83,627,2024-05-17,0.54657,0.02147,0.00017,-0.06318,0.27935,0.06119
NVDA240920P01900000,NVDA,2024-09-20,1900.00,put,0.00,975.30,968.25,40,982.35,40,0,0,2024-05-17,0.93681,-0.84124,0.00048,-0.23308,1.31535,-6.04926
NVDA240920C01910000,NVDA,2024-09-20,1910.00,call,2.82,2.10,1.93,63,2.28,65,0,46,2024-05-17,0.54657,0.02064,0.00017,-0.06110,0.27022,0.05886
NVDA240920P01910000,NVDA,2024-09-20,1910.00,put,0.00,985.30,978.30,40,992.30,40,0,0,2024-05-17,0.95632,-0.83575,0.00048,-0.25346,1.34479,-6.07254
NVDA240920C01920000,NVDA,2024-09-20,1920.00,call,2.35,2.04,1.87,63,2.22,66,0,40,2024-05-17,0.54657,0.01985,0.00016,-0.05908,0.26137,0.05662
NVDA240920P01920000,NVDA,2024-09-20,1920.00,put,0.00,995.30,988.25,40,1002.35,40,0,0,2024-05-17,0.95632,-0.83804,0.00047,-0.24717,1.33257,-6.11166
NVDA240920C01930000,NVDA,2024-09-20,1930.00,call,2.46,1.99,1.81,66,2.16,70,0,111,2024-05-17,0.54657,0.01908,0.00016,-0.05713,0.25278,0.05447
NVDA240920P01930000,NVDA,2024-09-20,1930.00,put,0.00,1005.27,998.25,40,1012.30,40,0,0,2024-05-17,0.95632,-0.84030,0.00047,-0.24090,1.32042,-6.15071
NVDA240920C01940000,NVDA,2024-09-20,1940.00,call,1.91,1.90,1.86,5,1.93,1,62,1086,2024-05-17,0.54657,0.01834,0.00015,-0.05524,0.24445,0.05239
NVDA240920P01940000,NVDA,2024-09-20,1940.00,put,0.00,1014.95,1007.45,40,1022.45,40,0,0,2024-05-17,0.95632,-0.84252,0.00046,-0.23466,1.30833,-6.18970
NVDA241018C00200000,NVDA,2024-10-18,200.00,call,590.10,729.95,727.30,40,732.60,40,0,4,2024-05-17,0.99534,0.99680,0.00002,-0.04685,0.05826,0.80959
NVDA241018P00200000,NVDA,2024-10-18,200.00,put,0.06,0.10,0.06,9,0.13,1,0,265,2024-05-17,0.81974,-0.00073,0.00001,-0.00389,0.01506,-0.00330
NVDA241018C00210000,NVDA,2024-10-18,210.00,call,579.70,720.42,714.05,40,726.80,40,0,9,2024-05-17,0.99534,0.99599,0.00002,-0.05237,0.07137,0.84682
NVDA241018P00210000,NVDA,2024-10-18,210.00,put,0.12,0.14,0.04,12,0.24,71,0,73,2024-05-17,0.81974,-0.00099,0.00001,-0.00519,0.02008,-0.00453
NVDA241018C00220000,NVDA,2024-10-18,220.00,call,673.51,710.67,704.30,40,717.05,40,0,5,2024-05-17,0.97583,0.99558,0.00002,-0.05535,0.07789,0.88613
NVDA241018P00220000,NVDA,2024-10-18,220.00,put,0.25,0.18,0.04,17,0.33,67,0,20,2024-05-17,0.80022,-0.00109,0.00001,-0.00550,0.02181,-0.00495
NVDA241018C00230000,NVDA,2024-10-18,230.00,call,0.00,700.75,697.85,40,703.65,40,0,0,2024-05-17,0.93681,0.99570,0.00002,-0.05520,0.07585,0.92822
NVDA241018P00230000,NVDA,2024-10-18,230.00,put,0.15,0.20,0.05,28,0.35,69,0,54,2024-05-17,0.78071,-0.00118,0.00001,-0.00576,0.02346,-0.00534
NVDA241018C00240000,NVDA,2024-10-18,240.00,call,0.00,691.03,688.10,40,693.95,40,0,0,2024-05-17,0.91729,0.99533,0.00002,-0.05782,0.08168,0.96776
NVDA241018P00240000,NVDA,2024-10-18,240.00,put,0.24,0.21,0.07,40,0.36,76,0,81,2024-05-17,0.76120,-0.00126,0.00001,-0.00598,0.02500,-0.00570
NVDA241018C00250000,NVDA,2024-10-18,250.00,call,606.10,681.27,678.65,9,683.90,40,0,21,2024-05-17,0.87827,0.99557,0.00002,-0.05719,0.07792,1.01038
NVDA241018P00250000,NVDA,2024-10-18,250.00,put,0.15,0.21,0.13,1,0.28,26,4,330,2024-05-17,0.74169,-0.00134,0.00001,-0.00615,0.02640,-0.00603
NVDA241018C00260000,NVDA,2024-10-18,260.00,call,641.59,671.65,665.05,40,678.25,40,0,5,2024-05-17,0.87827,0.99460,0.00003,-0.06277,0.09307,1.04691
NVDA241018P00260000,NVDA,2024-10-18,260.00,put,0.44,0.27,0.09,47,0.44,47,0,7,2024-05-17,0.74169,-0.00174,0.00001,-0.00782,0.03360,-0.00789
NVDA241018C00270000,NVDA,2024-10-18,270.00,call,0.00,661.83,658.90,40,664.75,40,0,0,2024-05-17,0.83925,0.99495,0.00003,-0.06162,0.08767,1.09009
NVDA241018P00270000,NVDA,2024-10-18,270.00,put,0.25,0.29,0.11,35,0.47,54,0,6,2024-05-17,0.72218,-0.00182,0.00001,-0.00793,0.03504,-0.00823
NVDA241018C00280000,NVDA,2024-10-18,280.00,call,0.00,651.92,649.20,10,654.65,40,0,0,2024-05-17,0.80022,0.99536,0.00003,-0.06033,0.08122,1.13353
NVDA241018P00280000,NVDA,2024-10-18,280.00,put,0.42,0.32,0.13,41,0.51,49,0,4,2024-05-17,0.72218,-0.00233,0.00002,-0.00990,0.04376,-0.01054
NVDA241018C00290000,NVDA,2024-10-18,290.00,call,590.84,642.12,635.50,40,648.75,40,0,2,2024-05-17,0.78071,0.99513,0.00003,-0.06214,0.08489,1.17378
NVDA241018P00290000,NVDA,2024-10-18,290.00,put,0.29,0.36,0.16,62,0.56,62,0,16,2024-05-17,0.70267,-0.00241,0.00002,-0.00993,0.04516,-0.01088
NVDA241018C00300000,NVDA,2024-10-18,300.00,call,612.00,632.80,630.00,9,635.60,40,0,2,2024-05-17,0.80022,0.99323,0.00004,-0.07128,0.11372,1.20588
NVDA241018P00300000,NVDA,2024-10-18,300.00,put,0.41,0.40,0.28,27,0.52,68,19,472,2024-05-17,0.70267,-0.00303,0.00002,-0.01219,0.05553,-0.01371
NVDA241018C00310000,NVDA,2024-10-18,310.00,call,594.24,622.42,619.10,40,625.75,40,0,9,2024-05-17,0.72218,0.99551,0.00003,-0.06207,0.07898,1.25835
NVDA241018P00310000,NVDA,2024-10-18,310.00,put,0.90,0.46,0.25,60,0.66,68,0,23,2024-05-17,0.68315,-0.00311,0.00002,-0.01212,0.05681,-0.01401
NVDA241018C00320000,NVDA,2024-10-18,320.00,call,596.09,612.50,609.00,40,616.00,40,0,1,2024-05-17,0.68315,0.99614,0.00003,-0.06037,0.06892,1.30269
NVDA241018P00320000,NVDA,2024-10-18,320.00,put,0.54,0.51,0.30,61,0.71,68,0,38,2024-05-17,0.68315,-0.00386,0.00003,-0.01468,0.06892,-0.01742
NVDA241018C00330000,NVDA,2024-10-18,330.00,call,622.80,602.83,599.30,40,606.35,40,0,3,2024-05-17,0.68315,0.99527,0.00003,-0.06472,0.08271,1.33994
NVDA241018P00330000,NVDA,2024-10-18,330.00,put,0.57,0.57,0.36,58,0.78,66,0,9,2024-05-17,0.66364,-0.00393,0.00003,-0.01448,0.07002,-0.01766
NVDA241018C00340000,NVDA,2024-10-18,340.00,call,598.37,593.80,591.60,40,596.00,40,2,5,2024-05-17,0.74169,0.99097,0.00005,-0.08234,0.14638,1.36073
NVDA241018P00340000,NVDA,2024-10-18,340.00,put,0.50,0.64,0.43,79,0.85,78,0,7,2024-05-17,0.66364,-0.00481,0.00004,-0.01734,0.08397,-0.02170
NVDA241018C00350000,NVDA,2024-10-18,350.00,call,587.57,584.30,582.15,40,586.45,54,7,1,2024-05-17,0.72218,0.99071,0.00006,-0.08369,0.15014,1.40094
NVDA241018P00350000,NVDA,2024-10-18,350.00,put,0.56,0.67,0.53,16,0.81,37,6,244,2024-05-17,0.64413,-0.00487,0.00004,-0.01697,0.08478,-0.02184
NVDA241018C00360000,NVDA,2024-10-18,360.00,call,527.92,573.92,570.55,40,577.30,40,0,3,2024-05-17,0.66364,0.99298,0.00005,-0.07558,0.11732,1.45332
NVDA241018P00360000,NVDA,2024-10-18,360.00,put,0.61,0.79,0.58,63,1.01,67,0,37,2024-05-17,0.64413,-0.00590,0.00004,-0.02013,0.10067,-0.02656
NVDA241018C00370000,NVDA,2024-10-18,370.00,call,439.72,564.15,560.90,40,567.40,40,0,1,2024-05-17,0.64413,0.99290,0.00005,-0.07649,0.11846,1.49437
NVDA241018P00370000,NVDA,2024-10-18,370.00,put,0.66,0.89,0.67,69,1.10,73,0,29,2024-05-17,0.62462,-0.00593,0.00004,-0.01959,0.10111,-0.02658
NVDA241018C00380000,NVDA,2024-10-18,380.00,call,569.00,555.08,552.85,40,557.30,40,5,5,2024-05-17,0.68315,0.98860,0.00007,-0.09224,0.17942,1.51529
NVDA241018P00380000,NVDA,2024-10-18,380.00,put,0.77,0.98,0.77,92,1.20,78,0,52,2024-05-17,0.62462,-0.00713,0.00005,-0.02303,0.11904,-0.03205
NVDA241018C00390000,NVDA,2024-10-18,390.00,call,517.50,545.00,541.60,40,548.40,40,0,4,2024-05-17,0.64413,0.99001,0.00007,-0.08758,0.16001,1.56354
NVDA241018P00390000,NVDA,2024-10-18,390.00,put,0.92,1.09,0.88,76,1.31,75,0,24,2024-05-17,0.62462,-0.00851,0.00006,-0.02686,0.13898,-0.03831
NVDA241018C00400000,NVDA,2024-10-18,400.00,call,549.70,536.05,533.85,15,538.25,15,1,10,2024-05-17,0.66364,0.98651,0.00009,-0.09969,0.20756,1.58832
NVDA241018P00400000,NVDA,2024-10-18,400.00,put,1.11,1.22,1.00,64,1.44,75,1,127,2024-05-17,0.60511,-0.00852,0.00006,-0.02601,0.13909,-0.03817
NVDA241018C00410000,NVDA,2024-10-18,410.00,call,501.21,526.72,522.30,40,531.15,40,0,7,2024-05-17,0.68315,0.98238,0.00011,-0.11363,0.26111,1.60975
NVDA241018P00410000,NVDA,2024-10-18,410.00,put,1.77,1.35,1.13,63,1.57,75,0,187,2024-05-17,0.60511,-0.01008,0.00007,-0.03011,0.16127,-0.04532
NVDA241018C00420000,NVDA,2024-10-18,420.00,call,482.75,516.10,512.70,40,519.50,40,0,1,2024-05-17,0.62462,0.98623,0.00009,-0.10066,0.21135,1.67012
NVDA241018P00420000,NVDA,2024-10-18,420.00,put,1.41,1.51,1.38,34,1.65,53,5,418,2024-05-17,0.58560,-0.01005,0.00008,-0.02902,0.16083,-0.04496
NVDA241018C00430000,NVDA,2024-10-18,430.00,call,472.49,506.57,503.50,40,509.65,40,0,2,2024-05-17,0.60511,0.98617,0.00010,-0.10091,0.21214,1.71142
NVDA241018P00430000,NVDA,2024-10-18,430.00,put,1.88,1.65,1.44,38,1.86,192,1,26,2024-05-17,0.58560,-0.01183,0.00009,-0.03340,0.18534,-0.05305
NVDA241018C00440000,NVDA,2024-10-18,440.00,call,463.64,497.15,494.10,40,500.20,40,0,12,2024-05-17,0.60511,0.98397,0.00011,-0.10763,0.24088,1.74252
NVDA241018P00440000,NVDA,2024-10-18,440.00,put,1.62,1.83,1.61,61,2.06,78,0,32,2024-05-17,0.58560,-0.01383,0.00010,-0.03818,0.21211,-0.06217
NVDA241018C00450000,NVDA,2024-10-18,450.00,call,453.70,488.05,485.85,20,490.25,28,0,11,2024-05-17,0.62462,0.97901,0.00013,-0.12238,0.30302,1.76031
NVDA241018P00450000,NVDA,2024-10-18,450.00,put,2.00,2.04,1.97,6,2.10,1,13,109,2024-05-17,0.56608,-0.01376,0.00010,-0.03669,0.21123,-0.06155
NVDA241018C00460000,NVDA,2024-10-18,460.00,call,469.71,478.05,475.00,25,481.10,40,0,14,2024-05-17,0.60511,0.97885,0.00014,-0.12227,0.30501,1.80132
NVDA241018P00460000,NVDA,2024-10-18,460.00,put,2.01,2.25,2.02,56,2.48,9,0,112,2024-05-17,0.56608,-0.01601,0.00012,-0.04173,0.24055,-0.07178
NVDA241018C00470000,NVDA,2024-10-18,470.00,call,318.60,468.42,465.40,41,471.45,39,0,12,2024-05-17,0.58560,0.97876,0.00014,-0.12198,0.30611,1.84266
NVDA241018P00470000,NVDA,2024-10-18,470.00,put,2.18,2.58,2.26,54,2.89,29,0,674,2024-05-17,0.56608,-0.01850,0.00013,-0.04715,0.27222,-0.08317
NVDA241018C00480000,NVDA,2024-10-18,480.00,call,360.95,459.00,456.00,41,462.00,40,0,10,2024-05-17,0.58560,0.97577,0.00016,-0.12974,0.34196,1.87011
NVDA241018P00480000,NVDA,2024-10-18,480.00,put,2.42,2.85,2.51,49,3.20,28,0,230,2024-05-17,0.56608,-0.02126,0.00015,-0.05297,0.30625,-0.09580
NVDA241018C00490000,NVDA,2024-10-18,490.00,call,350.13,449.65,446.75,24,452.55,40,0,15,2024-05-17,0.58560,0.97252,0.00018,-0.13788,0.38001,1.89624
NVDA241018P00490000,NVDA,2024-10-18,490.00,put,2.72,3.04,2.79,63,3.30,7,1,51,2024-05-17,0.54657,-0.02118,0.00015,-0.05090,0.30536,-0.09496
NVDA241018C00500000,NVDA,2024-10-18,500.00,call,455.77,440.62,438.40,33,442.85,25,2,110,2024-05-17,0.58560,0.96898,0.00020,-0.14638,0.42019,1.92100
NVDA241018P00500000,NVDA,2024-10-18,500.00,put,3.35,3.35,3.20,14,3.50,1,24,367,2024-05-17,0.54657,-0.02425,0.00017,-0.05695,0.34219,-0.10898
NVDA241018C00510000,NVDA,2024-10-18,510.00,call,413.91,431.18,427.60,41,434.75,41,0,17,2024-05-17,0.56608,0.96881,0.00021,-0.14549,0.42210,1.96225
NVDA241018P00510000,NVDA,2024-10-18,510.00,put,3.25,3.70,3.40,77,4.00,81,0,96,2024-05-17,0.54657,-0.02760,0.00019,-0.06338,0.38141,-0.12439
NVDA241018C00520000,NVDA,2024-10-18,520.00,call,404.56,421.45,418.65,37,424.25,24,0,23,2024-05-17,0.56608,0.96491,0.00023,-0.15420,0.46511,1.98537
NVDA241018P00520000,NVDA,2024-10-18,520.00,put,3.50,4.10,3.80,67,4.40,74,0,111,2024-05-17,0.52706,-0.02752,0.00020,-0.06083,0.38042,-0.12332
NVDA241018C00530000,NVDA,2024-10-18,530.00,call,426.93,412.20,410.05,19,414.35,5,5,21,2024-05-17,0.54657,0.96476,0.00024,-0.15297,0.46672,2.02684
NVDA241018P00530000,NVDA,2024-10-18,530.00,put,3.91,4.50,4.20,61,4.80,74,0,411,2024-05-17,0.52706,-0.03124,0.00022,-0.06746,0.42262,-0.14033
NVDA241018C00540000,NVDA,2024-10-18,540.00,call,380.00,402.75,399.85,31,405.65,31,0,18,2024-05-17,0.54657,0.96048,0.00026,-0.16186,0.51264,2.04819
NVDA241018P00540000,NVDA,2024-10-18,540.00,put,4.44,4.97,4.65,73,5.30,79,0,41,2024-05-17,0.52706,-0.03528,0.00025,-0.07445,0.46718,-0.15889
NVDA241018C00550000,NVDA,2024-10-18,550.00,call,402.75,393.82,392.90,1,394.75,3,1,45,2024-05-17,0.54657,0.95586,0.00028,-0.17106,0.56060,2.06795
NVDA241018P00550000,NVDA,2024-10-18,550.00,put,5.25,5.45,5.25,95,5.65,30,2,2020,2024-05-17,0.52706,-0.03965,0.00027,-0.08176,0.51398,-0.17906
NVDA241018C00560000,NVDA,2024-10-18,560.00,call,393.35,384.93,382.35,21,387.50,18,0,23,2024-05-17,0.54657,0.95091,0.00031,-0.18053,0.61047,2.08608
NVDA241018P00560000,NVDA,2024-10-18,560.00,put,5.20,6.08,5.70,60,6.45,27,0,449,2024-05-17,0.52706,-0.04437,0.00030,-0.08938,0.56293,-0.20088
NVDA241018C00570000,NVDA,2024-10-18,570.00,call,398.46,375.73,373.20,16,378.25,20,0,14,2024-05-17,0.54657,0.94564,0.00034,-0.19027,0.66211,2.10255
NVDA241018P00570000,NVDA,2024-10-18,570.00,put,6.20,6.70,6.30,49,7.10,27,1,677,2024-05-17,0.50755,-0.04448,0.00031,-0.08602,0.56406,-0.20022
NVDA241018C00580000,NVDA,2024-10-18,580.00,call,369.35,366.68,364.25,12,369.10,12,1,39,2024-05-17,0.52706,0.94516,0.00035,-0.18826,0.66672,2.14307
NVDA241018P00580000,NVDA,2024-10-18,580.00,put,7.05,7.38,7.20,1,7.55,15,1,874,2024-05-17,0.50755,-0.04966,0.00034,-0.09378,0.61615,-0.22412
NVDA241018C00590000,NVDA,2024-10-18,590.00,call,343.00,357.68,355.35,11,360.00,8,0,42,2024-05-17,0.52706,0.93939,0.00038,-0.19809,0.72126,2.15733
NVDA241018P00590000,NVDA,2024-10-18,590.00,put,7.72,8.07,7.90,10,8.25,15,3,131,2024-05-17,0.50755,-0.05521,0.00037,-0.10180,0.67022,-0.24982
NVDA241018C00600000,NVDA,2024-10-18,600.00,call,351.70,348.40,347.55,1,349.25,1,6,98,2024-05-17,0.52706,0.93327,0.00041,-0.20812,0.77734,2.16981
NVDA241018P00600000,NVDA,2024-10-18,600.00,put,8.35,8.95,8.70,38,9.20,1,38,273,2024-05-17,0.50755,-0.06113,0.00040,-0.11005,0.72610,-0.27736
NVDA241018C00610000,NVDA,2024-10-18,610.00,call,310.95,339.45,336.75,23,342.15,7,0,21,2024-05-17,0.50755,0.93257,0.00043,-0.20561,0.78361,2.20970
NVDA241018P00610000,NVDA,2024-10-18,610.00,put,9.88,9.75,9.45,35,10.05,13,6,114,2024-05-17,0.50755,-0.06743,0.00043,-0.11851,0.78361,-0.30676
NVDA241018C00620000,NVDA,2024-10-18,620.00,call,310.56,331.00,328.60,13,333.40,5,0,36,2024-05-17,0.50755,0.92590,0.00046,-0.21567,0.84256,2.21968
NVDA241018P00620000,NVDA,2024-10-18,620.00,put,10.00,10.90,10.35,57,11.45,29,1,123,2024-05-17,0.50755,-0.07410,0.00046,-0.12714,0.84256,-0.33804
NVDA241018C00630000,NVDA,2024-10-18,630.00,call,292.44,322.32,319.95,11,324.70,5,0,19,2024-05-17,0.50755,0.91885,0.00049,-0.22587,0.90274,2.22775
NVDA241018P00630000,NVDA,2024-10-18,630.00,put,11.61,11.90,11.65,14,12.15,16,27,447,2024-05-17,0.48804,-0.07489,0.00048,-0.12284,0.84939,-0.33957
NVDA241018C00640000,NVDA,2024-10-18,640.00,call,312.50,313.70,311.30,12,316.10,6,0,28,2024-05-17,0.50755,0.91143,0.00053,-0.23617,0.96396,2.23393
NVDA241018P00640000,NVDA,2024-10-18,640.00,put,12.76,13.00,12.65,36,13.35,13,1,90,2024-05-17,0.48804,-0.08217,0.00052,-0.13146,0.91127,-0.37359
NVDA241018C00650000,NVDA,2024-10-18,650.00,call,327.00,304.93,304.05,1,305.80,1,0,87,2024-05-17,0.50755,0.90364,0.00056,-0.24654,1.02599,2.23821
NVDA241018P00650000,NVDA,2024-10-18,650.00,put,14.40,14.35,14.10,6,14.60,5,70,431,2024-05-17,0.48804,-0.08985,0.00055,-0.14019,0.97423,-0.40960
NVDA241018C00660000,NVDA,2024-10-18,660.00,call,280.95,296.75,294.40,11,299.10,5,0,48,2024-05-17,0.50755,0.89549,0.00059,-0.25694,1.08861,2.24061
NVDA241018P00660000,NVDA,2024-10-18,660.00,put,14.30,15.80,15.50,14,16.10,13,8,296,2024-05-17,0.48804,-0.09791,0.00059,-0.14899,1.03806,-0.44761
NVDA241018C00670000,NVDA,2024-10-18,670.00,call,281.25,288.18,286.10,41,290.25,6,0,30,2024-05-17,0.50755,0.88698,0.00063,-0.26734,1.15162,2.24112
NVDA241018P00670000,NVDA,2024-10-18,670.00,put,16.23,17.17,16.90,24,17.45,5,2,199,2024-05-17,0.48804,-0.10636,0.00063,-0.15782,1.10251,-0.48762
NVDA241018C00680000,NVDA,2024-10-18,680.00,call,271.77,279.75,278.05,36,281.45,1,0,78,2024-05-17,0.48804,0.88481,0.00066,-0.26373,1.16735,2.27564
NVDA241018P00680000,NVDA,2024-10-18,680.00,put,18.15,18.85,18.50,25,19.20,30,2,784,2024-05-17,0.48804,-0.11519,0.00066,-0.16664,1.16735,-0.52960
NVDA241018C00690000,NVDA,2024-10-18,690.00,call,276.83,271.48,269.80,39,273.15,10,1,50,2024-05-17,0.48804,0.87561,0.00070,-0.27394,1.23233,2.27296
NVDA241018P00690000,NVDA,2024-10-18,690.00,put,19.80,20.48,20.20,6,20.75,6,3,700,2024-05-17,0.48804,-0.12439,0.00070,-0.17542,1.23233,-0.57354
NVDA241018C00700000,NVDA,2024-10-18,700.00,call,268.80,264.00,262.25,1,265.75,1,3,839,2024-05-17,0.48804,0.86605,0.00074,-0.28406,1.29723,2.26835
NVDA241018P00700000,NVDA,2024-10-18,700.00,put,22.44,22.35,22.05,2,22.65,5,22,2093,2024-05-17,0.48804,-0.13395,0.00074,-0.18411,1.29723,-0.61940
NVDA241018C00710000,NVDA,2024-10-18,710.00,call,274.26,256.00,254.45,21,257.55,1,0,63,2024-05-17,0.48804,0.85615,0.00077,-0.29406,1.36179,2.26184
NVDA241018P00710000,NVDA,2024-10-18,710.00,put,22.92,24.38,24.10,18,24.65,6,79,498,2024-05-17,0.48804,-0.14385,0.00077,-0.19269,1.36179,-0.66716
NVDA241018C00720000,NVDA,2024-10-18,720.00,call,252.43,248.43,246.40,11,250.45,1,1,54,2024-05-17,0.48804,0.84591,0.00081,-0.30392,1.42580,2.25347
NVDA241018P00720000,NVDA,2024-10-18,720.00,put,24.40,26.48,26.15,11,26.80,10,2,663,2024-05-17,0.48804,-0.15409,0.00081,-0.20112,1.42580,-0.71678
NVDA241018C00730000,NVDA,2024-10-18,730.00,call,259.45,240.97,239.00,40,242.95,5,0,52,2024-05-17,0.48804,0.83536,0.00085,-0.31358,1.48904,2.24330
NVDA241018P00730000,NVDA,2024-10-18,730.00,put,27.49,28.75,28.40,5,29.10,8,30,504,2024-05-17,0.48804,-0.16464,0.00085,-0.20936,1.48904,-0.76821
NVDA241018C00740000,NVDA,2024-10-18,740.00,call,230.40,233.55,231.45,10,235.65,1,9,99,2024-05-17,0.48804,0.82450,0.00088,-0.32303,1.55128,2.23136
NVDA241018P00740000,NVDA,2024-10-18,740.00,put,28.90,31.15,30.80,5,31.50,7,1,472,2024-05-17,0.48804,-0.17550,0.00088,-0.21738,1.55128,-0.82140
NVDA241018C00750000,NVDA,2024-10-18,750.00,call,227.47,226.43,225.75,1,227.10,1,4,167,2024-05-17,0.48804,0.81335,0.00092,-0.33223,1.61232,2.21771
NVDA241018P00750000,NVDA,2024-10-18,750.00,put,33.60,33.67,33.30,2,34.05,4,91,1286,2024-05-17,0.48804,-0.18665,0.00092,-0.22515,1.61232,-0.87630
NVDA241018C00760000,NVDA,2024-10-18,760.00,call,212.45,219.50,217.90,4,221.10,41,0,60,2024-05-17,0.48804,0.80192,0.00095,-0.34116,1.67197,2.20242
NVDA241018P00760000,NVDA,2024-10-18,760.00,put,36.23,36.42,36.00,6,36.85,33,15,163,2024-05-17,0.48804,-0.19808,0.00095,-0.23264,1.67197,-0.93285
NVDA241018C00770000,NVDA,2024-10-18,770.00,call,223.75,212.50,210.85,5,214.15,13,4,42,2024-05-17,0.48804,0.79025,0.00098,-0.34977,1.73003,2.18554
NVDA241018P00770000,NVDA,2024-10-18,770.00,put,39.03,39.30,38.85,1,39.75,17,3,290,2024-05-17,0.48804,-0.20975,0.00098,-0.23983,1.73003,-0.99099
NVDA241018C00780000,NVDA,2024-10-18,780.00,call,217.30,205.35,203.45,32,207.25,24,4,87,2024-05-17,0.48804,0.77833,0.00101,-0.35806,1.78634,2.16713
NVDA241018P00780000,NVDA,2024-10-18,780.00,put,37.61,42.30,41.90,8,42.70,39,0,206,2024-05-17,0.48804,-0.22167,0.00101,-0.24669,1.78634,-1.05064
NVDA241018C00790000,NVDA,2024-10-18,790.00,call,210.15,199.02,197.45,13,200.60,39,4,120,2024-05-17,0.48804,0.76620,0.00105,-0.36599,1.84074,2.14728
NVDA241018P00790000,NVDA,2024-10-18,790.00,put,43.09,45.48,45.10,3,45.85,27,1,122,2024-05-17,0.46853,-0.22853,0.00108,-0.23923,1.81746,-1.07613
NVDA241018C00800000,NVDA,2024-10-18,800.00,call,194.05,192.40,191.75,1,193.05,1,6,305,2024-05-17,0.48804,0.75387,0.00107,-0.37355,1.89308,2.12603
NVDA241018P00800000,NVDA,2024-10-18,800.00,put,50.39,48.95,47.90,4,50.00,3,9,961,2024-05-17,0.48804,-0.24613,0.00107,-0.25932,1.89308,-1.17425
NVDA241018C00810000,NVDA,2024-10-18,810.00,call,193.62,186.02,183.85,1,188.20,1,23,57,2024-05-17,0.48804,0.74135,0.00110,-0.38071,1.94322,2.10348
NVDA241018P00810000,NVDA,2024-10-18,810.00,put,47.20,52.23,51.75,4,52.70,15,0,168,2024-05-17,0.46853,-0.25413,0.00114,-0.25121,1.92546,-1.20451
NVDA241018C00820000,NVDA,2024-10-18,820.00,call,196.27,179.90,178.30,15,181.50,15,0,103,2024-05-17,0.48804,0.72868,0.00113,-0.38747,1.99104,2.07968
NVDA241018P00820000,NVDA,2024-10-18,820.00,put,54.00,55.90,55.45,4,56.35,8,3,374,2024-05-17,0.46853,-0.26722,0.00117,-0.25659,1.97590,-1.27078
NVDA241018C00830000,NVDA,2024-10-18,830.00,call,184.60,174.05,172.55,7,175.55,48,4,115,2024-05-17,0.48804,0.71586,0.00116,-0.39380,2.03645,2.05472
NVDA241018P00830000,NVDA,2024-10-18,830.00,put,60.00,59.67,59.25,4,60.10,8,17,194,2024-05-17,0.46853,-0.28049,0.00120,-0.26154,2.02379,-1.33834
NVDA241018C00840000,NVDA,2024-10-18,840.00,call,175.50,167.85,167.05,3,168.65,15,1,189,2024-05-17,0.48804,0.70291,0.00118,-0.39969,2.07934,2.02867
NVDA241018P00840000,NVDA,2024-10-18,840.00,put,60.13,63.60,63.15,9,64.05,8,2,95,2024-05-17,0.46853,-0.29389,0.00122,-0.26604,2.06903,-1.40709
NVDA241018C00850000,NVDA,2024-10-18,850.00,call,158.95,162.15,161.50,3,162.80,5,18,381,2024-05-17,0.48804,0.68986,0.00120,-0.40514,2.11963,2.00160
NVDA241018P00850000,NVDA,2024-10-18,850.00,put,66.02,67.72,67.30,4,68.15,5,13,379,2024-05-17,0.46853,-0.30743,0.00125,-0.27008,2.11150,-1.47695
NVDA241018C00860000,NVDA,2024-10-18,860.00,call,166.01,156.43,155.75,3,157.10,4,100,424,2024-05-17,0.48804,0.67673,0.00123,-0.41013,2.15727,1.97360
NVDA241018P00860000,NVDA,2024-10-18,860.00,put,64.20,71.97,71.50,9,72.45,7,0,360,2024-05-17,0.46853,-0.32106,0.00127,-0.27366,2.15114,-1.54785
NVDA241018C00870000,NVDA,2024-10-18,870.00,call,148.92,151.05,150.30,1,151.80,1,7,222,2024-05-17,0.48804,0.66352,0.00124,-0.41467,2.19219,1.94473
NVDA241018P00870000,NVDA,2024-10-18,870.00,put,77.18,76.38,75.90,8,76.85,7,8,361,2024-05-17,0.46853,-0.33478,0.00129,-0.27676,2.18788,-1.61970
NVDA241018C00880000,NVDA,2024-10-18,880.00,call,143.40,145.62,144.90,1,146.35,7,24,852,2024-05-17,0.48804,0.65027,0.00126,-0.41874,2.22436,1.91507
NVDA241018P00880000,NVDA,2024-10-18,880.00,put,76.25,80.95,80.45,8,81.45,7,10,345,2024-05-17,0.48804,-0.34973,0.00126,-0.29309,2.22436,-1.71524
NVDA241018C00890000,NVDA,2024-10-18,890.00,call,139.85,140.55,140.05,3,141.05,3,13,275,2024-05-17,0.48804,0.63698,0.00128,-0.42234,2.25375,1.88469
NVDA241018P00890000,NVDA,2024-10-18,890.00,put,78.80,85.65,85.15,8,86.15,7,0,217,2024-05-17,0.48804,-0.36302,0.00128,-0.29527,2.25375,-1.78687
NVDA241018C00900000,NVDA,2024-10-18,900.00,call,135.30,135.53,135.05,3,136.00,2,244,1227,2024-05-17,0.48804,0.62368,0.00129,-0.42548,2.28034,1.85367
NVDA241018P00900000,NVDA,2024-10-18,900.00,put,89.95,90.53,90.05,3,91.00,6,116,380,2024-05-17,0.48804,-0.37632,0.00129,-0.29698,2.28034,-1.85915
NVDA241018C00910000,NVDA,2024-10-18,910.00,call,134.83,130.65,130.15,7,131.15,1,8,154,2024-05-17,0.48804,0.61038,0.00131,-0.42816,2.30413,1.82208
NVDA241018P00910000,NVDA,2024-10-18,910.00,put,95.15,95.55,95.05,4,96.05,7,8,231,2024-05-17,0.48804,-0.38962,0.00131,-0.29823,2.30413,-1.93200
NVDA241018C00920000,NVDA,2024-10-18,920.00,call,125.28,125.85,125.30,3,126.40,8,19,263,2024-05-17,0.48804,0.59709,0.00132,-0.43038,2.32512,1.78998
NVDA241018P00920000,NVDA,2024-10-18,920.00,put,101.14,100.72,100.20,4,101.25,7,22,256,2024-05-17,0.48804,-0.40291,0.00132,-0.29902,2.32512,-2.00535
NVDA241018C00930000,NVDA,2024-10-18,930.00,call,121.64,121.30,120.80,7,121.80,1,29,143,2024-05-17,0.48804,0.58384,0.00133,-0.43213,2.34333,1.75744
NVDA241018P00930000,NVDA,2024-10-18,930.00,put,105.03,106.03,105.50,4,106.55,7,107,111,2024-05-17,0.48804,-0.41616,0.00133,-0.29935,2.34333,-2.07914
NVDA241018C00940000,NVDA,2024-10-18,940.00,call,115.00,116.82,116.35,7,117.30,5,20,133,2024-05-17,0.48804,0.57063,0.00134,-0.43344,2.35879,1.72453
NVDA241018P00940000,NVDA,2024-10-18,940.00,put,107.81,111.83,110.70,46,112.95,41,7,41,2024-05-17,0.48804,-0.42937,0.00134,-0.29923,2.35879,-2.15330
NVDA241018C00950000,NVDA,2024-10-18,950.00,call,113.00,112.53,112.10,6,112.95,2,44,478,2024-05-17,0.48804,0.55749,0.00135,-0.43431,2.37152,1.69132
NVDA241018P00950000,NVDA,2024-10-18,950.00,put,117.75,117.17,116.30,27,118.05,26,13,393,2024-05-17,0.48804,-0.44251,0.00135,-0.29867,2.37152,-2.22777
NVDA241018C00960000,NVDA,2024-10-18,960.00,call,108.00,108.30,107.85,7,108.75,3,56,273,2024-05-17,0.48804,0.54442,0.00135,-0.43475,2.38157,1.65786
NVDA241018P00960000,NVDA,2024-10-18,960.00,put,110.55,122.95,122.05,28,123.85,27,0,141,2024-05-17,0.48804,-0.45558,0.00135,-0.29768,2.38157,-2.30248
NVDA241018C00970000,NVDA,2024-10-18,970.00,call,105.50,104.22,103.75,7,104.70,5,2,103,2024-05-17,0.48804,0.53144,0.00136,-0.43476,2.38900,1.62421
NVDA241018P00970000,NVDA,2024-10-18,970.00,put,127.25,128.82,127.95,5,129.70,26,2,81,2024-05-17,0.48804,-0.46856,0.00136,-0.29626,2.38900,-2.37738
NVDA241018C00980000,NVDA,2024-10-18,980.00,call,101.00,100.30,99.85,7,100.75,3,18,112,2024-05-17,0.48804,0.51855,0.00136,-0.43436,2.39385,1.59044
NVDA241018P00980000,NVDA,2024-10-18,980.00,put,135.05,134.90,134.00,6,135.80,26,12,48,2024-05-17,0.48804,-0.48145,0.00136,-0.29444,2.39385,-2.45241
NVDA241018C00990000,NVDA,2024-10-18,990.00,call,106.82,96.43,95.95,6,96.90,3,4,130,2024-05-17,0.46853,0.50086,0.00142,-0.41844,2.39644,1.55711
NVDA241018P00990000,NVDA,2024-10-18,990.00,put,136.10,141.00,140.05,5,141.95,25,2,50,2024-05-17,0.48804,-0.49422,0.00136,-0.29221,2.39619,-2.52752
NVDA241018C01000000,NVDA,2024-10-18,1000.00,call,92.87,92.72,92.20,3,93.25,3,130,756,2024-05-17,0.46853,0.48769,0.00142,-0.41702,2.39530,1.52119
NVDA241018P01000000,NVDA,2024-10-18,1000.00,put,147.00,147.25,146.35,24,148.15,25,38,128,2024-05-17,0.48804,-0.50686,0.00136,-0.28959,2.39609,-2.60264
NVDA241018C01010000,NVDA,2024-10-18,1010.00,call,87.02,89.12,88.65,3,89.60,6,4,71,2024-05-17,0.46853,0.47466,0.00141,-0.41522,2.39161,1.48531
NVDA241018P01010000,NVDA,2024-10-18,1010.00,put,139.65,153.57,152.05,16,155.10,21,0,46,2024-05-17,0.48804,-0.51938,0.00136,-0.28660,2.39362,-2.67775
NVDA241018C01020000,NVDA,2024-10-18,1020.00,call,86.55,85.70,85.25,4,86.15,3,4,176,2024-05-17,0.46853,0.46179,0.00141,-0.41304,2.38544,1.44953
NVDA241018P01020000,NVDA,2024-10-18,1020.00,put,154.60,160.43,159.20,23,161.65,21,3,42,2024-05-17,0.48804,-0.53175,0.00136,-0.28325,2.38885,-2.75277
NVDA241018C01030000,NVDA,2024-10-18,1030.00,call,84.45,82.35,81.90,8,82.80,3,8,179,2024-05-17,0.46853,0.44908,0.00141,-0.41051,2.37690,1.41392
NVDA241018P01030000,NVDA,2024-10-18,1030.00,put,178.25,166.80,165.35,22,168.25,15,0,11,2024-05-17,0.48804,-0.54397,0.00135,-0.27955,2.38187,-2.82768
NVDA241018C01040000,NVDA,2024-10-18,1040.00,call,86.25,79.08,78.65,4,79.50,5,3,210,2024-05-17,0.46853,0.43655,0.00140,-0.40763,2.36606,1.37850
NVDA241018P01040000,NVDA,2024-10-18,1040.00,put,161.80,173.62,172.10,14,175.15,3,0,30,2024-05-17,0.48804,-0.55604,0.00135,-0.27552,2.37276,-2.90243
NVDA241018C01050000,NVDA,2024-10-18,1050.00,call,77.29,76.00,75.60,7,76.40,5,16,203,2024-05-17,0.46853,0.42419,0.00139,-0.40444,2.35305,1.34332
NVDA241018P01050000,NVDA,2024-10-18,1050.00,put,163.00,180.38,178.90,22,181.85,21,0,20,2024-05-17,0.48804,-0.56793,0.00134,-0.27117,2.36161,-2.97698
NVDA241018C01060000,NVDA,2024-10-18,1060.00,call,83.17,72.97,72.55,8,73.40,3,1,98,2024-05-17,0.46853,0.41203,0.00138,-0.40093,2.33794,1.30844
NVDA241018P01060000,NVDA,2024-10-18,1060.00,put,215.25,187.40,185.80,9,189.00,10,0,4,2024-05-17,0.48804,-0.57966,0.00133,-0.26652,2.34851,-3.05130
NVDA241018C01070000,NVDA,2024-10-18,1070.00,call,70.80,70.05,69.60,5,70.50,6,23,136,2024-05-17,0.46853,0.40007,0.00137,-0.39713,2.32086,1.27387
NVDA241018P01070000,NVDA,2024-10-18,1070.00,put,214.15,194.82,192.65,22,197.00,28,0,21,2024-05-17,0.48804,-0.59120,0.00133,-0.26159,2.33355,-3.12534
NVDA241018C01080000,NVDA,2024-10-18,1080.00,call,80.50,67.20,66.80,8,67.60,6,0,95,2024-05-17,0.46853,0.38830,0.00136,-0.39307,2.30189,1.23967
NVDA241018P01080000,NVDA,2024-10-18,1080.00,put,196.25,201.85,199.95,32,203.75,7,2,17,2024-05-17,0.48804,-0.60256,0.00132,-0.25639,2.31681,-3.19908
NVDA241018C01090000,NVDA,2024-10-18,1090.00,call,73.65,64.53,64.10,8,64.95,4,0,116,2024-05-17,0.46853,0.37675,0.00135,-0.38874,2.28115,1.20586
NVDA241018P01090000,NVDA,2024-10-18,1090.00,put,224.60,210.23,207.55,2,212.90,38,0,33,2024-05-17,0.48804,-0.61373,0.00131,-0.25093,2.29839,-3.27248
NVDA241018C01100000,NVDA,2024-10-18,1100.00,call,61.50,61.85,61.45,3,62.25,2,89,228,2024-05-17,0.46853,0.36541,0.00134,-0.38418,2.25873,1.17247
NVDA241018P01100000,NVDA,2024-10-18,1100.00,put,234.06,216.90,214.90,26,218.90,31,0,53,2024-05-17,0.48804,-0.62471,0.00129,-0.24523,2.27839,-3.34553
NVDA241018C01110000,NVDA,2024-10-18,1110.00,call,66.35,59.38,58.95,8,59.80,5,2,101,2024-05-17,0.46853,0.35429,0.00132,-0.37939,2.23476,1.13953
NVDA241018P01110000,NVDA,2024-10-18,1110.00,put,244.20,226.15,222.50,13,229.80,35,0,47,2024-05-17,0.50755,-0.62577,0.00124,-0.25748,2.27635,-3.39894
NVDA241018C01120000,NVDA,2024-10-18,1120.00,call,57.00,56.95,56.50,5,57.40,6,2,119,2024-05-17,0.46853,0.34338,0.00131,-0.37439,2.20931,1.10707
NVDA241018P01120000,NVDA,2024-10-18,1120.00,put,245.95,232.22,230.10,3,234.35,5,0,17,2024-05-17,0.50755,-0.63603,0.00123,-0.25163,2.25574,-3.46978
NVDA241018C01130000,NVDA,2024-10-18,1130.00,call,66.46,54.62,54.20,8,55.05,7,0,58,2024-05-17,0.46853,0.33271,0.00129,-0.36921,2.18251,1.07510
NVDA241018P01130000,NVDA,2024-10-18,1130.00,put,233.65,239.80,237.75,14,241.85,8,2,59,2024-05-17,0.50755,-0.64611,0.00122,-0.24559,2.23387,-3.54025
NVDA241018C01140000,NVDA,2024-10-18,1140.00,call,55.15,52.38,51.95,8,52.80,7,2,53,2024-05-17,0.46853,0.32225,0.00127,-0.36385,2.15446,1.04365
NVDA241018P01140000,NVDA,2024-10-18,1140.00,put,261.85,248.70,245.85,3,251.55,57,0,5,2024-05-17,0.50755,-0.65599,0.00121,-0.23936,2.21082,-3.61034
NVDA241018C01150000,NVDA,2024-10-18,1150.00,call,51.00,50.20,49.80,3,50.60,5,42,160,2024-05-17,0.46853,0.31203,0.00126,-0.35834,2.12524,1.01274
NVDA241018P01150000,NVDA,2024-10-18,1150.00,put,0.00,255.82,253.85,1,257.80,6,0,0,2024-05-17,0.50755,-0.66569,0.00119,-0.23297,2.18666,-3.68001
NVDA241018C01160000,NVDA,2024-10-18,1160.00,call,47.30,48.10,47.70,4,48.50,5,3,106,2024-05-17,0.46853,0.30204,0.00124,-0.35268,2.09497,0.98238
NVDA241018P01160000,NVDA,2024-10-18,1160.00,put,281.94,263.73,259.75,49,267.70,14,0,3,2024-05-17,0.50755,-0.67520,0.00118,-0.22642,2.16147,-3.74926
NVDA241018C01170000,NVDA,2024-10-18,1170.00,call,54.51,46.12,45.70,4,46.55,8,0,40,2024-05-17,0.46853,0.29227,0.00122,-0.34690,2.06373,0.95259
NVDA241018P01170000,NVDA,2024-10-18,1170.00,put,292.45,271.67,267.65,34,275.70,6,0,13,2024-05-17,0.50755,-0.68451,0.00117,-0.21973,2.13533,-3.81807
NVDA241018C01180000,NVDA,2024-10-18,1180.00,call,48.00,44.20,43.80,4,44.60,5,10,56,2024-05-17,0.46853,0.28274,0.00120,-0.34101,2.03162,0.92338
NVDA241018P01180000,NVDA,2024-10-18,1180.00,put,301.00,280.65,278.30,14,283.00,33,0,6,2024-05-17,0.50755,-0.69363,0.00115,-0.21291,2.10831,-3.88644
NVDA241018C01190000,NVDA,2024-10-18,1190.00,call,41.54,42.30,41.95,4,42.65,5,7,104,2024-05-17,0.46853,0.27344,0.00118,-0.33501,1.99873,0.89475
NVDA241018P01190000,NVDA,2024-10-18,1190.00,put,309.30,289.30,286.35,10,292.25,34,0,2,2024-05-17,0.50755,-0.70255,0.00114,-0.20598,2.08049,-3.95434
NVDA241018C01200000,NVDA,2024-10-18,1200.00,call,41.36,40.58,40.20,4,40.95,2,69,774,2024-05-17,0.46853,0.26436,0.00116,-0.32893,1.96515,0.86672
NVDA241018P01200000,NVDA,2024-10-18,1200.00,put,281.16,296.82,294.65,22,299.00,5,0,6,2024-05-17,0.50755,-0.71128,0.00112,-0.19894,2.05193,-4.02179
NVDA241018C01220000,NVDA,2024-10-18,1220.00,call,37.50,37.30,36.90,4,37.70,15,5,451,2024-05-17,0.46853,0.24691,0.00112,-0.31658,1.89625,0.81247
NVDA241018P01220000,NVDA,2024-10-18,1220.00,put,342.75,314.17,311.70,1,316.65,6,0,3,2024-05-17,0.52706,-0.71646,0.00107,-0.20532,2.03438,-4.12614
NVDA241018C01240000,NVDA,2024-10-18,1240.00,call,35.25,34.20,33.85,4,34.55,1,4,175,2024-05-17,0.46853,0.23035,0.00108,-0.30403,1.82557,0.76067
NVDA241018P01240000,NVDA,2024-10-18,1240.00,put,384.55,331.77,329.30,35,334.25,35,0,2,2024-05-17,0.52706,-0.73232,0.00104,-0.19110,1.97758,-4.25619
NVDA241018C01260000,NVDA,2024-10-18,1260.00,call,38.00,31.50,31.15,9,31.85,26,0,138,2024-05-17,0.46853,0.21469,0.00104,-0.29139,1.75369,0.71132
NVDA241018P01260000,NVDA,2024-10-18,1260.00,put,398.25,350.38,346.45,21,354.30,31,0,1,2024-05-17,0.54657,-0.73577,0.00100,-0.19793,1.96466,-4.35473
NVDA241018C01280000,NVDA,2024-10-18,1280.00,call,31.30,28.95,28.50,9,29.40,8,0,271,2024-05-17,0.46853,0.19989,0.00099,-0.27873,1.68117,0.66442
NVDA241018P01280000,NVDA,2024-10-18,1280.00,put,414.23,367.68,364.50,16,370.85,5,0,3,2024-05-17,0.54657,-0.75007,0.00097,-0.18364,1.90861,-4.48011
NVDA241018C01300000,NVDA,2024-10-18,1300.00,call,28.30,26.60,26.25,5,26.95,5,12,585,2024-05-17,0.46853,0.18594,0.00095,-0.26614,1.60849,0.61994
NVDA241018P01300000,NVDA,2024-10-18,1300.00,put,409.80,384.85,382.80,18,386.90,5,0,2,2024-05-17,0.54657,-0.76374,0.00094,-0.16921,1.85142,-4.60386
NVDA241018C01320000,NVDA,2024-10-18,1320.00,call,24.53,24.48,24.20,11,24.75,5,18,58,2024-05-17,0.48804,0.18593,0.00091,-0.27619,1.60843,0.61609
NVDA241018P01320000,NVDA,2024-10-18,1320.00,put,546.93,403.90,400.60,14,407.20,8,0,5,2024-05-17,0.56608,-0.76506,0.00090,-0.17672,1.84569,-4.69523
NVDA241018C01340000,NVDA,2024-10-18,1340.00,call,22.60,22.57,22.25,10,22.90,4,17,106,2024-05-17,0.48804,0.17350,0.00087,-0.26397,1.53999,0.57655
NVDA241018P01340000,NVDA,2024-10-18,1340.00,put,442.70,422.52,419.45,22,425.60,29,0,154,2024-05-17,0.56608,-0.77744,0.00088,-0.16242,1.79044,-4.81504
NVDA241018C01360000,NVDA,2024-10-18,1360.00,call,19.85,20.70,20.40,45,21.00,5,0,23,2024-05-17,0.48804,0.16178,0.00084,-0.25193,1.47216,0.53909
NVDA241018P01360000,NVDA,2024-10-18,1360.00,put,421.13,440.90,437.55,24,444.25,7,0,2,2024-05-17,0.56608,-0.78926,0.00085,-0.14810,1.73479,-4.93338
NVDA241018C01380000,NVDA,2024-10-18,1380.00,call,23.85,19.20,18.90,24,19.50,5,0,112,2024-05-17,0.48804,0.15075,0.00080,-0.24010,1.40524,0.50367
NVDA241018P01380000,NVDA,2024-10-18,1380.00,put,534.97,459.85,456.50,28,463.20,15,0,2,2024-05-17,0.58560,-0.78901,0.00082,-0.15634,1.73599,-5.01934
NVDA241018C01400000,NVDA,2024-10-18,1400.00,call,18.90,17.70,17.40,5,18.00,7,1,433,2024-05-17,0.48804,0.14038,0.00076,-0.22852,1.33948,0.47021
NVDA241018P01400000,NVDA,2024-10-18,1400.00,put,501.13,478.58,476.60,26,480.55,10,0,0,2024-05-17,0.58560,-0.79978,0.00080,-0.14225,1.68285,-5.13439
NVDA241018C01420000,NVDA,2024-10-18,1420.00,call,19.55,16.25,15.95,7,16.55,31,0,94,2024-05-17,0.48804,0.13064,0.00072,-0.21722,1.27509,0.43866
NVDA241018P01420000,NVDA,2024-10-18,1420.00,put,649.25,497.98,495.80,26,500.15,4,0,0,2024-05-17,0.60511,-0.79880,0.00077,-0.15100,1.68779,-5.21786
NVDA241018C01440000,NVDA,2024-10-18,1440.00,call,20.10,15.10,14.85,19,15.35,32,0,124,2024-05-17,0.48804,0.12151,0.00069,-0.20624,1.21225,0.40895
NVDA241018P01440000,NVDA,2024-10-18,1440.00,put,562.81,517.62,515.05,35,520.20,5,0,0,2024-05-17,0.62462,-0.79763,0.00075,-0.16001,1.69367,-5.30077
NVDA241018C01460000,NVDA,2024-10-18,1460.00,call,15.10,13.95,13.75,9,14.15,16,1,87,2024-05-17,0.48804,0.11295,0.00065,-0.19559,1.15112,0.38100
NVDA241018P01460000,NVDA,2024-10-18,1460.00,put,559.42,536.62,534.00,40,539.25,23,0,0,2024-05-17,0.62462,-0.80708,0.00073,-0.14639,1.64541,-5.41152
NVDA241018C01480000,NVDA,2024-10-18,1480.00,call,17.03,13.00,12.70,17,13.30,70,0,42,2024-05-17,0.48804,0.10494,0.00062,-0.18528,1.09181,0.35474
NVDA241018P01480000,NVDA,2024-10-18,1480.00,put,590.75,556.80,553.40,41,560.20,40,0,1,2024-05-17,0.64413,-0.80536,0.00071,-0.15587,1.65430,-5.49260
NVDA241018C01500000,NVDA,2024-10-18,1500.00,call,13.29,12.02,11.85,2,12.20,2,1,382,2024-05-17,0.48804,0.09744,0.00059,-0.17533,1.03443,0.33010
NVDA241018P01500000,NVDA,2024-10-18,1500.00,put,599.97,575.83,573.65,58,578.00,9,0,0,2024-05-17,0.64413,-0.81408,0.00069,-0.14252,1.60840,-5.60105
NVDA241018C01520000,NVDA,2024-10-18,1520.00,call,11.30,11.07,10.90,15,11.25,8,2,52,2024-05-17,0.48804,0.09044,0.00056,-0.16576,0.97904,0.30699
NVDA241018P01520000,NVDA,2024-10-18,1520.00,put,637.75,595.55,593.20,62,597.90,40,0,0,2024-05-17,0.66364,-0.81192,0.00068,-0.15243,1.61991,-5.68064
NVDA241018C01540000,NVDA,2024-10-18,1540.00,call,13.70,10.38,9.60,5,11.15,6,0,104,2024-05-17,0.48804,0.08391,0.00053,-0.15656,0.92570,0.28536
NVDA241018P01540000,NVDA,2024-10-18,1540.00,put,680.36,615.40,613.10,57,617.70,60,0,0,2024-05-17,0.68315,-0.80967,0.00066,-0.16258,1.63181,-5.76003
NVDA241018C01560000,NVDA,2024-10-18,1560.00,call,12.00,9.70,9.35,31,10.05,70,0,39,2024-05-17,0.48804,0.07781,0.00050,-0.14773,0.87443,0.26511
NVDA241018P01560000,NVDA,2024-10-18,1560.00,put,658.67,635.38,633.20,1,637.55,40,0,0,2024-05-17,0.68315,-0.81747,0.00065,-0.14968,1.59006,-5.86546
NVDA241018C01580000,NVDA,2024-10-18,1580.00,call,9.76,9.00,8.80,12,9.20,19,19,326,2024-05-17,0.48804,0.07212,0.00047,-0.13929,0.82527,0.24619
NVDA241018P01580000,NVDA,2024-10-18,1580.00,put,700.83,655.08,648.50,40,661.65,40,0,0,2024-05-17,0.70267,-0.81488,0.00063,-0.16024,1.60407,-5.94372
NVDA241018C01600000,NVDA,2024-10-18,1600.00,call,9.45,8.50,8.00,11,9.00,9,3,239,2024-05-17,0.50755,0.07639,0.00047,-0.15107,0.86234,0.25909
NVDA241018P01600000,NVDA,2024-10-18,1600.00,put,723.57,675.10,672.85,40,677.35,15,0,0,2024-05-17,0.72218,-0.81223,0.00062,-0.17102,1.61828,-6.02188
NVDA241018C01650000,NVDA,2024-10-18,1650.00,call,8.75,7.15,6.65,11,7.65,9,0,17,2024-05-17,0.50755,0.06387,0.00041,-0.13134,0.75133,0.21753
NVDA241018P01650000,NVDA,2024-10-18,1650.00,put,791.17,725.08,718.30,40,731.85,40,0,0,2024-05-17,0.74169,-0.81969,0.00059,-0.16356,1.57793,-6.25301
NVDA241018C01660000,NVDA,2024-10-18,1660.00,call,6.65,6.95,6.55,14,7.35,23,0,25,2024-05-17,0.50755,0.06161,0.00040,-0.12765,0.73052,0.21000
NVDA241018P01660000,NVDA,2024-10-18,1660.00,put,758.62,735.47,728.30,40,742.65,40,0,0,2024-05-17,0.76120,-0.81339,0.00059,-0.18108,1.61207,-6.27942
NVDA241018C01670000,NVDA,2024-10-18,1670.00,call,9.40,6.58,6.40,5,6.75,6,0,6,2024-05-17,0.50755,0.05942,0.00039,-0.12404,0.71017,0.20272
NVDA241018P01670000,NVDA,2024-10-18,1670.00,put,0.00,745.42,738.30,40,752.55,40,0,0,2024-05-17,0.76120,-0.81663,0.00058,-0.17502,1.59461,-6.32994
NVDA241018C01680000,NVDA,2024-10-18,1680.00,call,6.60,6.45,6.00,13,6.90,23,1,10,2024-05-17,0.50755,0.05731,0.00038,-0.12052,0.69028,0.19567
NVDA241018P01680000,NVDA,2024-10-18,1680.00,put,0.00,755.38,748.30,40,762.45,40,0,0,2024-05-17,0.76120,-0.81982,0.00057,-0.16897,1.57721,-6.38032
NVDA241018C01690000,NVDA,2024-10-18,1690.00,call,6.05,6.15,5.95,28,6.35,8,0,42,2024-05-17,0.50755,0.05527,0.00037,-0.11708,0.67084,0.18885
NVDA241018P01690000,NVDA,2024-10-18,1690.00,put,789.00,765.15,762.80,56,767.50,16,0,0,2024-05-17,0.78071,-0.81354,0.00057,-0.18668,1.61128,-6.40687
NVDA241018C01700000,NVDA,2024-10-18,1700.00,call,5.95,6.03,5.60,12,6.45,22,3,146,2024-05-17,0.50755,0.05330,0.00036,-0.11373,0.65185,0.18226
NVDA241018P01700000,NVDA,2024-10-18,1700.00,put,777.45,775.40,768.30,40,782.50,40,0,0,2024-05-17,0.78071,-0.81664,0.00057,-0.18071,1.59456,-6.45693
NVDA241018C01710000,NVDA,2024-10-18,1710.00,call,5.20,5.85,5.40,29,6.30,24,0,4,2024-05-17,0.50755,0.05140,0.00035,-0.11045,0.63331,0.17589
NVDA241018P01710000,NVDA,2024-10-18,1710.00,put,0.00,785.35,778.30,40,792.40,40,0,0,2024-05-17,0.78071,-0.81970,0.00056,-0.17476,1.57789,-6.50687
NVDA241018C01720000,NVDA,2024-10-18,1720.00,call,5.38,5.62,5.25,72,6.00,75,0,17,2024-05-17,0.50755,0.04956,0.00034,-0.10725,0.61520,0.16972
NVDA241018P01720000,NVDA,2024-10-18,1720.00,put,0.00,795.35,788.30,40,802.40,40,0,0,2024-05-17,0.80022,-0.81343,0.00056,-0.19265,1.61185,-6.53357
NVDA241018C01730000,NVDA,2024-10-18,1730.00,call,5.25,5.45,5.10,47,5.80,50,0,14,2024-05-17,0.50755,0.04779,0.00033,-0.10413,0.59752,0.16376
NVDA241018P01730000,NVDA,2024-10-18,1730.00,put,864.35,805.35,798.30,40,812.40,40,0,0,2024-05-17,0.80022,-0.81641,0.00055,-0.18677,1.59582,-6.58321
NVDA241018C01740000,NVDA,2024-10-18,1740.00,call,7.20,5.28,4.90,78,5.65,75,0,13,2024-05-17,0.50755,0.04607,0.00032,-0.10109,0.58027,0.15800
NVDA241018P01740000,NVDA,2024-10-18,1740.00,put,882.40,814.75,812.05,40,817.45,56,0,0,2024-05-17,0.80022,-0.81934,0.00055,-0.18090,1.57984,-6.63274
NVDA241018C01750000,NVDA,2024-10-18,1750.00,call,4.95,5.10,4.75,75,5.45,81,0,54,2024-05-17,0.50755,0.04442,0.00031,-0.09813,0.56345,0.15244
NVDA241018P01750000,NVDA,2024-10-18,1750.00,put,888.30,825.40,818.30,40,832.50,40,0,0,2024-05-17,0.81974,-0.81310,0.00055,-0.19897,1.61364,-6.65961
NVDA241018C01760000,NVDA,2024-10-18,1760.00,call,5.90,4.95,4.60,75,5.30,73,0,7,2024-05-17,0.50755,0.04282,0.00030,-0.09524,0.54704,0.14706
NVDA241018P01760000,NVDA,2024-10-18,1760.00,put,859.65,835.50,828.30,40,842.70,40,0,0,2024-05-17,0.81974,-0.81596,0.00054,-0.19318,1.59826,-6.70886
NVDA241018C01770000,NVDA,2024-10-18,1770.00,call,5.25,4.80,4.45,76,5.15,82,0,7,2024-05-17,0.50755,0.04128,0.00029,-0.09242,0.53104,0.14186
NVDA241018P01770000,NVDA,2024-10-18,1770.00,put,851.80,845.55,838.30,40,852.80,40,0,0,2024-05-17,0.81974,-0.81878,0.00054,-0.18740,1.58294,-6.75800
NVDA241018C01780000,NVDA,2024-10-18,1780.00,call,8.00,4.65,4.30,76,5.00,82,0,25,2024-05-17,0.50755,0.03979,0.00028,-0.08967,0.51544,0.13684
NVDA241018P01780000,NVDA,2024-10-18,1780.00,put,878.85,855.52,848.30,40,862.75,40,0,0,2024-05-17,0.83925,-0.81256,0.00053,-0.20565,1.61654,-6.78504
NVDA241018C01790000,NVDA,2024-10-18,1790.00,call,4.95,4.53,4.20,70,4.85,87,1,98,2024-05-17,0.50755,0.03835,0.00027,-0.08700,0.50024,0.13198
NVDA241018P01790000,NVDA,2024-10-18,1790.00,put,897.55,865.10,858.25,40,871.95,40,0,0,2024-05-17,0.83925,-0.81531,0.00053,-0.19993,1.60178,-6.83393
NVDA241018C01800000,NVDA,2024-10-18,1800.00,call,4.50,4.40,4.25,34,4.55,26,2,36,2024-05-17,0.50755,0.03697,0.00027,-0.08440,0.48543,0.12730
NVDA241018P01800000,NVDA,2024-10-18,1800.00,put,893.00,875.08,868.25,40,881.90,40,0,0,2024-05-17,0.83925,-0.81802,0.00052,-0.19424,1.58707,-6.88272
NVDA241018C01810000,NVDA,2024-10-18,1810.00,call,5.75,4.28,3.95,71,4.60,77,0,298,2024-05-17,0.50755,0.03563,0.00026,-0.08186,0.47100,0.12277
NVDA241018P01810000,NVDA,2024-10-18,1810.00,put,0.00,885.12,878.25,40,892.00,40,0,0,2024-05-17,0.83925,-0.82069,0.00052,-0.18856,1.57241,-6.93142
NVDA241018C01820000,NVDA,2024-10-18,1820.00,call,4.44,4.12,3.80,74,4.45,82,2,2,2024-05-17,0.50755,0.03434,0.00025,-0.07940,0.45695,0.11840
NVDA241018P01820000,NVDA,2024-10-18,1820.00,put,912.70,894.48,886.95,1,902.00,40,0,0,2024-05-17,0.83925,-0.82333,0.00051,-0.18290,1.55781,-6.98001
NVDA241018C01830000,NVDA,2024-10-18,1830.00,call,4.90,4.03,3.70,74,4.35,76,0,52,2024-05-17,0.52706,0.03948,0.00027,-0.09233,0.51221,0.13518
NVDA241018P01830000,NVDA,2024-10-18,1830.00,put,929.20,905.12,898.25,40,912.00,40,0,0,2024-05-17,0.85876,-0.81709,0.00051,-0.20141,1.59215,-7.00696
NVDA241018C01840000,NVDA,2024-10-18,1840.00,call,4.95,3.92,3.60,71,4.25,73,0,1,2024-05-17,0.52706,0.03815,0.00026,-0.08975,0.49802,0.13068
NVDA241018P01840000,NVDA,2024-10-18,1840.00,put,0.00,915.05,908.25,40,921.85,40,0,0,2024-05-17,0.85876,-0.81967,0.00051,-0.19581,1.57807,-7.05533
NVDA241018C01850000,NVDA,2024-10-18,1850.00,call,3.88,3.80,3.50,72,4.10,80,0,15,2024-05-17,0.52706,0.03685,0.00025,-0.08723,0.48418,0.12633
NVDA241018P01850000,NVDA,2024-10-18,1850.00,put,0.00,925.10,918.25,40,931.95,40,0,0,2024-05-17,0.87827,-0.81347,0.00051,-0.21444,1.61166,-7.08260
NVDA241018C01860000,NVDA,2024-10-18,1860.00,call,3.70,3.70,3.40,67,4.00,73,0,19,2024-05-17,0.52706,0.03560,0.00025,-0.08477,0.47068,0.12211
NVDA241018P01860000,NVDA,2024-10-18,1860.00,put,0.00,935.12,928.25,40,942.00,40,0,0,2024-05-17,0.87827,-0.81599,0.00050,-0.20890,1.59808,-7.13076
NVDA241018C01870000,NVDA,2024-10-18,1870.00,call,4.42,3.58,3.30,67,3.85,75,0,21,2024-05-17,0.52706,0.03439,0.00024,-0.08238,0.45751,0.11804
NVDA241018P01870000,NVDA,2024-10-18,1870.00,put,0.00,944.98,938.25,40,951.70,40,0,0,2024-05-17,0.87827,-0.81848,0.00050,-0.20337,1.58454,-7.17884
NVDA241018C01880000,NVDA,2024-10-18,1880.00,call,3.70,3.48,3.35,27,3.60,22,5,15,2024-05-17,0.52706,0.03322,0.00023,-0.08004,0.44466,0.11409
NVDA241018P01880000,NVDA,2024-10-18,1880.00,put,0.00,955.00,948.25,40,961.75,40,0,0,2024-05-17,0.87827,-0.82094,0.00050,-0.19787,1.57106,-7.22684
NVDA241018C01890000,NVDA,2024-10-18,1890.00,call,4.25,3.38,3.10,73,3.65,76,0,34,2024-05-17,0.52706,0.03209,0.00023,-0.07777,0.43214,0.11027
NVDA241018P01890000,NVDA,2024-10-18,1890.00,put,0.00,965.00,958.25,40,971.75,40,0,0,2024-05-17,0.89778,-0.81475,0.00050,-0.21671,1.60478,-7.25417
NVDA241018C01900000,NVDA,2024-10-18,1900.00,call,4.15,3.27,3.00,77,3.55,77,0,192,2024-05-17,0.52706,0.03100,0.00022,-0.07555,0.41994,0.10658
NVDA241018P01900000,NVDA,2024-10-18,1900.00,put,0.00,975.02,968.25,40,981.80,40,0,0,2024-05-17,0.89778,-0.81716,0.00049,-0.21126,1.59176,-7.30198
NVDA241018C01910000,NVDA,2024-10-18,1910.00,call,4.30,3.22,2.94,45,3.50,57,0,44,2024-05-17,0.52706,0.02994,0.00021,-0.07339,0.40804,0.10301
NVDA241018P01910000,NVDA,2024-10-18,1910.00,put,0.00,985.02,978.25,40,991.80,40,0,0,2024-05-17,0.89778,-0.81953,0.00049,-0.20582,1.57879,-7.34970
NVDA241018C01920000,NVDA,2024-10-18,1920.00,call,3.35,3.15,2.85,73,3.45,78,0,42,2024-05-17,0.52706,0.02892,0.00021,-0.07129,0.39645,0.09955
NVDA241018P01920000,NVDA,2024-10-18,1920.00,put,0.00,995.52,988.25,40,1002.80,1,0,0,2024-05-17,0.91729,-0.81337,0.00049,-0.22482,1.61219,-7.37724
NVDA241018C01930000,NVDA,2024-10-18,1930.00,call,3.05,3.06,2.77,48,3.35,60,0,72,2024-05-17,0.52706,0.02793,0.00020,-0.06924,0.38516,0.09621
NVDA241018P01930000,NVDA,2024-10-18,1930.00,put,1067.49,1005.15,998.25,40,1012.05,40,0,0,2024-05-17,0.91729,-0.81570,0.00048,-0.21944,1.59966,-7.42478
NVDA241018C01940000,NVDA,2024-10-18,1940.00,call,3.01,2.77,2.50,1,3.05,16,11,849,2024-05-17,0.52706,0.02698,0.00020,-0.06725,0.37416,0.09297
NVDA241018P01940000,NVDA,2024-10-18,1940.00,put,0.00,1015.15,1008.25,40,1022.05,40,0,0,2024-05-17,0.91729,-0.81800,0.00048,-0.21408,1.58718,-7.47225
NVDA241115C00005000,NVDA,2024-11-15,5.00,call,931.18,920.22,917.15,40,923.30,40,4,3,2024-05-17,3.18065,0.99973,0.00000,-0.00637,0.00657,0.02155
NVDA241115P00005000,NVDA,2024-11-15,5.00,put,0.01,0.01,0.00,0,0.01,750,0,4,2024-05-17,2.24409,-0.00002,0.00000,-0.00035,0.00058,-0.00014
NVDA241115C00010000,NVDA,2024-11-15,10.00,call,950.36,915.92,909.85,40,922.00,40,0,6,2024-05-17,3.08310,0.99926,0.00000,-0.01525,0.01659,0.04089
NVDA241115P00010000,NVDA,2024-11-15,10.00,put,0.01,0.01,0.00,0,0.01,750,0,77,2024-05-17,1.91239,-0.00003,0.00000,-0.00037,0.00072,-0.00017
NVDA241115C00015000,NVDA,2024-11-15,15.00,call,0.00,910.52,907.05,40,914.00,40,0,0,2024-05-17,2.40019,0.99951,0.00000,-0.00956,0.01144,0.06884
NVDA241115P00015000,NVDA,2024-11-15,15.00,put,0.01,0.01,0.00,0,0.01,750,0,2,2024-05-17,1.71728,-0.00003,0.00000,-0.00036,0.00078,-0.00018
NVDA241115C00020000,NVDA,2024-11-15,20.00,call,0.00,905.67,902.20,40,909.15,40,0,0,2024-05-17,2.20507,0.99944,0.00000,-0.01054,0.01292,0.09279
NVDA241115P00020000,NVDA,2024-11-15,20.00,put,0.01,0.01,0.00,0,0.01,749,0,1,2024-05-17,1.60021,-0.00003,0.00000,-0.00041,0.00094,-0.00021
NVDA241115C00025000,NVDA,2024-11-15,25.00,call,0.00,900.83,897.35,40,904.30,40,0,0,2024-05-17,2.08800,0.99932,0.00000,-0.01222,0.01536,0.11631
NVDA241115P00025000,NVDA,2024-11-15,25.00,put,0.00,0.01,0.00,0,0.24,38,0,0,2024-05-17,1.50265,-0.00004,0.00000,-0.00042,0.00103,-0.00023
NVDA241115C00030000,NVDA,2024-11-15,30.00,call,0.00,895.98,892.50,40,899.45,40,0,0,2024-05-17,1.97093,0.99926,0.00000,-0.01314,0.01668,0.14028
NVDA241115P00030000,NVDA,2024-11-15,30.00,put,0.02,0.01,0.00,0,0.24,20,0,3,2024-05-17,1.40509,-0.00003,0.00000,-0.00036,0.00095,-0.00021
NVDA241115C00035000,NVDA,2024-11-15,35.00,call,0.00,891.12,887.65,40,894.60,40,0,0,2024-05-17,1.87337,0.99920,0.00000,-0.01401,0.01787,0.16428
NVDA241115P00035000,NVDA,2024-11-15,35.00,put,0.00,0.01,0.00,0,0.24,20,0,0,2024-05-17,1.34655,-0.00004,0.00000,-0.00039,0.00108,-0.00023
NVDA241115C00040000,NVDA,2024-11-15,40.00,call,0.00,886.27,882.80,40,889.75,40,0,0,2024-05-17,1.81483,0.99907,0.00000,-0.01574,0.02054,0.18770
NVDA241115P00040000,NVDA,2024-11-15,40.00,put,0.00,0.01,0.00,0,0.24,20,0,0,2024-05-17,1.28802,-0.00004,0.00000,-0.00039,0.00112,-0.00024
NVDA241115C00045000,NVDA,2024-11-15,45.00,call,0.00,881.40,877.90,40,884.90,40,0,0,2024-05-17,1.73679,0.99903,0.00000,-0.01639,0.02135,0.21183
NVDA241115P00045000,NVDA,2024-11-15,45.00,put,0.00,0.01,0.00,0,0.24,15,0,0,2024-05-17,1.22948,-0.00004,0.00000,-0.00036,0.00108,-0.00023
NVDA241115C00050000,NVDA,2024-11-15,50.00,call,0.00,876.72,874.05,40,879.40,40,0,0,2024-05-17,1.73679,0.99871,0.00000,-0.02009,0.02776,0.23381
NVDA241115P00050000,NVDA,2024-11-15,50.00,put,0.01,0.01,0.00,0,0.24,11,0,8,2024-05-17,1.19046,-0.00004,0.00000,-0.00038,0.00119,-0.00025
NVDA241115C00055000,NVDA,2024-11-15,55.00,call,0.00,871.67,868.20,40,875.15,40,0,0,2024-05-17,1.61972,0.99890,0.00000,-0.01826,0.02394,0.25971
NVDA241115P00055000,NVDA,2024-11-15,55.00,put,0.00,0.01,0.00,0,0.24,17,0,0,2024-05-17,1.15144,-0.00005,0.00000,-0.00039,0.00125,-0.00026
NVDA241115C00060000,NVDA,2024-11-15,60.00,call,0.00,866.83,863.35,40,870.30,40,0,0,2024-05-17,1.56118,0.99888,0.00000,-0.01878,0.02439,0.28395
NVDA241115P00060000,NVDA,2024-11-15,60.00,put,0.00,0.01,0.00,0,0.24,16,0,0,2024-05-17,1.11241,-0.00005,0.00000,-0.00038,0.00125,-0.00026
NVDA241115C00065000,NVDA,2024-11-15,65.00,call,0.00,861.98,858.50,40,865.45,40,0,0,2024-05-17,1.52216,0.99879,0.00000,-0.01999,0.02624,0.30767
NVDA241115P00065000,NVDA,2024-11-15,65.00,put,0.00,0.01,0.00,0,0.24,15,0,0,2024-05-17,1.09290,-0.00006,0.00000,-0.00044,0.00151,-0.00032
NVDA241115C00070000,NVDA,2024-11-15,70.00,call,0.00,857.10,853.65,40,860.55,40,0,0,2024-05-17,1.48313,0.99871,0.00000,-0.02103,0.02779,0.33151
NVDA241115P00070000,NVDA,2024-11-15,70.00,put,0.00,0.01,0.00,0,0.24,11,0,0,2024-05-17,1.05388,-0.00005,0.00000,-0.00040,0.00142,-0.00030
NVDA241115C00075000,NVDA,2024-11-15,75.00,call,0.00,852.23,848.70,5,855.75,40,0,0,2024-05-17,1.44411,0.99865,0.00000,-0.02191,0.02900,0.35547
NVDA241115P00075000,NVDA,2024-11-15,75.00,put,0.00,0.01,0.00,0,0.24,15,0,0,2024-05-17,1.01485,-0.00005,0.00000,-0.00035,0.00129,-0.00026
NVDA241115C00080000,NVDA,2024-11-15,80.00,call,0.00,847.40,843.90,40,850.90,40,0,0,2024-05-17,1.40509,0.99860,0.00000,-0.02264,0.02985,0.37955
NVDA241115P00080000,NVDA,2024-11-15,80.00,put,0.00,0.01,0.00,0,0.24,9,0,0,2024-05-17,0.99534,-0.00005,0.00000,-0.00039,0.00145,-0.00030
NVDA241115C00085000,NVDA,2024-11-15,85.00,call,0.00,842.52,839.05,40,846.00,40,0,0,2024-05-17,1.36606,0.99858,0.00001,-0.02321,0.03033,0.40376
NVDA241115P00085000,NVDA,2024-11-15,85.00,put,0.00,0.01,0.00,0,0.24,20,0,0,2024-05-17,0.97583,-0.00006,0.00000,-0.00042,0.00159,-0.00033
NVDA241115C00090000,NVDA,2024-11-15,90.00,call,0.00,837.67,834.20,40,841.15,40,0,0,2024-05-17,1.34655,0.99843,0.00001,-0.02480,0.03323,0.42712
NVDA241115P00090000,NVDA,2024-11-15,90.00,put,0.00,0.01,0.00,0,0.25,20,0,0,2024-05-17,0.95632,-0.00006,0.00000,-0.00044,0.00172,-0.00035
NVDA241115C00095000,NVDA,2024-11-15,95.00,call,0.00,832.85,829.35,40,836.35,40,0,0,2024-05-17,1.32704,0.99828,0.00001,-0.02635,0.03610,0.45049
NVDA241115P00095000,NVDA,2024-11-15,95.00,put,0.00,0.01,0.00,0,0.25,20,0,0,2024-05-17,0.93681,-0.00007,0.00000,-0.00046,0.00183,-0.00038
NVDA241115C00100000,NVDA,2024-11-15,100.00,call,0.00,828.10,825.50,40,830.70,40,0,0,2024-05-17,1.32704,0.99795,0.00001,-0.02926,0.04230,0.47265
NVDA241115P00100000,NVDA,2024-11-15,100.00,put,0.19,0.01,0.00,0,0.25,19,0,156,2024-05-17,0.89778,-0.00005,0.00000,-0.00035,0.00147,-0.00030
NVDA241115C00110000,NVDA,2024-11-15,110.00,call,0.00,818.22,814.65,40,821.80,40,0,0,2024-05-17,1.22948,0.99823,0.00001,-0.02782,0.03699,0.52330
NVDA241115P00110000,NVDA,2024-11-15,110.00,put,0.18,0.01,0.00,0,0.25,17,0,4,2024-05-17,0.85876,-0.00006,0.00000,-0.00035,0.00153,-0.00031
NVDA241115C00120000,NVDA,2024-11-15,120.00,call,0.00,808.60,805.10,40,812.10,40,0,0,2024-05-17,1.20997,0.99780,0.00001,-0.03166,0.04509,0.56922
NVDA241115P00120000,NVDA,2024-11-15,120.00,put,0.05,0.01,0.00,0,0.43,63,0,2,2024-05-17,0.83925,-0.00008,0.00000,-0.00045,0.00200,-0.00041
NVDA241115C00130000,NVDA,2024-11-15,130.00,call,0.00,798.88,795.35,40,802.40,40,0,0,2024-05-17,1.17095,0.99759,0.00001,-0.03384,0.04908,0.61657
NVDA241115P00130000,NVDA,2024-11-15,130.00,put,0.05,0.01,0.00,0,0.44,63,0,2,2024-05-17,0.80022,-0.00007,0.00000,-0.00041,0.00189,-0.00038
NVDA241115C00140000,NVDA,2024-11-15,140.00,call,0.00,789.15,785.65,40,792.65,40,0,0,2024-05-17,1.13192,0.99740,0.00001,-0.03576,0.05243,0.66415
NVDA241115P00140000,NVDA,2024-11-15,140.00,put,0.06,0.01,0.00,0,0.20,1,0,5,2024-05-17,0.76120,-0.00006,0.00000,-0.00034,0.00170,-0.00034
NVDA241115C00150000,NVDA,2024-11-15,150.00,call,0.00,779.45,776.95,40,781.95,40,0,0,2024-05-17,1.09290,0.99726,0.00001,-0.03739,0.05508,0.71197
NVDA241115P00150000,NVDA,2024-11-15,150.00,put,0.06,0.06,0.01,1,0.11,1,0,99,2024-05-17,0.83925,-0.00032,0.00000,-0.00174,0.00777,-0.00176
NVDA241115C00160000,NVDA,2024-11-15,160.00,call,627.40,770.08,763.80,40,776.35,40,0,1,2024-05-17,1.11241,0.99609,0.00002,-0.04521,0.07575,0.75324
NVDA241115P00160000,NVDA,2024-11-15,160.00,put,0.04,0.08,0.04,8,0.12,1,0,46,2024-05-17,0.83925,-0.00048,0.00000,-0.00250,0.01119,-0.00262
NVDA241115C00170000,NVDA,2024-11-15,170.00,call,736.53,760.38,754.10,40,766.65,40,0,1,2024-05-17,1.07339,0.99596,0.00002,-0.04648,0.07806,0.80123
NVDA241115P00170000,NVDA,2024-11-15,170.00,put,0.20,0.01,0.00,0,0.14,1,0,27,2024-05-17,0.68315,-0.00007,0.00000,-0.00034,0.00185,-0.00036
NVDA241115C00180000,NVDA,2024-11-15,180.00,call,700.65,750.67,744.40,40,756.95,40,0,2,2024-05-17,1.03437,0.99588,0.00002,-0.04744,0.07940,0.84957
NVDA241115P00180000,NVDA,2024-11-15,180.00,put,0.21,0.01,0.00,0,0.16,1,0,14,2024-05-17,0.66364,-0.00008,0.00000,-0.00036,0.00203,-0.00040
NVDA241115C00190000,NVDA,2024-11-15,190.00,call,758.57,740.85,734.45,40,747.25,40,0,3,2024-05-17,0.99534,0.99587,0.00002,-0.04810,0.07970,0.89828
NVDA241115P00190000,NVDA,2024-11-15,190.00,put,0.26,0.01,0.00,0,0.20,15,0,77,2024-05-17,0.64413,-0.00008,0.00000,-0.00037,0.00218,-0.00043
NVDA241115C00200000,NVDA,2024-11-15,200.00,call,730.56,730.95,728.40,40,733.50,40,0,2,2024-05-17,0.95632,0.99591,0.00002,-0.04848,0.07892,0.94735
NVDA241115P00200000,NVDA,2024-11-15,200.00,put,0.12,0.17,0.10,8,0.24,1,2,2479,2024-05-17,0.78071,-0.00096,0.00001,-0.00440,0.02124,-0.00523
NVDA241115C00210000,NVDA,2024-11-15,210.00,call,532.30,721.45,715.05,40,727.85,40,0,1,2024-05-17,0.95632,0.99495,0.00002,-0.05403,0.09529,0.99018
NVDA241115P00210000,NVDA,2024-11-15,210.00,put,0.20,0.01,0.00,0,0.55,1,0,78,2024-05-17,0.60511,-0.00009,0.00000,-0.00038,0.00234,-0.00046
NVDA241115C00220000,NVDA,2024-11-15,220.00,call,476.45,711.75,705.30,40,718.20,40,0,1,2024-05-17,0.91729,0.99509,0.00002,-0.05389,0.09299,1.03985
NVDA241115P00220000,NVDA,2024-11-15,220.00,put,0.34,0.01,0.00,0,0.33,21,0,125,2024-05-17,0.58560,-0.00009,0.00000,-0.00037,0.00236,-0.00046
NVDA241115C00230000,NVDA,2024-11-15,230.00,call,710.00,702.17,695.85,40,708.50,40,0,25,2024-05-17,0.91729,0.99402,0.00003,-0.05960,0.11076,1.08208
NVDA241115P00230000,NVDA,2024-11-15,230.00,put,0.24,0.41,0.15,21,0.67,63,5,96,2024-05-17,0.78071,-0.00220,0.00001,-0.00933,0.04515,-0.01208
NVDA241115C00240000,NVDA,2024-11-15,240.00,call,619.60,692.35,685.90,40,698.80,40,0,5,2024-05-17,0.87827,0.99426,0.00003,-0.05891,0.10668,1.13246
NVDA241115P00240000,NVDA,2024-11-15,240.00,put,0.28,0.31,0.12,18,0.50,59,0,38,2024-05-17,0.74169,-0.00194,0.00001,-0.00789,0.04022,-0.01052
NVDA241115C00250000,NVDA,2024-11-15,250.00,call,656.70,682.35,679.90,40,684.80,40,0,3,2024-05-17,0.81974,0.99527,0.00003,-0.05500,0.08982,1.18732
NVDA241115P00250000,NVDA,2024-11-15,250.00,put,0.39,0.34,0.14,47,0.54,65,0,119,2024-05-17,0.72218,-0.00204,0.00001,-0.00803,0.04212,-0.01102
NVDA241115C00260000,NVDA,2024-11-15,260.00,call,692.57,673.10,666.80,40,679.40,40,1,1,2024-05-17,0.83925,0.99347,0.00003,-0.06347,0.11963,1.22532
NVDA241115P00260000,NVDA,2024-11-15,260.00,put,0.28,0.38,0.16,53,0.59,49,0,37,2024-05-17,0.72218,-0.00259,0.00002,-0.00998,0.05237,-0.01407
NVDA241115C00270000,NVDA,2024-11-15,270.00,call,382.50,663.27,656.80,40,669.75,40,0,2,2024-05-17,0.81974,0.99310,0.00004,-0.06556,0.12571,1.27189
NVDA241115P00270000,NVDA,2024-11-15,270.00,put,0.35,0.32,0.12,147,0.52,42,10,88,2024-05-17,0.68315,-0.00220,0.00002,-0.00812,0.04508,-0.01179
NVDA241115C00280000,NVDA,2024-11-15,280.00,call,539.10,653.58,647.20,40,659.95,40,0,2,2024-05-17,0.80022,0.99274,0.00004,-0.06752,0.13147,1.31858
NVDA241115P00280000,NVDA,2024-11-15,280.00,put,0.37,0.46,0.23,68,0.69,71,0,34,2024-05-17,0.68315,-0.00278,0.00002,-0.01002,0.05573,-0.01494
NVDA241115C00290000,NVDA,2024-11-15,290.00,call,397.77,644.17,638.30,40,650.05,40,0,4,2024-05-17,0.80022,0.99139,0.00004,-0.07338,0.15273,1.35935
NVDA241115P00290000,NVDA,2024-11-15,290.00,put,0.46,0.52,0.28,69,0.75,72,0,158,2024-05-17,0.68315,-0.00346,0.00002,-0.01221,0.06800,-0.01870
NVDA241115C00300000,NVDA,2024-11-15,300.00,call,575.00,634.47,631.80,58,637.15,40,0,8,2024-05-17,0.78071,0.99101,0.00005,-0.07519,0.15861,1.40598
NVDA241115P00300000,NVDA,2024-11-15,300.00,put,0.41,0.57,0.48,15,0.67,56,3,770,2024-05-17,0.66364,-0.00354,0.00002,-0.01207,0.06928,-0.01901
NVDA241115C00310000,NVDA,2024-11-15,310.00,call,508.98,624.30,620.30,40,628.30,40,0,16,2024-05-17,0.72218,0.99287,0.00004,-0.06860,0.12942,1.46583
NVDA241115P00310000,NVDA,2024-11-15,310.00,put,1.55,0.66,0.42,66,0.89,71,0,26,2024-05-17,0.66364,-0.00435,0.00003,-0.01453,0.08345,-0.02347
NVDA241115C00320000,NVDA,2024-11-15,320.00,call,490.00,614.20,610.65,40,617.75,40,0,1,2024-05-17,0.68315,0.99372,0.00004,-0.06619,0.11555,1.51956
NVDA241115P00320000,NVDA,2024-11-15,320.00,put,0.83,0.73,0.49,88,0.97,74,0,31,2024-05-17,0.64413,-0.00441,0.00003,-0.01424,0.08440,-0.02365
NVDA241115C00330000,NVDA,2024-11-15,330.00,call,481.43,605.17,601.35,40,609.00,40,0,3,2024-05-17,0.72218,0.99004,0.00006,-0.07972,0.17346,1.54697
NVDA241115P00330000,NVDA,2024-11-15,330.00,put,1.25,0.82,0.58,86,1.06,82,0,58,2024-05-17,0.64413,-0.00536,0.00004,-0.01694,0.10053,-0.02887
NVDA241115C00340000,NVDA,2024-11-15,340.00,call,526.70,595.08,591.70,40,598.45,40,0,31,2024-05-17,0.66364,0.99237,0.00005,-0.07216,0.13726,1.60938
NVDA241115P00340000,NVDA,2024-11-15,340.00,put,0.99,0.91,0.67,56,1.15,67,0,54,2024-05-17,0.64413,-0.00646,0.00004,-0.01997,0.11860,-0.03489
NVDA241115C00350000,NVDA,2024-11-15,350.00,call,582.60,586.00,583.60,58,588.40,53,1,23,2024-05-17,0.68315,0.98957,0.00006,-0.08198,0.18058,1.64204
NVDA241115P00350000,NVDA,2024-11-15,350.00,put,0.90,1.02,0.77,74,1.26,84,0,137,2024-05-17,0.62462,-0.00650,0.00004,-0.01943,0.11921,-0.03491
NVDA241115C00360000,NVDA,2024-11-15,360.00,call,419.65,575.88,572.50,40,579.25,40,0,6,2024-05-17,0.64413,0.99087,0.00006,-0.07820,0.16081,1.69839
NVDA241115P00360000,NVDA,2024-11-15,360.00,put,0.98,1.12,0.88,70,1.37,78,0,98,2024-05-17,0.62462,-0.00776,0.00005,-0.02270,0.13942,-0.04181
NVDA241115C00370000,NVDA,2024-11-15,370.00,call,431.94,566.20,562.90,40,569.50,40,0,24,2024-05-17,0.64413,0.98927,0.00007,-0.08365,0.18504,1.73813
NVDA241115P00370000,NVDA,2024-11-15,370.00,put,1.31,1.25,1.00,68,1.49,102,0,123,2024-05-17,0.60511,-0.00777,0.00005,-0.02196,0.13945,-0.04161
NVDA241115C00380000,NVDA,2024-11-15,380.00,call,522.41,559.00,553.00,40,565.00,40,0,26,2024-05-17,0.72218,0.97987,0.00010,-0.11377,0.31787,1.73138
NVDA241115P00380000,NVDA,2024-11-15,380.00,put,1.59,1.38,1.13,71,1.63,79,0,104,2024-05-17,0.60511,-0.00920,0.00006,-0.02546,0.16187,-0.04945
NVDA241115C00390000,NVDA,2024-11-15,390.00,call,479.35,547.12,543.75,40,550.50,40,0,9,2024-05-17,0.62462,0.98740,0.00008,-0.08996,0.21275,1.82521
NVDA241115P00390000,NVDA,2024-11-15,390.00,put,1.35,1.53,1.28,71,1.78,77,0,131,2024-05-17,0.60511,-0.01082,0.00007,-0.02929,0.18646,-0.05831
NVDA241115C00400000,NVDA,2024-11-15,400.00,call,439.86,538.20,535.75,53,540.65,54,0,27,2024-05-17,0.64413,0.98335,0.00010,-0.10206,0.27045,1.85073
NVDA241115P00400000,NVDA,2024-11-15,400.00,put,1.60,1.69,1.44,72,1.95,72,4,694,2024-05-17,0.58560,-0.01079,0.00007,-0.02822,0.18591,-0.05780
NVDA241115C00410000,NVDA,2024-11-15,410.00,call,527.10,527.58,524.05,40,531.10,40,1,27,2024-05-17,0.58560,0.98739,0.00009,-0.09056,0.21288,1.92302
NVDA241115P00410000,NVDA,2024-11-15,410.00,put,1.65,1.88,1.62,57,2.13,75,0,323,2024-05-17,0.58560,-0.01261,0.00009,-0.03226,0.21288,-0.06775
NVDA241115C00420000,NVDA,2024-11-15,420.00,call,296.33,518.60,515.50,40,521.70,40,0,9,2024-05-17,0.60511,0.98313,0.00011,-0.10251,0.27355,1.94763
NVDA241115P00420000,NVDA,2024-11-15,420.00,put,1.89,2.08,1.98,56,2.17,55,16,222,2024-05-17,0.58560,-0.01463,0.00010,-0.03664,0.24212,-0.07886
NVDA241115C00430000,NVDA,2024-11-15,430.00,call,509.88,509.92,506.80,29,513.05,40,2,23,2024-05-17,0.62462,0.97815,0.00013,-0.11610,0.34075,1.96778
NVDA241115P00430000,NVDA,2024-11-15,430.00,put,2.01,2.29,2.03,72,2.55,76,0,1801,2024-05-17,0.56608,-0.01455,0.00010,-0.03519,0.24093,-0.07797
NVDA241115C00440000,NVDA,2024-11-15,440.00,call,495.33,499.77,497.10,65,502.45,1,0,64,2024-05-17,0.58560,0.98065,0.00012,-0.10896,0.30746,2.03157
NVDA241115P00440000,NVDA,2024-11-15,440.00,put,2.20,2.52,2.26,71,2.79,76,0,772,2024-05-17,0.56608,-0.01681,0.00011,-0.03976,0.27270,-0.09032
NVDA241115C00450000,NVDA,2024-11-15,450.00,call,366.20,490.90,488.25,43,493.55,30,0,17,2024-05-17,0.60511,0.97510,0.00015,-0.12323,0.38042,2.04848
NVDA241115P00450000,NVDA,2024-11-15,450.00,put,2.71,2.81,2.52,81,3.10,93,2,1877,2024-05-17,0.56608,-0.01930,0.00013,-0.04467,0.30681,-0.10400
NVDA241115C00460000,NVDA,2024-11-15,460.00,call,505.70,481.10,477.10,69,485.10,65,0,35,2024-05-17,0.58560,0.97499,0.00015,-0.12284,0.38176,2.09727
NVDA241115P00460000,NVDA,2024-11-15,460.00,put,2.74,3.08,2.80,72,3.35,75,0,397,2024-05-17,0.54657,-0.01917,0.00013,-0.04279,0.30499,-0.10267
NVDA241115C00470000,NVDA,2024-11-15,470.00,call,464.35,471.45,468.20,41,474.70,24,0,9,2024-05-17,0.56608,0.97498,0.00016,-0.12226,0.38196,2.14654
NVDA241115P00470000,NVDA,2024-11-15,470.00,put,3.09,3.40,3.10,73,3.70,71,0,87,2024-05-17,0.54657,-0.02193,0.00015,-0.04787,0.34178,-0.11775
NVDA241115C00480000,NVDA,2024-11-15,480.00,call,399.04,462.33,458.80,65,465.85,64,0,99,2024-05-17,0.56608,0.97173,0.00018,-0.12953,0.42290,2.17710
NVDA241115P00480000,NVDA,2024-11-15,480.00,put,3.25,3.72,3.40,72,4.05,76,0,384,2024-05-17,0.54657,-0.02494,0.00016,-0.05327,0.38093,-0.13431
NVDA241115C00490000,NVDA,2024-11-15,490.00,call,435.55,452.80,449.70,40,455.90,19,0,23,2024-05-17,0.56608,0.96822,0.00019,-0.13708,0.46599,2.20611
NVDA241115P00490000,NVDA,2024-11-15,490.00,put,4.00,4.10,3.80,71,4.40,79,1,232,2024-05-17,0.54657,-0.02823,0.00018,-0.05896,0.42240,-0.15241
NVDA241115C00500000,NVDA,2024-11-15,500.00,call,451.90,444.00,441.40,36,446.60,7,1,65,2024-05-17,0.56608,0.96445,0.00021,-0.14490,0.51115,2.23353
NVDA241115P00500000,NVDA,2024-11-15,500.00,put,4.50,4.50,4.35,68,4.65,65,148,594,2024-05-17,0.52706,-0.02808,0.00019,-0.05648,0.42054,-0.15068
NVDA241115C00510000,NVDA,2024-11-15,510.00,call,427.00,434.82,431.50,30,438.15,27,0,14,2024-05-17,0.56608,0.96039,0.00023,-0.15299,0.55827,2.25932
NVDA241115P00510000,NVDA,2024-11-15,510.00,put,4.53,4.95,4.60,72,5.30,71,0,213,2024-05-17,0.52706,-0.03168,0.00021,-0.06232,0.46487,-0.17048
NVDA241115C00520000,NVDA,2024-11-15,520.00,call,320.65,425.32,422.50,51,428.15,5,0,70,2024-05-17,0.54657,0.96025,0.00024,-0.15168,0.55991,2.30845
NVDA241115P00520000,NVDA,2024-11-15,520.00,put,5.51,5.45,5.25,35,5.65,77,2,160,2024-05-17,0.52706,-0.03558,0.00023,-0.06843,0.51145,-0.19198
NVDA241115C00530000,NVDA,2024-11-15,530.00,call,312.50,416.25,412.90,55,419.60,17,0,72,2024-05-17,0.54657,0.95583,0.00026,-0.15987,0.60979,2.33227
NVDA241115P00530000,NVDA,2024-11-15,530.00,put,5.84,6.00,5.65,73,6.35,80,1,39,2024-05-17,0.52706,-0.03978,0.00025,-0.07481,0.56020,-0.21521
NVDA241115C00540000,NVDA,2024-11-15,540.00,call,367.91,406.40,404.00,50,408.80,6,0,34,2024-05-17,0.52706,0.95572,0.00027,-0.15822,0.61100,2.38177
NVDA241115P00540000,NVDA,2024-11-15,540.00,put,6.30,6.40,6.10,35,6.70,16,20,141,2024-05-17,0.50755,-0.03968,0.00026,-0.07170,0.55902,-0.21329
NVDA241115C00550000,NVDA,2024-11-15,550.00,call,418.00,397.95,396.95,1,398.95,1,3,30,2024-05-17,0.52706,0.95091,0.00030,-0.16649,0.66371,2.40349
NVDA241115P00550000,NVDA,2024-11-15,550.00,put,6.75,7.22,7.00,6,7.45,58,6,1070,2024-05-17,0.50755,-0.04426,0.00028,-0.07818,0.61076,-0.23857
NVDA241115C00560000,NVDA,2024-11-15,560.00,call,412.00,389.55,387.05,5,392.05,5,0,65,2024-05-17,0.54657,0.94080,0.00033,-0.18567,0.76974,2.39313
NVDA241115P00560000,NVDA,2024-11-15,560.00,put,7.25,7.90,7.70,37,8.10,21,0,141,2024-05-17,0.50755,-0.04917,0.00031,-0.08488,0.66453,-0.26574
NVDA241115C00570000,NVDA,2024-11-15,570.00,call,344.80,380.23,377.20,39,383.25,6,0,16,2024-05-17,0.52706,0.94036,0.00034,-0.18361,0.77429,2.44137
NVDA241115P00570000,NVDA,2024-11-15,570.00,put,7.75,8.73,8.55,6,8.90,5,0,184,2024-05-17,0.50755,-0.05440,0.00033,-0.09178,0.72017,-0.29483
NVDA241115C00580000,NVDA,2024-11-15,580.00,call,379.38,372.00,369.65,10,374.35,1,2,67,2024-05-17,0.52706,0.93461,0.00037,-0.19242,0.83185,2.45747
NVDA241115P00580000,NVDA,2024-11-15,580.00,put,9.50,9.43,9.10,18,9.75,15,1,518,2024-05-17,0.50755,-0.05996,0.00036,-0.09887,0.77753,-0.32588
NVDA241115C00590000,NVDA,2024-11-15,590.00,call,356.90,362.38,361.20,6,363.55,1,0,430,2024-05-17,0.52706,0.92855,0.00040,-0.20135,0.89069,2.47168
NVDA241115P00590000,NVDA,2024-11-15,590.00,put,10.42,10.47,10.20,9,10.75,31,1,154,2024-05-17,0.50755,-0.06586,0.00039,-0.10612,0.83645,-0.35890
NVDA241115C00600000,NVDA,2024-11-15,600.00,call,362.02,353.58,352.60,1,354.55,4,1,94,2024-05-17,0.50755,0.92792,0.00041,-0.19882,0.89673,2.51940
NVDA241115P00600000,NVDA,2024-11-15,600.00,put,11.20,11.25,10.80,13,11.70,5,111,1337,2024-05-17,0.48804,-0.06618,0.00040,-0.10209,0.83967,-0.35829
NVDA241115C00610000,NVDA,2024-11-15,610.00,call,351.00,345.07,342.65,25,347.50,2,1,60,2024-05-17,0.50755,0.92137,0.00044,-0.20773,0.95819,2.53095
NVDA241115P00610000,NVDA,2024-11-15,610.00,put,12.15,12.50,12.10,46,12.90,22,1,115,2024-05-17,0.48804,-0.07258,0.00043,-0.10933,0.90148,-0.39398
NVDA241115C00620000,NVDA,2024-11-15,620.00,call,311.55,336.73,333.85,29,339.60,6,0,99,2024-05-17,0.50755,0.91450,0.00047,-0.21671,1.02064,2.54049
NVDA241115P00620000,NVDA,2024-11-15,620.00,put,14.00,13.78,13.55,1,14.00,15,9,534,2024-05-17,0.48804,-0.07932,0.00046,-0.11668,0.96456,-0.43177
NVDA241115C00630000,NVDA,2024-11-15,630.00,call,333.00,328.42,325.70,23,331.15,5,0,74,2024-05-17,0.50755,0.90731,0.00050,-0.22575,1.08388,2.54803
NVDA241115P00630000,NVDA,2024-11-15,630.00,put,13.46,14.80,14.20,15,15.40,20,0,750,2024-05-17,0.48804,-0.08640,0.00049,-0.12411,1.02869,-0.47166
NVDA241115C00640000,NVDA,2024-11-15,640.00,call,326.25,319.40,317.15,18,321.65,6,1,57,2024-05-17,0.50755,0.89980,0.00053,-0.23482,1.14772,2.55359
NVDA241115P00640000,NVDA,2024-11-15,640.00,put,16.00,16.52,16.25,22,16.80,19,1,144,2024-05-17,0.48804,-0.09383,0.00053,-0.13159,1.09367,-0.51365
NVDA241115C00650000,NVDA,2024-11-15,650.00,call,334.30,311.38,310.60,3,312.15,1,0,190,2024-05-17,0.50755,0.89199,0.00056,-0.24388,1.21195,2.55717
NVDA241115P00650000,NVDA,2024-11-15,650.00,put,18.17,17.90,17.65,4,18.15,15,32,482,2024-05-17,0.48804,-0.10159,0.00056,-0.13910,1.15928,-0.55774
NVDA241115C00660000,NVDA,2024-11-15,660.00,call,285.05,302.88,300.60,6,305.15,6,0,143,2024-05-17,0.48804,0.89033,0.00059,-0.24045,1.22531,2.60075
NVDA241115P00660000,NVDA,2024-11-15,660.00,put,18.60,19.55,19.30,42,19.80,25,45,240,2024-05-17,0.48804,-0.10967,0.00059,-0.14660,1.22531,-0.60390
NVDA241115C00670000,NVDA,2024-11-15,670.00,call,268.00,294.85,292.65,47,297.05,2,0,51,2024-05-17,0.48804,0.88192,0.00062,-0.24934,1.29155,2.60109
NVDA241115P00670000,NVDA,2024-11-15,670.00,put,21.00,21.30,21.10,12,21.50,55,51,666,2024-05-17,0.48804,-0.11808,0.00062,-0.15407,1.29155,-0.65211
NVDA241115C00680000,NVDA,2024-11-15,680.00,call,296.05,287.10,284.95,28,289.25,18,1,113,2024-05-17,0.48804,0.87320,0.00065,-0.25817,1.35777,2.59941
NVDA241115P00680000,NVDA,2024-11-15,680.00,put,21.90,23.12,22.90,1,23.35,15,133,340,2024-05-17,0.48804,-0.12680,0.00065,-0.16148,1.35777,-0.70235
NVDA241115C00690000,NVDA,2024-11-15,690.00,call,269.45,279.45,277.40,28,281.50,16,0,103,2024-05-17,0.48804,0.86418,0.00068,-0.26691,1.42377,2.59573
NVDA241115P00690000,NVDA,2024-11-15,690.00,put,22.33,25.08,24.80,25,25.35,39,0,230,2024-05-17,0.48804,-0.13582,0.00068,-0.16880,1.42377,-0.75458
NVDA241115C00700000,NVDA,2024-11-15,700.00,call,290.70,271.85,271.15,3,272.55,3,0,525,2024-05-17,0.48804,0.85486,0.00072,-0.27554,1.48934,2.59010
NVDA241115P00700000,NVDA,2024-11-15,700.00,put,27.20,27.18,26.85,6,27.50,6,16,2278,2024-05-17,0.48804,-0.14514,0.00072,-0.17600,1.48934,-0.80877
NVDA241115C00710000,NVDA,2024-11-15,710.00,call,286.25,264.25,263.30,2,265.20,2,0,219,2024-05-17,0.48804,0.84527,0.00075,-0.28402,1.55428,2.58256
NVDA241115P00710000,NVDA,2024-11-15,710.00,put,26.95,29.40,29.15,14,29.65,44,0,218,2024-05-17,0.48804,-0.15473,0.00075,-0.18306,1.55428,-0.86487
NVDA241115C00720000,NVDA,2024-11-15,720.00,call,275.35,256.85,255.90,4,257.80,2,0,189,2024-05-17,0.48804,0.83541,0.00078,-0.29235,1.61840,2.57315
NVDA241115P00720000,NVDA,2024-11-15,720.00,put,30.55,31.73,31.45,14,32.00,16,1671,117,2024-05-17,0.48804,-0.16459,0.00078,-0.18996,1.61840,-0.92283
NVDA241115C00730000,NVDA,2024-11-15,730.00,call,271.10,249.57,248.60,4,250.55,4,0,122,2024-05-17,0.48804,0.82530,0.00081,-0.30048,1.68151,2.56193
NVDA241115P00730000,NVDA,2024-11-15,730.00,put,32.50,34.10,33.70,6,34.50,26,71,3483,2024-05-17,0.48804,-0.17470,0.00081,-0.19667,1.68151,-0.98260
NVDA241115C00740000,NVDA,2024-11-15,740.00,call,242.85,242.35,239.85,4,244.85,5,2,60,2024-05-17,0.48804,0.81495,0.00084,-0.30840,1.74344,2.54896
NVDA241115P00740000,NVDA,2024-11-15,740.00,put,33.26,36.83,36.35,28,37.30,41,0,122,2024-05-17,0.48804,-0.18505,0.00084,-0.20318,1.74344,-1.04413
NVDA241115C00750000,NVDA,2024-11-15,750.00,call,250.35,235.40,234.65,3,236.15,1,1,208,2024-05-17,0.48804,0.80437,0.00087,-0.31609,1.80401,2.53430
NVDA241115P00750000,NVDA,2024-11-15,750.00,put,40.00,39.77,38.65,2,40.90,34,1701,1074,2024-05-17,0.48804,-0.19563,0.00087,-0.20944,1.80401,-1.10735
NVDA241115C00760000,NVDA,2024-11-15,760.00,call,239.00,228.02,225.95,2,230.10,5,7,53,2024-05-17,0.48804,0.79358,0.00090,-0.32353,1.86306,2.51799
NVDA241115P00760000,NVDA,2024-11-15,760.00,put,43.64,42.30,41.30,10,43.30,11,1,3461,2024-05-17,0.46853,-0.20075,0.00092,-0.20282,1.83237,-1.12808
NVDA241115C00770000,NVDA,2024-11-15,770.00,call,234.30,221.77,219.20,2,224.35,2,1,78,2024-05-17,0.48804,0.78259,0.00092,-0.33071,1.92046,2.50012
NVDA241115P00770000,NVDA,2024-11-15,770.00,put,41.25,45.55,45.10,6,46.00,5,0,319,2024-05-17,0.48804,-0.21741,0.00092,-0.22121,1.92046,-1.23863
NVDA241115C00780000,NVDA,2024-11-15,780.00,call,239.35,215.12,214.20,2,216.05,2,0,127,2024-05-17,0.48804,0.77142,0.00095,-0.33759,1.97606,2.48074
NVDA241115P00780000,NVDA,2024-11-15,780.00,put,46.10,48.70,48.20,6,49.20,23,1,285,2024-05-17,0.46853,-0.22350,0.00098,-0.21412,1.95111,-1.26403
NVDA241115C00790000,NVDA,2024-11-15,790.00,call,232.15,208.75,206.15,33,211.35,6,0,84,2024-05-17,0.48804,0.76008,0.00098,-0.34418,2.02973,2.45993
NVDA241115P00790000,NVDA,2024-11-15,790.00,put,46.93,52.08,51.60,12,52.55,33,0,175,2024-05-17,0.46853,-0.23517,0.00100,-0.21933,2.00759,-1.33440
NVDA241115C00800000,NVDA,2024-11-15,800.00,call,202.80,202.43,201.70,1,203.15,1,13,258,2024-05-17,0.48804,0.74859,0.00100,-0.35045,2.08137,2.43775
NVDA241115P00800000,NVDA,2024-11-15,800.00,put,55.45,55.38,54.40,7,56.35,48,3,818,2024-05-17,0.46853,-0.24702,0.00103,-0.22422,2.06197,-1.40626
NVDA241115C00810000,NVDA,2024-11-15,810.00,call,220.00,196.18,195.15,2,197.20,2,0,138,2024-05-17,0.48804,0.73696,0.00102,-0.35640,2.13087,2.41428
NVDA241115P00810000,NVDA,2024-11-15,810.00,put,57.85,59.15,58.65,4,59.65,10,13,201,2024-05-17,0.46853,-0.25903,0.00106,-0.22879,2.11411,-1.47955
NVDA241115C00820000,NVDA,2024-11-15,820.00,call,199.60,190.15,189.15,2,191.15,2,2,199,2024-05-17,0.48804,0.72521,0.00105,-0.36202,2.17814,2.38958
NVDA241115P00820000,NVDA,2024-11-15,820.00,put,57.70,62.95,62.45,5,63.45,5,0,101,2024-05-17,0.46853,-0.27118,0.00108,-0.23301,2.16391,-1.55418
NVDA241115C00830000,NVDA,2024-11-15,830.00,call,185.01,184.28,183.30,4,185.25,2,11,104,2024-05-17,0.48804,0.71336,0.00107,-0.36729,2.22310,2.36373
NVDA241115P00830000,NVDA,2024-11-15,830.00,put,67.10,66.88,66.35,6,67.40,4,11,82,2024-05-17,0.46853,-0.28345,0.00111,-0.23689,2.21127,-1.63008
NVDA241115C00840000,NVDA,2024-11-15,840.00,call,178.50,178.45,177.55,5,179.35,1,2,242,2024-05-17,0.48804,0.70142,0.00109,-0.37221,2.26567,2.33680
NVDA241115P00840000,NVDA,2024-11-15,840.00,put,70.50,70.93,70.40,6,71.45,18,10,334,2024-05-17,0.46853,-0.29583,0.00113,-0.24040,2.25611,-1.70716
NVDA241115C00850000,NVDA,2024-11-15,850.00,call,175.05,172.85,172.10,4,173.60,1,2,505,2024-05-17,0.48804,0.68939,0.00111,-0.37677,2.30580,2.30886
NVDA241115P00850000,NVDA,2024-11-15,850.00,put,72.50,75.15,74.65,5,75.65,4,112,652,2024-05-17,0.46853,-0.30831,0.00115,-0.24355,2.29834,-1.78535
NVDA241115C00860000,NVDA,2024-11-15,860.00,call,171.96,167.27,166.35,5,168.20,15,6,139,2024-05-17,0.48804,0.67731,0.00113,-0.38097,2.34345,2.27998
NVDA241115P00860000,NVDA,2024-11-15,860.00,put,76.29,79.50,78.95,5,80.05,17,1,119,2024-05-17,0.48804,-0.32269,0.00113,-0.25868,2.34345,-1.89577
NVDA241115C00870000,NVDA,2024-11-15,870.00,call,162.75,162.07,161.10,4,163.05,4,26,116,2024-05-17,0.48804,0.66518,0.00114,-0.38481,2.37857,2.25024
NVDA241115P00870000,NVDA,2024-11-15,870.00,put,83.50,84.00,83.45,5,84.55,4,11,162,2024-05-17,0.48804,-0.33482,0.00114,-0.26110,2.37857,-1.97407
NVDA241115C00880000,NVDA,2024-11-15,880.00,call,158.46,156.80,155.95,2,157.65,2,3,275,2024-05-17,0.48804,0.65302,0.00116,-0.38828,2.41113,2.21969
NVDA241115P00880000,NVDA,2024-11-15,880.00,put,80.46,88.62,87.70,1,89.55,17,0,852,2024-05-17,0.48804,-0.34698,0.00116,-0.26315,2.41113,-2.05317
NVDA241115C00890000,NVDA,2024-11-15,890.00,call,157.32,151.68,151.00,4,152.35,3,2,111,2024-05-17,0.48804,0.64084,0.00117,-0.39139,2.44113,2.18842
NVDA241115P00890000,NVDA,2024-11-15,890.00,put,90.40,93.40,92.95,1,93.85,3,31,64,2024-05-17,0.48804,-0.35916,0.00117,-0.26483,2.44113,-2.13299
NVDA241115C00900000,NVDA,2024-11-15,900.00,call,146.70,146.75,145.35,5,148.15,5,12,922,2024-05-17,0.48804,0.62865,0.00119,-0.39413,2.46855,2.15649
NVDA241115P00900000,NVDA,2024-11-15,900.00,put,97.45,98.33,97.90,2,98.75,3,17,450,2024-05-17,0.48804,-0.37135,0.00119,-0.26615,2.46855,-2.21348
NVDA241115C00910000,NVDA,2024-11-15,910.00,call,141.90,141.97,141.45,2,142.50,6,6,127,2024-05-17,0.48804,0.61647,0.00120,-0.39651,2.49339,2.12396
NVDA241115P00910000,NVDA,2024-11-15,910.00,put,99.74,103.38,102.75,5,104.00,8,1,80,2024-05-17,0.48804,-0.38353,0.00120,-0.26711,2.49339,-2.29456
NVDA241115C00920000,NVDA,2024-11-15,920.00,call,138.50,137.28,136.75,5,137.80,2,51,226,2024-05-17,0.48804,0.60430,0.00121,-0.39852,2.51565,2.09091
NVDA241115P00920000,NVDA,2024-11-15,920.00,put,107.21,108.57,108.10,2,109.05,6,15,111,2024-05-17,0.48804,-0.39570,0.00121,-0.26770,2.51565,-2.37618
NVDA241115C00930000,NVDA,2024-11-15,930.00,call,131.00,132.72,132.20,5,133.25,17,14,191,2024-05-17,0.48804,0.59217,0.00122,-0.40018,2.53537,2.05738
NVDA241115P00930000,NVDA,2024-11-15,930.00,put,116.65,113.88,113.40,1,114.35,1,127,97,2024-05-17,0.48804,-0.40783,0.00122,-0.26794,2.53537,-2.45826
NVDA241115C00940000,NVDA,2024-11-15,940.00,call,125.00,128.25,127.75,2,128.75,4,15,109,2024-05-17,0.48804,0.58008,0.00123,-0.40149,2.55255,2.02345
NVDA241115P00940000,NVDA,2024-11-15,940.00,put,110.10,119.28,118.15,32,120.40,15,0,160,2024-05-17,0.48804,-0.41992,0.00123,-0.26783,2.55255,-2.54074
NVDA241115C00950000,NVDA,2024-11-15,950.00,call,122.00,123.93,123.45,8,124.40,10,12,318,2024-05-17,0.48804,0.56804,0.00123,-0.40246,2.56723,1.98917
NVDA241115P00950000,NVDA,2024-11-15,950.00,put,116.70,125.00,124.05,28,125.95,28,0,85,2024-05-17,0.48804,-0.43196,0.00123,-0.26737,2.56723,-2.62358
NVDA241115C00960000,NVDA,2024-11-15,960.00,call,120.00,119.72,119.20,3,120.25,4,20,267,2024-05-17,0.46853,0.55283,0.00129,-0.38993,2.58233,1.96478
NVDA241115P00960000,NVDA,2024-11-15,960.00,put,120.30,130.72,129.70,27,131.75,5,0,196,2024-05-17,0.48804,-0.44393,0.00124,-0.26657,2.57944,-2.70670
NVDA241115C00970000,NVDA,2024-11-15,970.00,call,119.40,115.68,115.20,1,116.15,4,2,174,2024-05-17,0.46853,0.54042,0.00130,-0.39006,2.59183,1.92773
NVDA241115P00970000,NVDA,2024-11-15,970.00,put,126.83,136.65,135.65,1,137.65,31,0,193,2024-05-17,0.48804,-0.45584,0.00124,-0.26544,2.58923,-2.79006
NVDA241115C00980000,NVDA,2024-11-15,980.00,call,111.75,111.62,111.15,9,112.10,6,30,420,2024-05-17,0.46853,0.52810,0.00130,-0.38986,2.59874,1.89049
NVDA241115P00980000,NVDA,2024-11-15,980.00,put,133.60,142.62,141.65,1,143.60,41,0,44,2024-05-17,0.48804,-0.46765,0.00125,-0.26399,2.59664,-2.87360
NVDA241115C00990000,NVDA,2024-11-15,990.00,call,108.50,107.85,107.40,1,108.30,1,78,513,2024-05-17,0.46853,0.51587,0.00130,-0.38934,2.60315,1.85313
NVDA241115P00990000,NVDA,2024-11-15,990.00,put,144.05,148.70,147.65,25,149.75,24,2,108,2024-05-17,0.48804,-0.47938,0.00125,-0.26222,2.60173,-2.95727
NVDA241115C01000000,NVDA,2024-11-15,1000.00,call,105.30,104.08,103.70,2,104.45,6,55,424,2024-05-17,0.46853,0.50376,0.00130,-0.38849,2.60509,1.81570
NVDA241115P01000000,NVDA,2024-11-15,1000.00,put,141.95,154.90,153.85,23,155.95,26,0,134,2024-05-17,0.48804,-0.49101,0.00125,-0.26015,2.60455,-3.04102
NVDA241115C01010000,NVDA,2024-11-15,1010.00,call,102.18,100.47,100.05,1,100.90,1,7,147,2024-05-17,0.46853,0.49176,0.00130,-0.38734,2.60465,1.77826
NVDA241115P01010000,NVDA,2024-11-15,1010.00,put,149.70,161.23,160.15,24,162.30,4,0,101,2024-05-17,0.48804,-0.50252,0.00125,-0.25778,2.60516,-3.12481
NVDA241115C01020000,NVDA,2024-11-15,1020.00,call,98.00,96.93,96.45,2,97.40,1,15,138,2024-05-17,0.46853,0.47989,0.00130,-0.38589,2.60190,1.74085
NVDA241115P01020000,NVDA,2024-11-15,1020.00,put,187.20,167.62,165.85,24,169.40,27,0,71,2024-05-17,0.48804,-0.51393,0.00125,-0.25512,2.60362,-3.20859
NVDA241115C01030000,NVDA,2024-11-15,1030.00,call,106.45,93.50,93.05,9,93.95,1,0,164,2024-05-17,0.46853,0.46815,0.00130,-0.38415,2.59690,1.70352
NVDA241115P01030000,NVDA,2024-11-15,1030.00,put,200.20,174.40,172.75,28,176.05,21,0,108,2024-05-17,0.48804,-0.52521,0.00125,-0.25218,2.60001,-3.29232
NVDA241115C01040000,NVDA,2024-11-15,1040.00,call,90.70,90.28,89.75,5,90.80,8,3,131,2024-05-17,0.46853,0.45655,0.00130,-0.38214,2.58974,1.66631
NVDA241115P01040000,NVDA,2024-11-15,1040.00,put,166.05,181.32,179.85,37,182.80,35,0,168,2024-05-17,0.48804,-0.53636,0.00125,-0.24898,2.59438,-3.37595
NVDA241115C01050000,NVDA,2024-11-15,1050.00,call,88.69,87.03,86.60,9,87.45,4,6,175,2024-05-17,0.46853,0.44510,0.00129,-0.37987,2.58050,1.62928
NVDA241115P01050000,NVDA,2024-11-15,1050.00,put,183.25,187.70,185.95,14,189.45,13,2,102,2024-05-17,0.48804,-0.54737,0.00124,-0.24552,2.58682,-3.45946
NVDA241115C01060000,NVDA,2024-11-15,1060.00,call,82.45,83.90,83.45,5,84.35,3,10,161,2024-05-17,0.46853,0.43380,0.00129,-0.37734,2.56926,1.59245
NVDA241115P01060000,NVDA,2024-11-15,1060.00,put,219.50,194.68,192.80,20,196.55,40,0,42,2024-05-17,0.48804,-0.55825,0.00124,-0.24181,2.57739,-3.54280
NVDA241115C01070000,NVDA,2024-11-15,1070.00,call,85.40,80.90,80.45,5,81.35,2,1,58,2024-05-17,0.46853,0.42266,0.00128,-0.37458,2.55610,1.55587
NVDA241115P01070000,NVDA,2024-11-15,1070.00,put,190.43,201.68,199.85,22,203.50,13,0,28,2024-05-17,0.48804,-0.56898,0.00123,-0.23787,2.56617,-3.62594
NVDA241115C01080000,NVDA,2024-11-15,1080.00,call,88.34,77.97,77.50,5,78.45,5,1,151,2024-05-17,0.46853,0.41169,0.00127,-0.37158,2.54112,1.51957
NVDA241115P01080000,NVDA,2024-11-15,1080.00,put,196.00,208.73,206.80,13,210.65,15,0,39,2024-05-17,0.48804,-0.57956,0.00123,-0.23371,2.55323,-3.70884
NVDA241115C01090000,NVDA,2024-11-15,1090.00,call,67.59,75.25,74.75,10,75.75,8,0,100,2024-05-17,0.46853,0.40088,0.00126,-0.36838,2.52439,1.48358
NVDA241115P01090000,NVDA,2024-11-15,1090.00,put,246.00,216.30,213.75,24,218.85,21,0,41,2024-05-17,0.48804,-0.58999,0.00122,-0.22934,2.53865,-3.79149
NVDA241115C01100000,NVDA,2024-11-15,1100.00,call,73.42,72.10,71.15,4,73.05,5,15,793,2024-05-17,0.46853,0.39025,0.00125,-0.36497,2.50600,1.44794
NVDA241115P01100000,NVDA,2024-11-15,1100.00,put,218.76,223.72,221.75,1,225.70,29,0,67,2024-05-17,0.48804,-0.60026,0.00121,-0.22476,2.52250,-3.87385
NVDA241115C01110000,NVDA,2024-11-15,1110.00,call,72.23,69.88,69.35,5,70.40,6,5,187,2024-05-17,0.46853,0.37980,0.00124,-0.36136,2.48604,1.41267
NVDA241115P01110000,NVDA,2024-11-15,1110.00,put,243.40,231.62,229.10,5,234.15,18,0,65,2024-05-17,0.50755,-0.60102,0.00116,-0.23625,2.52123,-3.93724
NVDA241115C01120000,NVDA,2024-11-15,1120.00,call,74.57,67.32,66.80,5,67.85,5,1,95,2024-05-17,0.46853,0.36952,0.00123,-0.35758,2.46459,1.37780
NVDA241115P01120000,NVDA,2024-11-15,1120.00,put,264.00,238.60,236.50,22,240.70,18,0,53,2024-05-17,0.50755,-0.61065,0.00116,-0.23155,2.50435,-4.01732
NVDA241115C01130000,NVDA,2024-11-15,1130.00,call,75.50,64.85,64.35,10,65.35,5,0,99,2024-05-17,0.46853,0.35943,0.00122,-0.35363,2.44175,1.34335
NVDA241115P01130000,NVDA,2024-11-15,1130.00,put,269.70,246.80,243.95,14,249.65,17,0,44,2024-05-17,0.50755,-0.62013,0.00115,-0.22668,2.48619,-4.09708
NVDA241115C01140000,NVDA,2024-11-15,1140.00,call,75.00,62.48,61.95,5,63.00,5,0,60,2024-05-17,0.46853,0.34952,0.00121,-0.34953,2.41760,1.30934
NVDA241115P01140000,NVDA,2024-11-15,1140.00,put,283.20,252.95,249.85,15,256.05,11,0,60,2024-05-17,0.48804,-0.63970,0.00117,-0.20466,2.44379,-4.19990
NVDA241115C01150000,NVDA,2024-11-15,1150.00,call,62.15,60.17,59.70,4,60.65,3,23,864,2024-05-17,0.46853,0.33980,0.00120,-0.34528,2.39222,1.27580
NVDA241115P01150000,NVDA,2024-11-15,1150.00,put,311.54,261.55,259.20,37,263.90,16,0,43,2024-05-17,0.50755,-0.63862,0.00113,-0.21648,2.44631,-4.25562
NVDA241115C01160000,NVDA,2024-11-15,1160.00,call,66.00,57.98,57.50,10,58.45,5,0,83,2024-05-17,0.46853,0.33026,0.00118,-0.34090,2.36569,1.24274
NVDA241115P01160000,NVDA,2024-11-15,1160.00,put,299.00,269.93,267.10,18,272.75,5,0,7,2024-05-17,0.50755,-0.64763,0.00112,-0.21116,2.42473,-4.33435
NVDA241115C01170000,NVDA,2024-11-15,1170.00,call,62.95,55.83,55.35,10,56.30,5,0,60,2024-05-17,0.46853,0.32092,0.00117,-0.33639,2.33810,1.21017
NVDA241115P01170000,NVDA,2024-11-15,1170.00,put,346.70,278.62,274.95,23,282.30,30,0,10,2024-05-17,0.50755,-0.65648,0.00111,-0.20572,2.40214,-4.41271
NVDA241115C01180000,NVDA,2024-11-15,1180.00,call,50.35,53.75,53.25,5,54.25,5,0,96,2024-05-17,0.46853,0.31176,0.00116,-0.33177,2.30952,1.17812
NVDA241115P01180000,NVDA,2024-11-15,1180.00,put,332.07,286.15,282.50,30,289.80,131,0,16,2024-05-17,0.50755,-0.66517,0.00110,-0.20015,2.37859,-4.49068
NVDA241115C01190000,NVDA,2024-11-15,1190.00,call,47.45,51.75,51.25,5,52.25,4,0,68,2024-05-17,0.46853,0.30280,0.00114,-0.32706,2.28005,1.14660
NVDA241115P01190000,NVDA,2024-11-15,1190.00,put,307.75,293.93,291.60,1,296.25,16,0,20,2024-05-17,0.50755,-0.67371,0.00109,-0.19447,2.35417,-4.56825
NVDA241115C01200000,NVDA,2024-11-15,1200.00,call,50.00,49.85,49.40,4,50.30,5,43,473,2024-05-17,0.46853,0.29403,0.00113,-0.32225,2.24974,1.11561
NVDA241115P01200000,NVDA,2024-11-15,1200.00,put,288.77,301.80,299.45,12,304.15,14,0,26,2024-05-17,0.50755,-0.68208,0.00108,-0.18869,2.32892,-4.64541
NVDA241115C01210000,NVDA,2024-11-15,1210.00,call,50.84,48.00,47.50,5,48.50,4,1,64,2024-05-17,0.46853,0.28544,0.00111,-0.31736,2.21868,1.08516
NVDA241115P01210000,NVDA,2024-11-15,1210.00,put,344.00,310.83,308.10,5,313.55,5,0,19,2024-05-17,0.50755,-0.69029,0.00106,-0.18282,2.30290,-4.72215
NVDA241115C01220000,NVDA,2024-11-15,1220.00,call,48.98,46.20,45.70,5,46.70,4,1,64,2024-05-17,0.46853,0.27705,0.00109,-0.31240,2.18694,1.05527
NVDA241115P01220000,NVDA,2024-11-15,1220.00,put,377.65,318.90,315.80,4,322.00,19,0,1,2024-05-17,0.52706,-0.68683,0.00103,-0.19544,2.31402,-4.76769
NVDA241115C01230000,NVDA,2024-11-15,1230.00,call,53.00,44.48,44.00,5,44.95,5,0,183,2024-05-17,0.46853,0.26885,0.00108,-0.30738,2.15460,1.02595
NVDA241115P01230000,NVDA,2024-11-15,1230.00,put,335.60,327.45,324.35,16,330.55,44,0,5,2024-05-17,0.52706,-0.69456,0.00102,-0.18961,2.28889,-4.84256
NVDA241115C01240000,NVDA,2024-11-15,1240.00,call,42.40,42.83,42.35,5,43.30,5,7,49,2024-05-17,0.46853,0.26084,0.00106,-0.30230,2.12170,0.99718
NVDA241115P01240000,NVDA,2024-11-15,1240.00,put,388.70,335.93,332.75,19,339.10,35,0,9,2024-05-17,0.52706,-0.70214,0.00101,-0.18370,2.26316,-4.91704
NVDA241115C01250000,NVDA,2024-11-15,1250.00,call,44.75,41.25,40.80,5,41.70,5,5,155,2024-05-17,0.46853,0.25301,0.00105,-0.29718,2.08834,0.96899
NVDA241115P01250000,NVDA,2024-11-15,1250.00,put,396.49,344.15,341.65,33,346.65,14,0,6,2024-05-17,0.52706,-0.70958,0.00100,-0.17772,2.23687,-4.99113
NVDA241115C01260000,NVDA,2024-11-15,1260.00,call,43.50,39.73,39.25,5,40.20,4,1,38,2024-05-17,0.46853,0.24537,0.00103,-0.29202,2.05456,0.94137
NVDA241115P01260000,NVDA,2024-11-15,1260.00,put,409.95,353.33,350.10,5,356.55,15,0,2,2024-05-17,0.52706,-0.71687,0.00098,-0.17169,2.21008,-5.06481
NVDA241115C01270000,NVDA,2024-11-15,1270.00,call,46.00,38.25,37.80,5,38.70,4,0,33,2024-05-17,0.46853,0.23791,0.00101,-0.28684,2.02043,0.91433
NVDA241115P01270000,NVDA,2024-11-15,1270.00,put,416.60,360.90,356.60,28,365.20,10,0,8,2024-05-17,0.52706,-0.72401,0.00097,-0.16559,2.18282,-5.13808
NVDA241115C01280000,NVDA,2024-11-15,1280.00,call,36.50,36.83,36.35,5,37.30,5,9,44,2024-05-17,0.46853,0.23064,0.00099,-0.28163,1.98601,0.88786
NVDA241115P01280000,NVDA,2024-11-15,1280.00,put,430.45,371.45,367.60,21,375.30,28,0,5,2024-05-17,0.54657,-0.71916,0.00094,-0.17893,2.20143,-5.17750
NVDA241115C01290000,NVDA,2024-11-15,1290.00,call,43.85,35.48,35.00,5,35.95,4,0,83,2024-05-17,0.46853,0.22355,0.00098,-0.27641,1.95135,0.86197
NVDA241115P01290000,NVDA,2024-11-15,1290.00,put,465.30,380.07,376.65,17,383.50,16,0,1,2024-05-17,0.54657,-0.72592,0.00093,-0.17292,2.17538,-5.24923
NVDA241115C01300000,NVDA,2024-11-15,1300.00,call,33.70,34.17,33.75,5,34.60,5,21,1099,2024-05-17,0.46853,0.21664,0.00096,-0.27119,1.91650,0.83665
NVDA241115P01300000,NVDA,2024-11-15,1300.00,put,397.67,388.20,385.65,22,390.75,27,0,10,2024-05-17,0.54657,-0.73254,0.00092,-0.16687,2.14897,-5.32059
NVDA241115C01320000,NVDA,2024-11-15,1320.00,call,39.65,31.62,31.25,22,32.00,37,0,39,2024-05-17,0.46853,0.20334,0.00092,-0.26074,1.84647,0.78774
NVDA241115P01320000,NVDA,2024-11-15,1320.00,put,427.60,406.55,403.50,22,409.60,21,0,3,2024-05-17,0.54657,-0.74540,0.00090,-0.15465,2.09522,-5.46218
NVDA241115C01340000,NVDA,2024-11-15,1340.00,call,32.30,29.40,28.95,5,29.85,15,5,92,2024-05-17,0.46853,0.19073,0.00089,-0.25034,1.77629,0.74109
NVDA241115P01340000,NVDA,2024-11-15,1340.00,put,459.14,425.02,421.60,30,428.45,25,0,1,2024-05-17,0.56608,-0.74583,0.00087,-0.16251,2.09338,-5.56745
NVDA241115C01360000,NVDA,2024-11-15,1360.00,call,31.00,27.23,26.85,7,27.60,15,0,204,2024-05-17,0.46853,0.17879,0.00085,-0.24003,1.70631,0.69667
NVDA241115P01360000,NVDA,2024-11-15,1360.00,put,424.08,443.40,440.05,33,446.75,5,0,2,2024-05-17,0.56608,-0.75756,0.00085,-0.15038,2.04129,-5.70506
NVDA241115C01380000,NVDA,2024-11-15,1380.00,call,26.00,25.35,25.05,15,25.65,14,2,145,2024-05-17,0.48804,0.18087,0.00083,-0.25094,1.71874,0.69978
NVDA241115P01380000,NVDA,2024-11-15,1380.00,put,552.50,462.05,458.80,33,465.30,22,0,116,2024-05-17,0.56608,-0.76883,0.00082,-0.13819,1.98855,-5.84131
NVDA241115C01400000,NVDA,2024-11-15,1400.00,call,28.95,23.55,22.85,7,24.25,15,0,889,2024-05-17,0.48804,0.17009,0.00079,-0.24096,1.65308,0.65986
NVDA241115P01400000,NVDA,2024-11-15,1400.00,put,490.54,480.33,477.80,32,482.85,6,0,0,2024-05-17,0.58560,-0.76784,0.00080,-0.14669,1.99328,-5.94088
NVDA241115C01410000,NVDA,2024-11-15,1410.00,call,22.20,22.75,22.45,16,23.05,22,0,98,2024-05-17,0.48804,0.16491,0.00078,-0.23603,1.62049,0.64062
NVDA241115P01410000,NVDA,2024-11-15,1410.00,put,544.33,490.52,486.35,61,494.70,32,0,1,2024-05-17,0.58560,-0.77306,0.00079,-0.14068,1.96804,-6.00748
NVDA241115C01420000,NVDA,2024-11-15,1420.00,call,26.85,21.95,21.60,38,22.30,28,0,45,2024-05-17,0.48804,0.15988,0.00076,-0.23114,1.58809,0.62184
NVDA241115P01420000,NVDA,2024-11-15,1420.00,put,574.75,499.35,496.65,28,502.05,6,0,0,2024-05-17,0.58560,-0.77818,0.00078,-0.13467,1.94272,-6.07377
NVDA241115C01430000,NVDA,2024-11-15,1430.00,call,24.75,21.23,20.85,36,21.60,31,0,62,2024-05-17,0.48804,0.15497,0.00075,-0.22629,1.55592,0.60354
NVDA241115P01430000,NVDA,2024-11-15,1430.00,put,600.57,508.98,506.20,32,511.75,6,0,0,2024-05-17,0.60511,-0.77163,0.00077,-0.14952,1.97502,-6.10536
NVDA241115C01440000,NVDA,2024-11-15,1440.00,call,19.10,20.48,20.10,37,20.85,56,0,70,2024-05-17,0.48804,0.15021,0.00073,-0.22148,1.52399,0.58569
NVDA241115P01440000,NVDA,2024-11-15,1440.00,put,0.00,518.42,515.65,47,521.20,6,0,0,2024-05-17,0.60511,-0.77653,0.00076,-0.14361,1.95093,-6.17074
NVDA241115C01450000,NVDA,2024-11-15,1450.00,call,19.31,19.75,19.45,17,20.05,21,2,133,2024-05-17,0.48804,0.14557,0.00072,-0.21673,1.49232,0.56830
NVDA241115P01450000,NVDA,2024-11-15,1450.00,put,638.75,528.08,525.65,31,530.50,24,0,0,2024-05-17,0.60511,-0.78134,0.00075,-0.13769,1.92680,-6.23584
NVDA241115C01460000,NVDA,2024-11-15,1460.00,call,21.89,19.05,18.80,1,19.30,18,0,179,2024-05-17,0.48804,0.14106,0.00070,-0.21202,1.46094,0.55135
NVDA241115P01460000,NVDA,2024-11-15,1460.00,put,559.27,537.83,535.15,39,540.50,6,0,0,2024-05-17,0.60511,-0.78606,0.00074,-0.13177,1.90263,-6.30067
NVDA241115C01470000,NVDA,2024-11-15,1470.00,call,18.00,18.48,18.10,20,18.85,52,1,45,2024-05-17,0.48804,0.13667,0.00069,-0.20737,1.42987,0.53484
NVDA241115P01470000,NVDA,2024-11-15,1470.00,put,536.07,547.45,544.70,54,550.20,6,0,0,2024-05-17,0.62462,-0.77934,0.00073,-0.14695,1.93691,-6.33148
NVDA241115C01480000,NVDA,2024-11-15,1480.00,call,22.45,17.82,17.45,8,18.20,17,0,386,2024-05-17,0.48804,0.13241,0.00067,-0.20278,1.39911,0.51877
NVDA241115P01480000,NVDA,2024-11-15,1480.00,put,651.75,557.10,554.40,55,559.80,4,0,0,2024-05-17,0.62462,-0.78387,0.00072,-0.14112,1.91389,-6.39552
NVDA241115C01490000,NVDA,2024-11-15,1490.00,call,19.65,17.12,16.85,7,17.40,20,1,281,2024-05-17,0.48804,0.12827,0.00066,-0.19824,1.36870,0.50311
NVDA241115P01490000,NVDA,2024-11-15,1490.00,put,639.26,567.05,564.50,44,569.60,24,0,0,2024-05-17,0.62462,-0.78832,0.00071,-0.13530,1.89086,-6.45932
NVDA241115C01500000,NVDA,2024-11-15,1500.00,call,16.92,16.58,16.35,1,16.80,28,13,745,2024-05-17,0.48804,0.12425,0.00064,-0.19377,1.33863,0.48787
NVDA241115P01500000,NVDA,2024-11-15,1500.00,put,559.30,576.72,574.30,47,579.15,24,0,1,2024-05-17,0.62462,-0.79268,0.00070,-0.12949,1.86783,-6.52286
NVDA241115C01520000,NVDA,2024-11-15,1520.00,call,17.14,15.47,15.20,19,15.75,24,0,86,2024-05-17,0.48804,0.11654,0.00061,-0.18500,1.27961,0.45861
NVDA241115P01520000,NVDA,2024-11-15,1520.00,put,725.87,596.33,593.80,52,598.85,1,0,0,2024-05-17,0.64413,-0.79005,0.00069,-0.13924,1.88176,-6.61599
NVDA241115C01540000,NVDA,2024-11-15,1540.00,call,17.50,14.53,14.30,1,14.75,44,0,419,2024-05-17,0.48804,0.10928,0.00059,-0.17648,1.22214,0.43092
NVDA241115P01540000,NVDA,2024-11-15,1540.00,put,600.61,616.15,613.65,50,618.65,40,0,0,2024-05-17,0.66364,-0.78734,0.00067,-0.14920,1.89599,-6.70892
NVDA241115C01560000,NVDA,2024-11-15,1560.00,call,16.02,13.57,13.30,18,13.85,35,0,70,2024-05-17,0.48804,0.10243,0.00056,-0.16823,1.16630,0.40474
NVDA241115P01560000,NVDA,2024-11-15,1560.00,put,682.30,636.22,633.30,51,639.15,40,0,0,2024-05-17,0.66364,-0.79524,0.00066,-0.13794,1.85412,-6.83275
NVDA241115C01580000,NVDA,2024-11-15,1580.00,call,14.90,12.70,12.50,1,12.90,24,0,184,2024-05-17,0.48804,0.09598,0.00053,-0.16024,1.11214,0.38000
NVDA241115P01580000,NVDA,2024-11-15,1580.00,put,667.55,655.02,651.90,24,658.15,40,0,0,2024-05-17,0.68315,-0.79218,0.00064,-0.14827,1.87049,-6.92438
NVDA241115C01600000,NVDA,2024-11-15,1600.00,call,11.48,11.95,11.70,5,12.20,40,2,151,2024-05-17,0.48804,0.08991,0.00051,-0.15253,1.05971,0.35665
NVDA241115P01600000,NVDA,2024-11-15,1600.00,put,685.77,675.27,668.50,40,682.05,40,0,0,2024-05-17,0.68315,-0.79957,0.00063,-0.13721,1.83059,-7.04632
NVDA241115C01620000,NVDA,2024-11-15,1620.00,call,12.20,11.25,10.90,5,11.60,52,3,57,2024-05-17,0.48804,0.08421,0.00048,-0.14509,1.00904,0.33461
NVDA241115P01620000,NVDA,2024-11-15,1620.00,put,674.28,694.40,686.95,40,701.85,40,0,0,2024-05-17,0.70267,-0.79622,0.00062,-0.14789,1.84882,-7.13688
NVDA241115C01640000,NVDA,2024-11-15,1640.00,call,11.57,10.45,10.20,21,10.70,17,2,482,2024-05-17,0.48804,0.07884,0.00046,-0.13792,0.96014,0.31384
NVDA241115P01640000,NVDA,2024-11-15,1640.00,put,740.19,714.55,707.40,40,721.70,40,0,0,2024-05-17,0.72218,-0.79284,0.00061,-0.15875,1.86701,-7.22746
NVDA241115C01650000,NVDA,2024-11-15,1650.00,call,12.05,10.12,9.30,7,10.95,7,0,53,2024-05-17,0.48804,0.07628,0.00045,-0.13444,0.93636,0.30391
NVDA241115P01650000,NVDA,2024-11-15,1650.00,put,773.49,724.45,717.35,40,731.55,40,0,0,2024-05-17,0.72218,-0.79623,0.00060,-0.15339,1.84880,-7.28722
NVDA241115C01660000,NVDA,2024-11-15,1660.00,call,11.74,9.82,9.35,24,10.30,36,0,86,2024-05-17,0.48804,0.07379,0.00044,-0.13103,0.91303,0.29426
NVDA241115P01660000,NVDA,2024-11-15,1660.00,put,710.04,734.40,727.30,40,741.50,40,0,0,2024-05-17,0.72218,-0.79957,0.00059,-0.14804,1.83061,-7.34682
NVDA241115C01670000,NVDA,2024-11-15,1670.00,call,9.60,9.53,8.65,8,10.40,9,1,11,2024-05-17,0.48804,0.07139,0.00043,-0.12769,0.89014,0.28491
NVDA241115P01670000,NVDA,2024-11-15,1670.00,put,0.00,744.33,737.15,40,751.50,40,0,0,2024-05-17,0.72218,-0.80285,0.00059,-0.14270,1.81246,-7.40628
NVDA241115C01680000,NVDA,2024-11-15,1680.00,call,11.55,9.22,8.35,8,10.10,9,0,34,2024-05-17,0.48804,0.06906,0.00042,-0.12441,0.86769,0.27583
NVDA241115P01680000,NVDA,2024-11-15,1680.00,put,0.00,755.30,752.70,54,757.90,59,0,0,2024-05-17,0.74169,-0.79595,0.00058,-0.15923,1.85030,-7.43658
NVDA241115C01690000,NVDA,2024-11-15,1690.00,call,9.95,9.05,8.80,5,9.30,27,3,21,2024-05-17,0.48804,0.06680,0.00041,-0.12121,0.84569,0.26702
NVDA241115P01690000,NVDA,2024-11-15,1690.00,put,774.00,764.58,757.30,40,771.85,40,0,0,2024-05-17,0.74169,-0.79915,0.00058,-0.15396,1.83292,-7.49562
NVDA241115C01700000,NVDA,2024-11-15,1700.00,call,8.63,8.78,8.55,5,9.00,50,4,270,2024-05-17,0.50755,0.07418,0.00042,-0.13643,0.91666,0.29414
NVDA241115P01700000,NVDA,2024-11-15,1700.00,put,846.65,774.33,767.15,40,781.50,40,0,0,2024-05-17,0.74169,-0.80229,0.00057,-0.14870,1.81557,-7.55453
NVDA241115C01710000,NVDA,2024-11-15,1710.00,call,9.67,8.40,8.00,17,8.80,56,0,8,2024-05-17,0.48804,0.06249,0.00039,-0.11499,0.80300,0.25020
NVDA241115P01710000,NVDA,2024-11-15,1710.00,put,0.00,784.33,777.15,40,791.50,40,0,0,2024-05-17,0.76120,-0.79542,0.00057,-0.16540,1.85317,-7.58507
NVDA241115C01720000,NVDA,2024-11-15,1720.00,call,10.00,8.50,8.00,5,9.00,10,0,58,2024-05-17,0.50755,0.06971,0.00040,-0.12997,0.87396,0.27685
NVDA241115P01720000,NVDA,2024-11-15,1720.00,put,865.40,794.33,787.15,40,801.50,40,0,0,2024-05-17,0.76120,-0.79848,0.00057,-0.16021,1.83654,-7.64360
NVDA241115C01730000,NVDA,2024-11-15,1730.00,call,11.03,8.00,7.50,25,8.50,15,0,5,2024-05-17,0.50755,0.06757,0.00039,-0.12683,0.85321,0.26857
NVDA241115P01730000,NVDA,2024-11-15,1730.00,put,869.80,805.15,802.40,59,807.90,19,0,0,2024-05-17,0.76120,-0.80150,0.00056,-0.15503,1.81995,-7.70201
NVDA241115C01740000,NVDA,2024-11-15,1740.00,call,9.80,7.78,7.30,18,8.25,2,0,15,2024-05-17,0.50755,0.06549,0.00038,-0.12376,0.83284,0.26052
NVDA241115P01740000,NVDA,2024-11-15,1740.00,put,847.55,814.50,807.25,40,821.75,40,0,0,2024-05-17,0.78071,-0.79466,0.00056,-0.17189,1.85728,-7.73280
NVDA241115C01750000,NVDA,2024-11-15,1750.00,call,8.94,7.58,7.10,10,8.05,47,0,56,2024-05-17,0.50755,0.06348,0.00038,-0.12074,0.81287,0.25270
NVDA241115P01750000,NVDA,2024-11-15,1750.00,put,891.05,824.50,817.25,40,831.75,40,0,0,2024-05-17,0.78071,-0.79760,0.00055,-0.16678,1.84136,-7.79086
NVDA241115C01760000,NVDA,2024-11-15,1760.00,call,10.25,7.25,6.70,27,7.80,5,0,12,2024-05-17,0.50755,0.06152,0.00037,-0.11779,0.79328,0.24510
NVDA241115P01760000,NVDA,2024-11-15,1760.00,put,895.50,834.42,827.15,40,841.70,40,0,0,2024-05-17,0.78071,-0.80050,0.00055,-0.16167,1.82548,-7.84880
NVDA241115C01770000,NVDA,2024-11-15,1770.00,call,7.20,6.88,6.50,27,7.25,14,0,10,2024-05-17,0.50755,0.05962,0.00036,-0.11490,0.77408,0.23772
NVDA241115P01770000,NVDA,2024-11-15,1770.00,put,869.20,844.42,837.15,40,851.70,40,0,0,2024-05-17,0.78071,-0.80336,0.00054,-0.15658,1.80963,-7.90662
NVDA241115C01780000,NVDA,2024-11-15,1780.00,call,7.45,6.95,6.50,47,7.40,17,1,3,2024-05-17,0.50755,0.05778,0.00035,-0.11206,0.75526,0.23056
NVDA241115P01780000,NVDA,2024-11-15,1780.00,put,917.25,855.12,852.35,59,857.90,40,0,0,2024-05-17,0.80022,-0.79651,0.00054,-0.17365,1.84725,-7.93747
NVDA241115C01790000,NVDA,2024-11-15,1790.00,call,6.55,6.70,6.30,12,7.10,1,2,57,2024-05-17,0.50755,0.05600,0.00034,-0.10929,0.73682,0.22359
NVDA241115P01790000,NVDA,2024-11-15,1790.00,put,925.65,864.50,857.30,40,871.70,40,0,0,2024-05-17,0.80022,-0.79931,0.00054,-0.16862,1.83204,-7.99497
NVDA241115C01800000,NVDA,2024-11-15,1800.00,call,8.06,6.57,6.10,16,7.05,26,0,48,2024-05-17,0.50755,0.05426,0.00033,-0.10657,0.71875,0.21683
NVDA241115P01800000,NVDA,2024-11-15,1800.00,put,901.85,874.47,867.15,40,881.80,40,0,0,2024-05-17,0.80022,-0.80206,0.00053,-0.16360,1.81685,-8.05238
NVDA241115C01810000,NVDA,2024-11-15,1810.00,call,7.75,6.47,6.15,5,6.80,12,0,11,2024-05-17,0.50755,0.05258,0.00032,-0.10391,0.70105,0.21027
NVDA241115P01810000,NVDA,2024-11-15,1810.00,put,944.35,884.50,877.25,40,891.75,40,0,0,2024-05-17,0.81974,-0.79524,0.00053,-0.18082,1.85410,-8.08350
NVDA241115C01820000,NVDA,2024-11-15,1820.00,call,6.95,6.25,5.75,21,6.75,29,1,2,2024-05-17,0.50755,0.05095,0.00032,-0.10131,0.68373,0.20389
NVDA241115P01820000,NVDA,2024-11-15,1820.00,put,869.68,894.52,887.25,40,901.80,40,0,0,2024-05-17,0.81974,-0.79794,0.00053,-0.17586,1.83952,-8.14061
NVDA241115C01830000,NVDA,2024-11-15,1830.00,call,8.55,6.03,5.60,71,6.45,63,0,8,2024-05-17,0.50755,0.04937,0.00031,-0.09876,0.66676,0.19770
NVDA241115P01830000,NVDA,2024-11-15,1830.00,put,0.00,904.40,897.00,40,911.80,40,0,0,2024-05-17,0.81974,-0.80059,0.00052,-0.17091,1.82497,-8.19762
NVDA241115C01840000,NVDA,2024-11-15,1840.00,call,7.50,5.85,5.45,73,6.25,73,0,9,2024-05-17,0.50755,0.04784,0.00030,-0.09627,0.65016,0.19169
NVDA241115P01840000,NVDA,2024-11-15,1840.00,put,0.00,914.67,907.55,40,921.80,40,0,0,2024-05-17,0.83925,-0.79381,0.00052,-0.18827,1.86183,-8.22902
NVDA241115C01850000,NVDA,2024-11-15,1850.00,call,6.75,5.70,5.30,71,6.10,78,0,27,2024-05-17,0.50755,0.04635,0.00029,-0.09383,0.63391,0.18586
NVDA241115P01850000,NVDA,2024-11-15,1850.00,put,946.33,924.67,917.55,40,931.80,40,0,0,2024-05-17,0.83925,-0.79640,0.00052,-0.18339,1.84784,-8.28576
NVDA241115C01860000,NVDA,2024-11-15,1860.00,call,23.75,5.55,5.15,46,5.95,51,0,89,2024-05-17,0.50755,0.04491,0.00029,-0.09145,0.61801,0.18020
NVDA241115P01860000,NVDA,2024-11-15,1860.00,put,0.00,934.67,927.55,40,941.80,40,0,0,2024-05-17,0.83925,-0.79897,0.00051,-0.17851,1.83389,-8.34240
NVDA241115C01870000,NVDA,2024-11-15,1870.00,call,6.35,5.40,5.00,68,5.80,79,0,27,2024-05-17,0.50755,0.04351,0.00028,-0.08912,0.60245,0.17470
NVDA241115P01870000,NVDA,2024-11-15,1870.00,put,0.00,944.52,937.25,1,951.80,40,0,0,2024-05-17,0.83925,-0.80150,0.00051,-0.17365,1.81996,-8.39896
NVDA241115C01880000,NVDA,2024-11-15,1880.00,call,6.00,5.25,4.85,73,5.65,78,0,20,2024-05-17,0.50755,0.04216,0.00027,-0.08684,0.58724,0.16937
NVDA241115P01880000,NVDA,2024-11-15,1880.00,put,0.00,954.55,947.30,40,961.80,40,0,0,2024-05-17,0.85876,-0.79472,0.00051,-0.19120,1.85691,-8.43047
NVDA241115C01890000,NVDA,2024-11-15,1890.00,call,5.15,5.10,4.70,73,5.50,67,0,19,2024-05-17,0.50755,0.04084,0.00026,-0.08462,0.57236,0.16419
NVDA241115P01890000,NVDA,2024-11-15,1890.00,put,0.00,964.52,957.30,40,971.75,40,0,0,2024-05-17,0.85876,-0.79720,0.00050,-0.18639,1.84352,-8.48678
NVDA241115C01900000,NVDA,2024-11-15,1900.00,call,5.34,5.00,4.60,73,5.40,76,2,16,2024-05-17,0.50755,0.03957,0.00026,-0.08244,0.55782,0.15917
NVDA241115P01900000,NVDA,2024-11-15,1900.00,put,0.00,974.50,967.20,1,981.80,40,0,0,2024-05-17,0.85876,-0.79965,0.00050,-0.18159,1.83015,-8.54300
NVDA241115C01910000,NVDA,2024-11-15,1910.00,call,5.22,4.85,4.45,78,5.25,81,2,18,2024-05-17,0.50755,0.03833,0.00025,-0.08032,0.54360,0.15430
NVDA241115P01910000,NVDA,2024-11-15,1910.00,put,0.00,984.52,977.25,40,991.80,40,0,0,2024-05-17,0.85876,-0.80207,0.00050,-0.17680,1.81682,-8.59914
NVDA241115C01920000,NVDA,2024-11-15,1920.00,call,4.90,4.72,4.35,75,5.10,83,0,42,2024-05-17,0.50755,0.03714,0.00024,-0.07824,0.52970,0.14957
NVDA241115P01920000,NVDA,2024-11-15,1920.00,put,0.00,994.48,987.10,40,1001.85,40,0,0,2024-05-17,0.87827,-0.79530,0.00049,-0.19453,1.85379,-8.63079
NVDA241115C01930000,NVDA,2024-11-15,1930.00,call,4.40,4.62,4.25,72,5.00,75,0,66,2024-05-17,0.50755,0.03598,0.00024,-0.07621,0.51612,0.14499
NVDA241115P01930000,NVDA,2024-11-15,1930.00,put,0.00,1004.48,997.10,40,1011.85,40,0,0,2024-05-17,0.87827,-0.79767,0.00049,-0.18980,1.84096,-8.68670
NVDA241115C01940000,NVDA,2024-11-15,1940.00,call,4.53,4.45,4.30,30,4.60,25,10,538,2024-05-17,0.50755,0.03485,0.00023,-0.07423,0.50285,0.14054
NVDA241115P01940000,NVDA,2024-11-15,1940.00,put,0.00,1014.52,1007.30,40,1021.75,40,0,0,2024-05-17,0.87827,-0.80001,0.00049,-0.18507,1.82816,-8.74253
NVDA241220C00005000,NVDA,2024-12-20,5.00,call,887.52,920.88,914.70,40,927.05,40,0,47,2024-05-17,3.55138,0.99949,0.00000,-0.01099,0.01282,0.02040
NVDA241220P00005000,NVDA,2024-12-20,5.00,put,0.01,0.01,0.00,0,0.01,750,0,121,2024-05-17,2.06849,-0.00002,0.00000,-0.00031,0.00066,-0.00018
NVDA241220C00010000,NVDA,2024-12-20,10.00,call,878.07,916.05,909.85,40,922.25,40,0,10,2024-05-17,2.86847,0.99923,0.00000,-0.01366,0.01888,0.04782
NVDA241220P00010000,NVDA,2024-12-20,10.00,put,0.01,0.01,0.00,0,0.01,255,0,71,2024-05-17,1.75630,-0.00003,0.00000,-0.00032,0.00080,-0.00021
NVDA241220C00015000,NVDA,2024-12-20,15.00,call,886.87,911.47,905.55,40,917.40,40,0,1,2024-05-17,2.65384,0.99887,0.00000,-0.01826,0.02694,0.07283
NVDA241220P00015000,NVDA,2024-12-20,15.00,put,0.01,0.01,0.00,0,0.01,242,0,153,2024-05-17,1.58069,-0.00003,0.00000,-0.00032,0.00089,-0.00022
NVDA241220C00020000,NVDA,2024-12-20,20.00,call,872.12,906.67,900.80,40,912.55,40,0,26,2024-05-17,2.41970,0.99867,0.00000,-0.01984,0.03116,0.10053
NVDA241220P00020000,NVDA,2024-12-20,20.00,put,0.01,0.01,0.00,0,0.01,500,0,156,2024-05-17,1.46362,-0.00003,0.00000,-0.00033,0.00100,-0.00024
NVDA241220C00025000,NVDA,2024-12-20,25.00,call,0.00,901.42,898.70,11,904.15,11,0,0,2024-05-17,2.12702,0.99882,0.00000,-0.01694,0.02793,0.13238
NVDA241220P00025000,NVDA,2024-12-20,25.00,put,0.01,0.01,0.00,0,0.01,500,0,271,2024-05-17,1.36606,-0.00003,0.00000,-0.00031,0.00101,-0.00024
NVDA241220C00030000,NVDA,2024-12-20,30.00,call,685.86,896.70,890.50,40,902.90,40,0,3,2024-05-17,2.02946,0.99862,0.00000,-0.01898,0.03222,0.15957
NVDA241220P00030000,NVDA,2024-12-20,30.00,put,0.00,0.01,0.00,0,0.02,50,0,0,2024-05-17,1.28802,-0.00003,0.00000,-0.00030,0.00103,-0.00024
NVDA241220C00035000,NVDA,2024-12-20,35.00,call,0.00,891.70,889.00,11,894.40,5,0,0,2024-05-17,1.89288,0.99863,0.00000,-0.01864,0.03209,0.18902
NVDA241220P00035000,NVDA,2024-12-20,35.00,put,0.03,0.01,0.00,0,0.02,50,0,1,2024-05-17,1.22948,-0.00004,0.00000,-0.00031,0.00111,-0.00026
NVDA241220C00040000,NVDA,2024-12-20,40.00,call,0.00,886.85,884.15,5,889.55,5,0,0,2024-05-17,1.79532,0.99858,0.00000,-0.01907,0.03317,0.21775
NVDA241220P00040000,NVDA,2024-12-20,40.00,put,0.00,0.01,0.00,0,0.02,50,0,0,2024-05-17,1.19046,-0.00005,0.00000,-0.00036,0.00134,-0.00031
NVDA241220C00045000,NVDA,2024-12-20,45.00,call,0.00,882.02,879.30,5,884.75,5,0,0,2024-05-17,1.71728,0.99851,0.00000,-0.01977,0.03467,0.24623
NVDA241220P00045000,NVDA,2024-12-20,45.00,put,0.01,0.01,0.00,0,0.02,50,0,14,2024-05-17,1.13192,-0.00004,0.00000,-0.00031,0.00123,-0.00028
NVDA241220C00050000,NVDA,2024-12-20,50.00,call,904.47,877.25,874.70,5,879.80,5,0,37,2024-05-17,1.67825,0.99828,0.00000,-0.02192,0.03933,0.27321
NVDA241220P00050000,NVDA,2024-12-20,50.00,put,0.01,0.01,0.00,0,0.02,50,0,319,2024-05-17,1.09290,-0.00004,0.00000,-0.00032,0.00130,-0.00030
NVDA241220C00055000,NVDA,2024-12-20,55.00,call,0.00,872.40,869.65,5,875.15,5,0,0,2024-05-17,1.61972,0.99819,0.00001,-0.02281,0.04128,0.30146
NVDA241220P00055000,NVDA,2024-12-20,55.00,put,0.14,0.01,0.00,0,0.02,50,0,1,2024-05-17,1.05388,-0.00004,0.00000,-0.00031,0.00132,-0.00030
NVDA241220C00060000,NVDA,2024-12-20,60.00,call,0.00,867.52,864.80,5,870.25,5,0,0,2024-05-17,1.56118,0.99814,0.00001,-0.02336,0.04239,0.33008
NVDA241220P00060000,NVDA,2024-12-20,60.00,put,0.03,0.01,0.00,0,0.02,50,0,68,2024-05-17,1.03437,-0.00005,0.00000,-0.00037,0.00160,-0.00037
NVDA241220C00065000,NVDA,2024-12-20,65.00,call,0.00,862.62,859.85,5,865.40,5,0,0,2024-05-17,1.48313,0.99826,0.00001,-0.02248,0.03989,0.36026
NVDA241220P00065000,NVDA,2024-12-20,65.00,put,0.10,0.01,0.00,0,0.02,50,0,2,2024-05-17,0.99534,-0.00005,0.00000,-0.00034,0.00150,-0.00034
NVDA241220C00070000,NVDA,2024-12-20,70.00,call,0.00,857.92,855.20,11,860.65,5,0,0,2024-05-17,1.48313,0.99786,0.00001,-0.02591,0.04810,0.38570
NVDA241220P00070000,NVDA,2024-12-20,70.00,put,0.09,0.01,0.00,0,0.34,54,0,83,2024-05-17,0.97583,-0.00006,0.00000,-0.00038,0.00173,-0.00040
NVDA241220C00075000,NVDA,2024-12-20,75.00,call,805.20,853.25,847.10,40,859.40,40,0,17,2024-05-17,1.46362,0.99759,0.00001,-0.02821,0.05361,0.41231
NVDA241220P00075000,NVDA,2024-12-20,75.00,put,0.17,0.01,0.00,0,0.34,54,0,16,2024-05-17,0.93681,-0.00005,0.00000,-0.00032,0.00151,-0.00034
NVDA241220C00080000,NVDA,2024-12-20,80.00,call,0.00,848.22,845.55,11,850.90,5,0,0,2024-05-17,1.40509,0.99767,0.00001,-0.02765,0.05186,0.44219
NVDA241220P00080000,NVDA,2024-12-20,80.00,put,0.07,0.01,0.00,0,0.35,54,0,40,2024-05-17,0.91729,-0.00006,0.00000,-0.00034,0.00166,-0.00037
NVDA241220C00085000,NVDA,2024-12-20,85.00,call,794.98,843.83,837.90,40,849.75,40,0,17,2024-05-17,1.44411,0.99682,0.00001,-0.03425,0.06871,0.46358
NVDA241220P00085000,NVDA,2024-12-20,85.00,put,0.04,0.01,0.00,0,0.35,54,0,2,2024-05-17,0.89778,-0.00006,0.00000,-0.00036,0.00179,-0.00040
NVDA241220C00090000,NVDA,2024-12-20,90.00,call,450.04,838.72,832.55,40,844.90,40,0,1,2024-05-17,1.36606,0.99719,0.00001,-0.03157,0.06160,0.49601
NVDA241220P00090000,NVDA,2024-12-20,90.00,put,0.07,0.01,0.00,0,0.36,54,0,40,2024-05-17,0.87827,-0.00007,0.00000,-0.00037,0.00189,-0.00043
NVDA241220C00095000,NVDA,2024-12-20,95.00,call,0.00,833.73,831.00,5,836.45,5,0,0,2024-05-17,1.30753,0.99739,0.00001,-0.03029,0.05760,0.52684
NVDA241220P00095000,NVDA,2024-12-20,95.00,put,0.05,0.19,0.01,19,0.37,54,0,37,2024-05-17,1.07339,-0.00068,0.00000,-0.00406,0.01691,-0.00481
NVDA241220C00100000,NVDA,2024-12-20,100.00,call,798.40,828.98,826.45,11,831.50,11,0,46,2024-05-17,1.28802,0.99718,0.00001,-0.03191,0.06166,0.55413
NVDA241220P00100000,NVDA,2024-12-20,100.00,put,0.04,0.04,0.03,1,0.05,1,16,3111,2024-05-17,0.91729,-0.00020,0.00000,-0.00110,0.00534,-0.00131
NVDA241220C00110000,NVDA,2024-12-20,110.00,call,786.90,819.42,813.25,40,825.60,40,0,42,2024-05-17,1.24899,0.99679,0.00001,-0.03493,0.06939,0.60885
NVDA241220P00110000,NVDA,2024-12-20,110.00,put,0.15,0.01,0.00,0,0.39,54,0,355,2024-05-17,0.80022,-0.00007,0.00000,-0.00036,0.00200,-0.00045
NVDA241220C00120000,NVDA,2024-12-20,120.00,call,753.03,809.30,806.25,40,812.35,40,0,144,2024-05-17,1.13192,0.99754,0.00001,-0.03075,0.05450,0.67306
NVDA241220P00120000,NVDA,2024-12-20,120.00,put,0.05,0.07,0.05,97,0.08,1,1,1357,2024-05-17,0.87827,-0.00034,0.00000,-0.00172,0.00876,-0.00223
NVDA241220C00130000,NVDA,2024-12-20,130.00,call,751.54,800.35,794.40,40,806.30,40,0,26,2024-05-17,1.19046,0.99574,0.00001,-0.04209,0.08932,0.71631
NVDA241220P00130000,NVDA,2024-12-20,130.00,put,0.08,0.01,0.00,0,0.30,1,0,226,2024-05-17,0.74169,-0.00008,0.00000,-0.00038,0.00231,-0.00051
NVDA241220C00140000,NVDA,2024-12-20,140.00,call,655.86,790.62,784.60,40,796.65,40,0,6,2024-05-17,1.13192,0.99580,0.00002,-0.04203,0.08818,0.77496
NVDA241220P00140000,NVDA,2024-12-20,140.00,put,0.14,0.01,0.00,0,0.16,1,0,294,2024-05-17,0.70267,-0.00007,0.00000,-0.00031,0.00197,-0.00043
NVDA241220C00150000,NVDA,2024-12-20,150.00,call,677.60,780.58,778.05,5,783.10,5,0,13,2024-05-17,1.05388,0.99636,0.00001,-0.03942,0.07764,0.83747
NVDA241220P00150000,NVDA,2024-12-20,150.00,put,0.01,0.09,0.04,1,0.13,1,0,1178,2024-05-17,0.80022,-0.00047,0.00000,-0.00213,0.01197,-0.00308
NVDA241220C00160000,NVDA,2024-12-20,160.00,call,682.65,771.35,765.35,40,777.35,40,0,11,2024-05-17,1.07339,0.99494,0.00002,-0.04748,0.10416,0.88418
NVDA241220P00160000,NVDA,2024-12-20,160.00,put,0.12,0.01,0.00,0,0.20,1,0,97,2024-05-17,0.66364,-0.00009,0.00000,-0.00038,0.00255,-0.00056
NVDA241220C00170000,NVDA,2024-12-20,170.00,call,725.82,761.73,755.75,40,767.70,40,0,12,2024-05-17,1.03437,0.99480,0.00002,-0.04856,0.10677,0.94116
NVDA241220P00170000,NVDA,2024-12-20,170.00,put,0.11,0.21,0.10,5,0.31,3,0,97,2024-05-17,0.81974,-0.00116,0.00001,-0.00501,0.02751,-0.00773
NVDA241220C00180000,NVDA,2024-12-20,180.00,call,727.42,752.08,746.10,40,758.05,40,0,67,2024-05-17,1.01485,0.99419,0.00002,-0.05199,0.11790,0.99439
NVDA241220P00180000,NVDA,2024-12-20,180.00,put,0.15,0.01,0.00,0,0.55,54,0,312,2024-05-17,0.60511,-0.00007,0.00000,-0.00027,0.00201,-0.00043
NVDA241220C00190000,NVDA,2024-12-20,190.00,call,677.79,742.42,736.45,40,748.40,40,0,53,2024-05-17,0.97583,0.99416,0.00002,-0.05247,0.11839,1.05230
NVDA241220P00190000,NVDA,2024-12-20,190.00,put,0.21,0.01,0.00,0,0.58,54,0,188,2024-05-17,0.58560,-0.00007,0.00000,-0.00027,0.00208,-0.00044
NVDA241220C00200000,NVDA,2024-12-20,200.00,call,751.86,732.42,730.00,11,734.85,40,0,74,2024-05-17,0.91729,0.99482,0.00002,-0.04990,0.10645,1.11542
NVDA241220P00200000,NVDA,2024-12-20,200.00,put,0.32,0.25,0.16,10,0.34,48,12,803,2024-05-17,0.74169,-0.00127,0.00001,-0.00490,0.02985,-0.00830
NVDA241220C00210000,NVDA,2024-12-20,210.00,call,748.93,722.40,719.45,40,725.35,40,0,197,2024-05-17,0.85876,0.99557,0.00002,-0.04725,0.09246,1.17901
NVDA241220P00210000,NVDA,2024-12-20,210.00,put,0.34,0.01,0.00,0,0.56,12,0,208,2024-05-17,0.56608,-0.00011,0.00000,-0.00040,0.00318,-0.00070
NVDA241220C00220000,NVDA,2024-12-20,220.00,call,719.88,712.85,709.95,40,715.75,40,1,59,2024-05-17,0.83925,0.99522,0.00002,-0.04946,0.09900,1.23430
NVDA241220P00220000,NVDA,2024-12-20,220.00,put,0.32,0.35,0.10,10,0.60,35,0,819,2024-05-17,0.72218,-0.00178,0.00001,-0.00649,0.04074,-0.01167
NVDA241220C00230000,NVDA,2024-12-20,230.00,call,723.61,703.88,697.90,40,709.85,40,0,40,2024-05-17,0.87827,0.99266,0.00003,-0.06059,0.14489,1.27315
NVDA241220P00230000,NVDA,2024-12-20,230.00,put,0.63,0.38,0.11,36,0.65,63,0,390,2024-05-17,0.72218,-0.00230,0.00001,-0.00816,0.05125,-0.01508
NVDA241220C00240000,NVDA,2024-12-20,240.00,call,707.95,694.23,688.20,40,700.25,40,0,46,2024-05-17,0.85876,0.99216,0.00004,-0.06300,0.15360,1.32744
NVDA241220P00240000,NVDA,2024-12-20,240.00,put,0.32,0.43,0.16,32,0.70,35,0,265,2024-05-17,0.70267,-0.00241,0.00001,-0.00827,0.05349,-0.01573
NVDA241220C00250000,NVDA,2024-12-20,250.00,call,570.00,684.30,681.85,11,686.75,5,0,84,2024-05-17,0.81974,0.99257,0.00004,-0.06177,0.14646,1.38862
NVDA241220P00250000,NVDA,2024-12-20,250.00,put,0.55,0.58,0.40,5,0.77,35,0,559,2024-05-17,0.70267,-0.00304,0.00002,-0.01019,0.06596,-0.01992
NVDA241220C00260000,NVDA,2024-12-20,260.00,call,647.50,675.08,669.15,40,681.00,40,0,36,2024-05-17,0.81974,0.99119,0.00004,-0.06740,0.17003,1.43646
NVDA241220P00260000,NVDA,2024-12-20,260.00,put,0.80,0.55,0.29,39,0.80,37,0,160,2024-05-17,0.68315,-0.00314,0.00002,-0.01021,0.06804,-0.02052
NVDA241220C00270000,NVDA,2024-12-20,270.00,call,673.19,664.75,662.10,40,667.40,40,1,50,2024-05-17,0.76120,0.99276,0.00004,-0.06210,0.14317,1.50603
NVDA241220P00270000,NVDA,2024-12-20,270.00,put,0.85,0.64,0.36,49,0.91,55,0,459,2024-05-17,0.68315,-0.00390,0.00002,-0.01237,0.08254,-0.02553
NVDA241220C00280000,NVDA,2024-12-20,280.00,call,585.23,654.90,651.25,40,658.55,64,0,54,2024-05-17,0.72218,0.99345,0.00004,-0.06034,0.13105,1.56892
NVDA241220P00280000,NVDA,2024-12-20,280.00,put,0.63,0.70,0.43,38,0.98,47,0,370,2024-05-17,0.66364,-0.00399,0.00002,-0.01226,0.08434,-0.02603
NVDA241220C00290000,NVDA,2024-12-20,290.00,call,676.58,646.12,641.75,24,650.50,40,0,58,2024-05-17,0.76120,0.98992,0.00005,-0.07290,0.19139,1.60144
NVDA241220P00290000,NVDA,2024-12-20,290.00,put,0.69,0.88,0.70,5,1.06,34,0,465,2024-05-17,0.66364,-0.00488,0.00003,-0.01465,0.10093,-0.03193
NVDA241220C00300000,NVDA,2024-12-20,300.00,call,627.28,636.35,633.95,18,638.75,5,0,268,2024-05-17,0.74169,0.98955,0.00005,-0.07444,0.19743,1.65691
NVDA241220P00300000,NVDA,2024-12-20,300.00,put,0.70,0.80,0.71,6,0.90,1,4,1785,2024-05-17,0.64413,-0.00496,0.00003,-0.01439,0.10231,-0.03225
NVDA241220C00310000,NVDA,2024-12-20,310.00,call,627.08,626.28,623.20,64,629.35,61,2,106,2024-05-17,0.70267,0.99053,0.00005,-0.07163,0.18120,1.72207
NVDA241220P00310000,NVDA,2024-12-20,310.00,put,1.10,0.98,0.71,51,1.25,65,0,299,2024-05-17,0.64413,-0.00599,0.00004,-0.01700,0.12103,-0.03909
NVDA241220C00320000,NVDA,2024-12-20,320.00,call,593.00,616.25,612.85,40,619.65,59,0,57,2024-05-17,0.66364,0.99162,0.00005,-0.06882,0.16288,1.78774
NVDA241220P00320000,NVDA,2024-12-20,320.00,put,0.89,1.16,0.95,1,1.36,58,0,771,2024-05-17,0.64413,-0.00716,0.00004,-0.01990,0.14183,-0.04692
NVDA241220C00330000,NVDA,2024-12-20,330.00,call,534.24,607.38,604.30,40,610.45,64,0,314,2024-05-17,0.68315,0.98869,0.00006,-0.07813,0.21154,1.82509
NVDA241220P00330000,NVDA,2024-12-20,330.00,put,1.08,1.21,0.94,53,1.48,65,0,252,2024-05-17,0.62462,-0.00722,0.00004,-0.01939,0.14276,-0.04700
NVDA241220C00340000,NVDA,2024-12-20,340.00,call,572.68,597.58,594.70,64,600.45,57,0,259,2024-05-17,0.66364,0.98849,0.00006,-0.07906,0.21473,1.88180
NVDA241220P00340000,NVDA,2024-12-20,340.00,put,1.21,1.35,1.07,57,1.62,60,0,652,2024-05-17,0.62462,-0.00856,0.00005,-0.02249,0.16582,-0.05590
NVDA241220C00350000,NVDA,2024-12-20,350.00,call,544.99,588.48,586.25,57,590.70,40,0,190,2024-05-17,0.66364,0.98667,0.00007,-0.08462,0.24385,1.92700
NVDA241220P00350000,NVDA,2024-12-20,350.00,put,1.24,1.49,1.21,56,1.77,64,1,1291,2024-05-17,0.60511,-0.00857,0.00005,-0.02178,0.16603,-0.05566
NVDA241220C00360000,NVDA,2024-12-20,360.00,call,605.00,578.62,575.70,40,581.55,58,0,148,2024-05-17,0.64413,0.98651,0.00008,-0.08531,0.24648,1.98402
NVDA241220P00360000,NVDA,2024-12-20,360.00,put,1.79,1.67,1.37,54,1.96,65,0,620,2024-05-17,0.60511,-0.01008,0.00006,-0.02507,0.19138,-0.06567
NVDA241220C00370000,NVDA,2024-12-20,370.00,call,516.84,568.78,565.85,64,571.70,53,0,106,2024-05-17,0.62462,0.98640,0.00008,-0.08586,0.24816,2.04144
NVDA241220P00370000,NVDA,2024-12-20,370.00,put,1.75,1.85,1.55,32,2.14,58,1,888,2024-05-17,0.60511,-0.01177,0.00007,-0.02864,0.21898,-0.07690
NVDA241220C00380000,NVDA,2024-12-20,380.00,call,551.30,560.50,556.60,64,564.40,40,0,65,2024-05-17,0.66364,0.98010,0.00010,-0.10303,0.34374,2.05461
NVDA241220P00380000,NVDA,2024-12-20,380.00,put,1.85,2.04,1.74,46,2.34,63,0,344,2024-05-17,0.58560,-0.01173,0.00007,-0.02760,0.21844,-0.07622
NVDA241220C00390000,NVDA,2024-12-20,390.00,call,528.55,551.08,547.50,65,554.65,65,0,116,2024-05-17,0.64413,0.97985,0.00011,-0.10343,0.34750,2.11131
NVDA241220P00390000,NVDA,2024-12-20,390.00,put,2.05,2.25,1.95,38,2.56,65,0,485,2024-05-17,0.58560,-0.01362,0.00008,-0.03134,0.24844,-0.08870
NVDA241220C00400000,NVDA,2024-12-20,400.00,call,551.07,541.17,538.90,17,543.45,47,7,673,2024-05-17,0.62462,0.97966,0.00011,-0.10367,0.35021,2.16851
NVDA241220P00400000,NVDA,2024-12-20,400.00,put,2.35,2.49,2.18,24,2.79,62,4,1126,2024-05-17,0.58560,-0.01569,0.00009,-0.03536,0.28074,-0.10255
NVDA241220C00410000,NVDA,2024-12-20,410.00,call,508.12,531.58,528.45,40,534.70,64,0,314,2024-05-17,0.60511,0.97955,0.00011,-0.10373,0.35179,2.22624
NVDA241220P00410000,NVDA,2024-12-20,410.00,put,2.61,2.77,2.50,34,3.05,56,0,281,2024-05-17,0.56608,-0.01560,0.00010,-0.03395,0.27935,-0.10132
NVDA241220C00420000,NVDA,2024-12-20,420.00,call,449.00,522.17,519.10,40,525.25,65,0,326,2024-05-17,0.60511,0.97687,0.00013,-0.11009,0.39045,2.26559
NVDA241220P00420000,NVDA,2024-12-20,420.00,put,2.85,2.91,2.67,29,3.15,18,21,478,2024-05-17,0.56608,-0.01790,0.00011,-0.03811,0.31416,-0.11656
NVDA241220C00430000,NVDA,2024-12-20,430.00,call,430.78,513.20,510.55,42,515.85,62,0,239,2024-05-17,0.60511,0.97396,0.00014,-0.11670,0.43119,2.30338
NVDA241220P00430000,NVDA,2024-12-20,430.00,put,3.15,3.33,3.00,25,3.65,63,1,245,2024-05-17,0.56608,-0.02041,0.00012,-0.04255,0.35129,-0.13332
NVDA241220C00440000,NVDA,2024-12-20,440.00,call,510.00,503.52,501.15,42,505.90,37,1,204,2024-05-17,0.58560,0.97387,0.00015,-0.11635,0.43244,2.36151
NVDA241220P00440000,NVDA,2024-12-20,440.00,put,3.59,3.65,3.30,57,4.00,70,0,947,2024-05-17,0.54657,-0.02026,0.00013,-0.04073,0.34903,-0.13145
NVDA241220C00450000,NVDA,2024-12-20,450.00,call,514.05,494.18,492.10,21,496.25,13,1,309,2024-05-17,0.58560,0.97070,0.00016,-0.12308,0.47571,2.39757
NVDA241220P00450000,NVDA,2024-12-20,450.00,put,4.00,3.98,3.70,54,4.25,16,5,1420,2024-05-17,0.54657,-0.02302,0.00014,-0.04528,0.38877,-0.14976
NVDA241220C00460000,NVDA,2024-12-20,460.00,call,496.48,485.07,481.75,62,488.40,38,1,407,2024-05-17,0.58560,0.96730,0.00017,-0.13003,0.52096,2.43195
NVDA241220P00460000,NVDA,2024-12-20,460.00,put,3.97,4.42,4.05,61,4.80,77,0,419,2024-05-17,0.54657,-0.02601,0.00016,-0.05009,0.43081,-0.16974
NVDA241220C00470000,NVDA,2024-12-20,470.00,call,485.12,476.20,473.40,37,479.00,31,2,205,2024-05-17,0.58560,0.96367,0.00019,-0.13719,0.56811,2.46462
NVDA241220P00470000,NVDA,2024-12-20,470.00,put,4.70,4.88,4.50,54,5.25,63,5,763,2024-05-17,0.54657,-0.02925,0.00017,-0.05513,0.47510,-0.19143
NVDA241220C00480000,NVDA,2024-12-20,480.00,call,473.10,467.05,464.10,43,470.00,32,0,418,2024-05-17,0.56608,0.96354,0.00020,-0.13629,0.56981,2.52299
NVDA241220P00480000,NVDA,2024-12-20,480.00,put,4.80,5.33,4.95,53,5.70,55,0,274,2024-05-17,0.52706,-0.02906,0.00018,-0.05274,0.47248,-0.18887
NVDA241220C00490000,NVDA,2024-12-20,490.00,call,457.28,457.12,454.25,33,460.00,37,0,212,2024-05-17,0.54657,0.96352,0.00021,-0.13521,0.57004,2.58213
NVDA241220P00490000,NVDA,2024-12-20,490.00,put,5.40,5.85,5.45,55,6.25,60,1,945,2024-05-17,0.52706,-0.03258,0.00019,-0.05787,0.51950,-0.21240
NVDA241220C00500000,NVDA,2024-12-20,500.00,call,450.79,448.83,446.10,15,451.55,23,3,998,2024-05-17,0.56608,0.95541,0.00023,-0.15094,0.67092,2.58254
NVDA241220P00500000,NVDA,2024-12-20,500.00,put,6.35,6.25,6.00,30,6.50,19,23,2194,2024-05-17,0.52706,-0.03638,0.00021,-0.06322,0.56867,-0.23779
NVDA241220C00505000,NVDA,2024-12-20,505.00,call,436.00,443.48,441.10,20,445.85,6,0,98,2024-05-17,0.54657,0.95742,0.00023,-0.14594,0.64641,2.62715
NVDA241220P00505000,NVDA,2024-12-20,505.00,put,7.50,6.70,6.25,60,7.15,71,0,483,2024-05-17,0.52706,-0.03837,0.00022,-0.06597,0.59403,-0.25119
NVDA241220C00510000,NVDA,2024-12-20,510.00,call,372.50,439.32,438.15,5,440.50,4,0,274,2024-05-17,0.54657,0.95526,0.00024,-0.14960,0.67277,2.64122
NVDA241220P00510000,NVDA,2024-12-20,510.00,put,6.60,7.00,6.55,31,7.45,41,12,285,2024-05-17,0.52706,-0.04043,0.00023,-0.06877,0.61989,-0.26508
NVDA241220C00515000,NVDA,2024-12-20,515.00,call,348.08,434.77,433.10,6,436.45,6,0,70,2024-05-17,0.54657,0.95303,0.00025,-0.15331,0.69956,2.65480
NVDA241220P00515000,NVDA,2024-12-20,515.00,put,7.25,7.32,7.10,5,7.55,23,3,511,2024-05-17,0.52706,-0.04257,0.00024,-0.07162,0.64624,-0.27946
NVDA241220C00520000,NVDA,2024-12-20,520.00,call,357.90,430.32,429.20,5,431.45,1,0,252,2024-05-17,0.54657,0.95074,0.00026,-0.15706,0.72675,2.66791
NVDA241220P00520000,NVDA,2024-12-20,520.00,put,7.35,7.72,7.30,44,8.15,62,1,2503,2024-05-17,0.52706,-0.04477,0.00025,-0.07451,0.67305,-0.29432
NVDA241220C00525000,NVDA,2024-12-20,525.00,call,406.40,425.77,424.10,5,427.45,4,0,102,2024-05-17,0.54657,0.94838,0.00027,-0.16084,0.75434,2.68054
NVDA241220P00525000,NVDA,2024-12-20,525.00,put,7.25,8.05,7.60,54,8.50,60,0,246,2024-05-17,0.52706,-0.04703,0.00026,-0.07744,0.70031,-0.30967
NVDA241220C00530000,NVDA,2024-12-20,530.00,call,422.12,421.35,420.20,5,422.50,1,1,246,2024-05-17,0.54657,0.94596,0.00028,-0.16466,0.78230,2.69268
NVDA241220P00530000,NVDA,2024-12-20,530.00,put,8.64,8.40,8.20,5,8.60,15,5,190,2024-05-17,0.50755,-0.04465,0.00026,-0.07138,0.67160,-0.29144
NVDA241220C00535000,NVDA,2024-12-20,535.00,call,356.10,416.88,415.20,6,418.55,4,0,62,2024-05-17,0.54657,0.94347,0.00029,-0.16851,0.81061,2.70434
NVDA241220P00535000,NVDA,2024-12-20,535.00,put,8.65,8.82,8.40,45,9.25,18,1,197,2024-05-17,0.50755,-0.04695,0.00027,-0.07425,0.69935,-0.30693
NVDA241220C00540000,NVDA,2024-12-20,540.00,call,405.10,412.43,411.25,1,413.60,1,0,253,2024-05-17,0.52706,0.94575,0.00029,-0.16287,0.78461,2.75154
NVDA241220P00540000,NVDA,2024-12-20,540.00,put,8.81,9.20,8.75,13,9.65,38,3,214,2024-05-17,0.50755,-0.04933,0.00028,-0.07715,0.72755,-0.32294
NVDA241220C00545000,NVDA,2024-12-20,545.00,call,382.95,408.02,406.90,6,409.15,1,0,277,2024-05-17,0.52706,0.94321,0.00030,-0.16666,0.81348,2.76298
NVDA241220P00545000,NVDA,2024-12-20,545.00,put,9.52,9.70,9.35,15,10.05,12,2,293,2024-05-17,0.50755,-0.05178,0.00029,-0.08010,0.75620,-0.33946
NVDA241220C00550000,NVDA,2024-12-20,550.00,call,416.76,403.68,402.85,2,404.50,1,3,538,2024-05-17,0.52706,0.94060,0.00031,-0.17048,0.84272,2.77392
NVDA241220P00550000,NVDA,2024-12-20,550.00,put,10.08,10.02,9.85,36,10.20,9,11,1059,2024-05-17,0.50755,-0.05430,0.00030,-0.08308,0.78526,-0.35650
NVDA241220C00555000,NVDA,2024-12-20,555.00,call,360.95,400.10,398.20,10,402.00,1,0,104,2024-05-17,0.54657,0.93287,0.00033,-0.18420,0.92704,2.74609
NVDA241220P00555000,NVDA,2024-12-20,555.00,put,10.05,10.35,9.95,55,10.75,2,2,242,2024-05-17,0.50755,-0.05690,0.00032,-0.08609,0.81473,-0.37407
NVDA241220C00560000,NVDA,2024-12-20,560.00,call,422.63,394.85,393.70,1,396.00,1,0,236,2024-05-17,0.52706,0.93518,0.00034,-0.17820,0.90218,2.79427
NVDA241220P00560000,NVDA,2024-12-20,560.00,put,11.24,10.98,10.30,16,11.65,17,7,374,2024-05-17,0.50755,-0.05956,0.00033,-0.08914,0.84457,-0.39217
NVDA241220C00565000,NVDA,2024-12-20,565.00,call,329.45,390.52,388.75,15,392.30,9,0,72,2024-05-17,0.52706,0.93237,0.00035,-0.18209,0.93236,2.80368
NVDA241220P00565000,NVDA,2024-12-20,565.00,put,10.40,11.30,10.80,18,11.80,37,0,115,2024-05-17,0.50755,-0.06230,0.00034,-0.09221,0.87478,-0.41079
NVDA241220C00570000,NVDA,2024-12-20,570.00,call,406.74,386.15,385.00,1,387.30,1,0,232,2024-05-17,0.52706,0.92949,0.00036,-0.18601,0.96282,2.81258
NVDA241220P00570000,NVDA,2024-12-20,570.00,put,12.50,11.80,11.40,36,12.20,17,2,274,2024-05-17,0.50755,-0.06511,0.00035,-0.09531,0.90532,-0.42994
NVDA241220C00575000,NVDA,2024-12-20,575.00,call,361.11,381.93,380.85,5,383.00,10,0,160,2024-05-17,0.52706,0.92654,0.00037,-0.18995,0.99353,2.82097
NVDA241220P00575000,NVDA,2024-12-20,575.00,put,12.90,12.40,12.00,42,12.80,12,5,169,2024-05-17,0.50755,-0.06799,0.00036,-0.09844,0.93618,-0.44963
NVDA241220C00580000,NVDA,2024-12-20,580.00,call,379.48,377.62,376.55,5,378.70,2,1,373,2024-05-17,0.52706,0.92352,0.00038,-0.19390,1.02448,2.82886
NVDA241220P00580000,NVDA,2024-12-20,580.00,put,11.65,12.85,12.40,11,13.30,7,0,606,2024-05-17,0.50755,-0.07095,0.00037,-0.10159,0.96734,-0.46984
NVDA241220C00585000,NVDA,2024-12-20,585.00,call,381.40,374.30,372.45,10,376.15,1,2,101,2024-05-17,0.52706,0.92044,0.00039,-0.19786,1.05565,2.83623
NVDA241220P00585000,NVDA,2024-12-20,585.00,put,12.84,13.80,13.20,14,14.40,24,1,303,2024-05-17,0.50755,-0.07397,0.00039,-0.10475,0.99877,-0.49059
NVDA241220C00590000,NVDA,2024-12-20,590.00,call,369.97,369.12,368.05,5,370.20,1,0,572,2024-05-17,0.52706,0.91730,0.00041,-0.20184,1.08700,2.84310
NVDA241220P00590000,NVDA,2024-12-20,590.00,put,13.85,14.07,13.70,28,14.45,17,2,584,2024-05-17,0.50755,-0.07706,0.00040,-0.10794,1.03046,-0.51186
NVDA241220C00595000,NVDA,2024-12-20,595.00,call,311.40,365.15,363.75,10,366.55,2,0,101,2024-05-17,0.52706,0.91408,0.00042,-0.20583,1.11852,2.84947
NVDA241220P00595000,NVDA,2024-12-20,595.00,put,14.70,14.88,14.60,5,15.15,17,2,185,2024-05-17,0.50755,-0.08023,0.00041,-0.11113,1.06237,-0.53367
NVDA241220C00600000,NVDA,2024-12-20,600.00,call,370.50,360.52,357.85,2,363.20,6,5,992,2024-05-17,0.50755,0.91654,0.00042,-0.19922,1.09448,2.89985
NVDA241220P00600000,NVDA,2024-12-20,600.00,put,15.33,15.55,15.25,5,15.85,6,15,1775,2024-05-17,0.50755,-0.08346,0.00042,-0.11434,1.09448,-0.55601
NVDA241220C00605000,NVDA,2024-12-20,605.00,call,322.80,356.52,355.45,10,357.60,6,0,472,2024-05-17,0.50755,0.91323,0.00044,-0.20315,1.12678,2.90578
NVDA241220P00605000,NVDA,2024-12-20,605.00,put,16.61,16.05,15.55,62,16.55,30,0,78,2024-05-17,0.50755,-0.08677,0.00044,-0.11756,1.12678,-0.57888
NVDA241220C00610000,NVDA,2024-12-20,610.00,call,376.10,352.27,351.15,1,353.40,1,0,193,2024-05-17,0.50755,0.90986,0.00045,-0.20708,1.15925,2.91118
NVDA241220P00610000,NVDA,2024-12-20,610.00,put,15.38,16.95,16.20,13,17.70,14,0,272,2024-05-17,0.50755,-0.09014,0.00045,-0.12078,1.15925,-0.60228
NVDA241220C00615000,NVDA,2024-12-20,615.00,call,334.90,348.60,347.10,10,350.10,4,0,90,2024-05-17,0.50755,0.90643,0.00046,-0.21101,1.19184,2.91606
NVDA241220P00615000,NVDA,2024-12-20,615.00,put,16.00,17.57,17.20,21,17.95,30,0,133,2024-05-17,0.48804,-0.08748,0.00046,-0.11326,1.13369,-0.57918
NVDA241220C00620000,NVDA,2024-12-20,620.00,call,372.93,344.10,343.00,5,345.20,1,0,442,2024-05-17,0.50755,0.90292,0.00047,-0.21494,1.22456,2.92042
NVDA241220P00620000,NVDA,2024-12-20,620.00,put,17.73,18.33,18.05,15,18.60,6,6,241,2024-05-17,0.48804,-0.09095,0.00047,-0.11642,1.16700,-0.60305
NVDA241220C00625000,NVDA,2024-12-20,625.00,call,326.96,339.98,338.85,1,341.10,1,0,257,2024-05-17,0.50755,0.89935,0.00049,-0.21887,1.25736,2.92425
NVDA241220P00625000,NVDA,2024-12-20,625.00,put,19.49,19.07,18.75,24,19.40,8,8,131,2024-05-17,0.48804,-0.09449,0.00048,-0.11958,1.20046,-0.62748
NVDA241220C00630000,NVDA,2024-12-20,630.00,call,316.45,335.93,334.80,1,337.05,1,0,191,2024-05-17,0.50755,0.89571,0.00050,-0.22280,1.29024,2.92757
NVDA241220P00630000,NVDA,2024-12-20,630.00,put,20.00,19.88,19.60,14,20.15,13,2,311,2024-05-17,0.48804,-0.09811,0.00050,-0.12274,1.23404,-0.65245
NVDA241220C00640000,NVDA,2024-12-20,640.00,call,353.85,327.88,326.90,1,328.85,1,0,186,2024-05-17,0.50755,0.88824,0.00053,-0.23063,1.35611,2.93266
NVDA241220P00640000,NVDA,2024-12-20,640.00,put,22.15,21.52,21.25,14,21.80,13,31,282,2024-05-17,0.48804,-0.10555,0.00052,-0.12906,1.30149,-0.70403
NVDA241220C00650000,NVDA,2024-12-20,650.00,call,320.00,320.00,318.05,1,321.95,1,2,2942,2024-05-17,0.50755,0.88053,0.00055,-0.23841,1.42199,2.93573
NVDA241220P00650000,NVDA,2024-12-20,650.00,put,23.10,23.32,22.90,8,23.75,5,26,2119,2024-05-17,0.48804,-0.11326,0.00055,-0.13535,1.36914,-0.75778
NVDA241220C00660000,NVDA,2024-12-20,660.00,call,289.20,312.15,311.20,1,313.10,1,0,633,2024-05-17,0.50755,0.87257,0.00058,-0.24612,1.48772,2.93680
NVDA241220P00660000,NVDA,2024-12-20,660.00,put,25.70,25.20,24.90,6,25.50,6,19,250,2024-05-17,0.48804,-0.12124,0.00058,-0.14159,1.43681,-0.81366
NVDA241220C00680000,NVDA,2024-12-20,680.00,call,318.00,296.85,296.10,1,297.60,1,0,687,2024-05-17,0.50755,0.85596,0.00063,-0.26126,1.61800,2.93311
NVDA241220P00680000,NVDA,2024-12-20,680.00,put,30.00,29.48,28.85,5,30.10,5,15,1073,2024-05-17,0.48804,-0.13798,0.00063,-0.15383,1.57146,-0.93167
NVDA241220C00700000,NVDA,2024-12-20,700.00,call,287.23,281.98,280.15,1,283.80,1,15,1553,2024-05-17,0.48804,0.84433,0.00069,-0.26466,1.70397,2.97409
NVDA241220P00700000,NVDA,2024-12-20,700.00,put,34.00,34.20,33.40,2,35.00,6,22,2108,2024-05-17,0.48804,-0.15567,0.00069,-0.16563,1.70397,-1.05775
NVDA241220C00710000,NVDA,2024-12-20,710.00,call,295.57,274.85,274.00,5,275.70,8,0,400,2024-05-17,0.48804,0.83515,0.00071,-0.27177,1.76900,2.96575
NVDA241220P00710000,NVDA,2024-12-20,710.00,put,36.07,36.40,36.05,6,36.75,5,2,232,2024-05-17,0.48804,-0.16485,0.00071,-0.17133,1.76900,-1.12369
NVDA241220C00720000,NVDA,2024-12-20,720.00,call,285.16,267.73,266.90,5,268.55,2,0,531,2024-05-17,0.48804,0.82576,0.00074,-0.27872,1.83299,2.95554
NVDA241220P00720000,NVDA,2024-12-20,720.00,put,40.11,39.00,38.65,6,39.35,10,1,544,2024-05-17,0.48804,-0.17424,0.00074,-0.17686,1.83299,-1.19149
NVDA241220C00730000,NVDA,2024-12-20,730.00,call,242.90,260.65,259.75,1,261.55,1,0,487,2024-05-17,0.48804,0.81618,0.00076,-0.28548,1.89581,2.94354
NVDA241220P00730000,NVDA,2024-12-20,730.00,put,40.00,41.75,41.30,5,42.20,5,5,164,2024-05-17,0.48804,-0.18382,0.00076,-0.18221,1.89581,-1.26109
NVDA241220C00740000,NVDA,2024-12-20,740.00,call,256.18,253.80,253.05,1,254.55,1,3,695,2024-05-17,0.48804,0.80641,0.00079,-0.29206,1.95730,2.92978
NVDA241220P00740000,NVDA,2024-12-20,740.00,put,44.70,44.62,44.15,5,45.10,5,2,238,2024-05-17,0.48804,-0.19359,0.00079,-0.18737,1.95730,-1.33245
NVDA241220C00750000,NVDA,2024-12-20,750.00,call,249.00,246.75,244.90,2,248.60,2,2,1474,2024-05-17,0.48804,0.79647,0.00081,-0.29843,2.01733,2.91435
NVDA241220P00750000,NVDA,2024-12-20,750.00,put,47.55,47.75,46.65,5,48.85,9,414,1380,2024-05-17,0.48804,-0.20353,0.00081,-0.19233,2.01733,-1.40548
NVDA241220C00760000,NVDA,2024-12-20,760.00,call,257.50,240.45,239.55,1,241.35,1,0,287,2024-05-17,0.48804,0.78637,0.00084,-0.30459,2.07578,2.89729
NVDA241220P00760000,NVDA,2024-12-20,760.00,put,51.17,50.75,50.35,5,51.15,4,5,337,2024-05-17,0.48804,-0.21363,0.00084,-0.19707,2.07578,-1.48013
NVDA241220C00770000,NVDA,2024-12-20,770.00,call,254.10,233.98,233.05,1,234.90,1,0,327,2024-05-17,0.48804,0.77612,0.00086,-0.31051,2.13253,2.87868
NVDA241220P00770000,NVDA,2024-12-20,770.00,put,51.49,54.00,53.60,11,54.40,9,4,194,2024-05-17,0.48804,-0.22388,0.00086,-0.20158,2.13253,-1.55634
NVDA241220C00775000,NVDA,2024-12-20,775.00,call,228.20,230.80,229.90,1,231.70,1,2,54,2024-05-17,0.48804,0.77094,0.00087,-0.31339,2.16024,2.86882
NVDA241220P00775000,NVDA,2024-12-20,775.00,put,50.75,55.67,55.25,11,56.10,9,0,430,2024-05-17,0.48804,-0.22906,0.00087,-0.20374,2.16024,-1.59500
NVDA241220C00780000,NVDA,2024-12-20,780.00,call,225.55,227.65,226.75,2,228.55,8,3,212,2024-05-17,0.48804,0.76573,0.00088,-0.31620,2.18749,2.85859
NVDA241220P00780000,NVDA,2024-12-20,780.00,put,56.02,57.42,57.00,5,57.85,4,4,452,2024-05-17,0.48804,-0.23427,0.00088,-0.20585,2.18749,-1.63403
NVDA241220C00785000,NVDA,2024-12-20,785.00,call,217.35,224.53,223.65,4,225.40,1,0,21,2024-05-17,0.48804,0.76049,0.00089,-0.31895,2.21426,2.84800
NVDA241220P00785000,NVDA,2024-12-20,785.00,put,53.30,59.15,58.70,11,59.60,9,0,16,2024-05-17,0.48804,-0.23951,0.00089,-0.20789,2.21426,-1.67341
NVDA241220C00790000,NVDA,2024-12-20,790.00,call,220.42,221.20,219.20,3,223.20,5,2,775,2024-05-17,0.48804,0.75522,0.00090,-0.32164,2.24055,2.83707
NVDA241220P00790000,NVDA,2024-12-20,790.00,put,58.99,60.95,60.50,5,61.40,4,4,698,2024-05-17,0.48804,-0.24478,0.00090,-0.20987,2.24055,-1.71314
NVDA241220C00795000,NVDA,2024-12-20,795.00,call,228.85,218.35,217.45,2,219.25,9,1,404,2024-05-17,0.48804,0.74992,0.00091,-0.32426,2.26634,2.82581
NVDA241220P00795000,NVDA,2024-12-20,795.00,put,57.69,62.75,62.30,10,63.20,9,0,14,2024-05-17,0.48804,-0.25008,0.00091,-0.21179,2.26634,-1.75321
NVDA241220C00800000,NVDA,2024-12-20,800.00,call,216.00,215.27,213.20,1,217.35,1,2,1647,2024-05-17,0.48804,0.74459,0.00092,-0.32682,2.29162,2.81421
NVDA241220P00800000,NVDA,2024-12-20,800.00,put,65.00,64.75,63.50,8,66.00,8,45,1015,2024-05-17,0.48804,-0.25541,0.00092,-0.21364,2.29162,-1.79360
NVDA241220C00805000,NVDA,2024-12-20,805.00,call,220.58,212.32,211.45,5,213.20,1,1,26,2024-05-17,0.48804,0.73924,0.00093,-0.32931,2.31639,2.80229
NVDA241220P00805000,NVDA,2024-12-20,805.00,put,60.51,66.45,66.00,10,66.90,9,0,30,2024-05-17,0.48804,-0.26076,0.00093,-0.21543,2.31639,-1.83432
NVDA241220C00810000,NVDA,2024-12-20,810.00,call,210.00,209.35,208.45,2,210.25,8,1,20,2024-05-17,0.48804,0.73387,0.00094,-0.33174,2.34064,2.79006
NVDA241220P00810000,NVDA,2024-12-20,810.00,put,61.72,68.40,67.95,10,68.85,9,0,50,2024-05-17,0.48804,-0.26613,0.00094,-0.21714,2.34064,-1.87535
NVDA241220C00815000,NVDA,2024-12-20,815.00,call,223.70,206.43,205.55,5,207.30,1,0,10,2024-05-17,0.48804,0.72847,0.00095,-0.33410,2.36435,2.77753
NVDA241220P00815000,NVDA,2024-12-20,815.00,put,66.00,70.35,69.90,5,70.80,8,0,111,2024-05-17,0.48804,-0.27153,0.00095,-0.21880,2.36435,-1.91668
NVDA241220C00820000,NVDA,2024-12-20,820.00,call,200.00,203.55,201.25,2,205.85,1,2,752,2024-05-17,0.48804,0.72306,0.00096,-0.33639,2.38752,2.76470
NVDA241220P00820000,NVDA,2024-12-20,820.00,put,70.36,72.32,71.85,10,72.80,8,3,472,2024-05-17,0.48804,-0.27694,0.00096,-0.22038,2.38752,-1.95831
NVDA241220C00825000,NVDA,2024-12-20,825.00,call,222.25,200.62,199.75,4,201.50,1,0,55,2024-05-17,0.48804,0.71762,0.00097,-0.33861,2.41015,2.75159
NVDA241220P00825000,NVDA,2024-12-20,825.00,put,71.75,74.32,73.85,10,74.80,8,21,70,2024-05-17,0.48804,-0.28238,0.00097,-0.22189,2.41015,-2.00022
NVDA241220C00830000,NVDA,2024-12-20,830.00,call,216.86,197.82,196.95,4,198.70,3,0,34,2024-05-17,0.48804,0.71217,0.00098,-0.34076,2.43222,2.73820
NVDA241220P00830000,NVDA,2024-12-20,830.00,put,69.10,76.38,75.90,10,76.85,8,0,30,2024-05-17,0.48804,-0.28783,0.00098,-0.22334,2.43222,-2.04241
NVDA241220C00835000,NVDA,2024-12-20,835.00,call,178.00,194.97,194.10,5,195.85,1,0,37,2024-05-17,0.48804,0.70670,0.00099,-0.34285,2.45373,2.72454
NVDA241220P00835000,NVDA,2024-12-20,835.00,put,76.36,78.47,78.00,10,78.95,8,6,31,2024-05-17,0.48804,-0.29330,0.00099,-0.22472,2.45373,-2.08487
NVDA241220C00840000,NVDA,2024-12-20,840.00,call,207.59,191.97,190.20,19,193.75,2,0,1165,2024-05-17,0.48804,0.70122,0.00100,-0.34486,2.47468,2.71062
NVDA241220P00840000,NVDA,2024-12-20,840.00,put,80.40,80.57,80.10,5,81.05,8,100,595,2024-05-17,0.48804,-0.29878,0.00100,-0.22602,2.47468,-2.12759
NVDA241220C00845000,NVDA,2024-12-20,845.00,call,200.00,189.47,188.60,4,190.35,1,0,7,2024-05-17,0.48804,0.69572,0.00101,-0.34680,2.49506,2.69645
NVDA241220P00845000,NVDA,2024-12-20,845.00,put,80.57,82.72,82.25,5,83.20,8,5,75,2024-05-17,0.48804,-0.30428,0.00101,-0.22726,2.49506,-2.17056
NVDA241220C00850000,NVDA,2024-12-20,850.00,call,205.94,186.70,186.00,1,187.40,1,0,90,2024-05-17,0.48804,0.69022,0.00101,-0.34868,2.51487,2.68203
NVDA241220P00850000,NVDA,2024-12-20,850.00,put,82.05,84.90,84.45,4,85.35,7,6,182,2024-05-17,0.48804,-0.30978,0.00101,-0.22842,2.51487,-2.21377
NVDA241220C00855000,NVDA,2024-12-20,855.00,call,177.65,184.07,183.20,5,184.95,1,0,60,2024-05-17,0.48804,0.68470,0.00102,-0.35048,2.53410,2.66738
NVDA241220P00855000,NVDA,2024-12-20,855.00,put,79.10,87.15,86.65,5,87.65,8,0,71,2024-05-17,0.48804,-0.31530,0.00102,-0.22952,2.53410,-2.25722
NVDA241220C00860000,NVDA,2024-12-20,860.00,call,199.90,181.70,179.60,5,183.80,5,0,946,2024-05-17,0.48804,0.67917,0.00103,-0.35221,2.55274,2.65250
NVDA241220P00860000,NVDA,2024-12-20,860.00,put,86.90,89.35,88.85,10,89.85,8,10,471,2024-05-17,0.48804,-0.32083,0.00103,-0.23054,2.55274,-2.30090
NVDA241220C00865000,NVDA,2024-12-20,865.00,call,190.00,178.78,177.90,4,179.65,1,0,34,2024-05-17,0.48804,0.67364,0.00104,-0.35387,2.57080,2.63740
NVDA241220P00865000,NVDA,2024-12-20,865.00,put,83.80,91.65,91.15,5,92.15,8,0,31,2024-05-17,0.48804,-0.32636,0.00104,-0.23150,2.57080,-2.34480
NVDA241220C00870000,NVDA,2024-12-20,870.00,call,197.27,176.18,175.30,4,177.05,1,0,32,2024-05-17,0.48804,0.66809,0.00104,-0.35546,2.58828,2.62209
NVDA241220P00870000,NVDA,2024-12-20,870.00,put,94.15,93.95,93.45,4,94.45,8,12,36,2024-05-17,0.48804,-0.33191,0.00104,-0.23238,2.58828,-2.38890
NVDA241220C00875000,NVDA,2024-12-20,875.00,call,176.00,173.62,172.75,5,174.50,1,3,74,2024-05-17,0.48804,0.66255,0.00105,-0.35698,2.60517,2.60658
NVDA241220P00875000,NVDA,2024-12-20,875.00,put,93.20,96.28,95.75,9,96.80,8,13,42,2024-05-17,0.48804,-0.33745,0.00105,-0.23319,2.60517,-2.43321
NVDA241220C00880000,NVDA,2024-12-20,880.00,call,172.82,171.18,168.85,5,173.50,7,2,764,2024-05-17,0.48804,0.65700,0.00106,-0.35842,2.62147,2.59088
NVDA241220P00880000,NVDA,2024-12-20,880.00,put,91.50,98.68,98.15,4,99.20,4,0,399,2024-05-17,0.48804,-0.34300,0.00106,-0.23393,2.62147,-2.47772
NVDA241220C00885000,NVDA,2024-12-20,885.00,call,173.79,168.55,167.80,2,169.30,1,1,10,2024-05-17,0.48804,0.65145,0.00106,-0.35980,2.63717,2.57499
NVDA241220P00885000,NVDA,2024-12-20,885.00,put,97.53,101.07,100.55,4,101.60,4,1,7,2024-05-17,0.48804,-0.34855,0.00106,-0.23460,2.63717,-2.52240
NVDA241220C00890000,NVDA,2024-12-20,890.00,call,186.85,166.05,165.25,2,166.85,1,0,32,2024-05-17,0.48804,0.64589,0.00107,-0.36111,2.65229,2.55892
NVDA241220P00890000,NVDA,2024-12-20,890.00,put,99.70,103.50,102.95,9,104.05,8,1,25,2024-05-17,0.48804,-0.35411,0.00107,-0.23519,2.65229,-2.56727
NVDA241220C00895000,NVDA,2024-12-20,895.00,call,183.10,163.65,162.80,5,164.50,5,0,27,2024-05-17,0.48804,0.64034,0.00107,-0.36234,2.66681,2.54268
NVDA241220P00895000,NVDA,2024-12-20,895.00,put,97.65,105.97,105.45,4,106.50,8,0,40,2024-05-17,0.48804,-0.35966,0.00107,-0.23572,2.66681,-2.61231
NVDA241220C00900000,NVDA,2024-12-20,900.00,call,162.55,161.18,160.70,3,161.65,3,50,1551,2024-05-17,0.48804,0.63479,0.00108,-0.36350,2.68074,2.52628
NVDA241220P00900000,NVDA,2024-12-20,900.00,put,107.70,108.47,107.95,4,109.00,3,130,465,2024-05-17,0.48804,-0.36521,0.00108,-0.23618,2.68074,-2.65751
NVDA241220C00905000,NVDA,2024-12-20,905.00,call,170.85,158.88,158.40,7,159.35,6,0,21,2024-05-17,0.48804,0.62924,0.00109,-0.36460,2.69409,2.50972
NVDA241220P00905000,NVDA,2024-12-20,905.00,put,107.60,111.00,110.45,9,111.55,7,2,5,2024-05-17,0.48804,-0.37076,0.00109,-0.23656,2.69409,-2.70287
NVDA241220C00910000,NVDA,2024-12-20,910.00,call,160.95,156.50,156.00,7,157.00,6,1,53,2024-05-17,0.48804,0.62370,0.00109,-0.36562,2.70684,2.49302
NVDA241220P00910000,NVDA,2024-12-20,910.00,put,110.88,113.58,113.00,4,114.15,3,15,37,2024-05-17,0.48804,-0.37630,0.00109,-0.23688,2.70684,-2.74837
NVDA241220C00915000,NVDA,2024-12-20,915.00,call,167.93,154.18,153.70,7,154.65,6,0,27,2024-05-17,0.48804,0.61816,0.00110,-0.36657,2.71900,2.47617
NVDA241220P00915000,NVDA,2024-12-20,915.00,put,109.90,116.15,115.60,4,116.70,7,2,45,2024-05-17,0.48804,-0.38184,0.00110,-0.23713,2.71900,-2.79402
NVDA241220C00920000,NVDA,2024-12-20,920.00,call,151.00,151.82,151.30,7,152.35,6,22,350,2024-05-17,0.48804,0.61262,0.00110,-0.36746,2.73058,2.45919
NVDA241220P00920000,NVDA,2024-12-20,920.00,put,118.25,118.78,118.20,4,119.35,3,345,149,2024-05-17,0.48804,-0.38738,0.00110,-0.23730,2.73058,-2.83979
NVDA241220C00925000,NVDA,2024-12-20,925.00,call,150.75,149.60,149.10,7,150.10,6,5,17,2024-05-17,0.48804,0.60710,0.00110,-0.36828,2.74157,2.44209
NVDA241220P00925000,NVDA,2024-12-20,925.00,put,111.95,121.42,120.85,9,122.00,7,0,80,2024-05-17,0.48804,-0.39290,0.00110,-0.23741,2.74157,-2.88570
NVDA241220C00930000,NVDA,2024-12-20,930.00,call,145.85,147.38,146.90,8,147.85,7,10,325,2024-05-17,0.48804,0.60158,0.00111,-0.36902,2.75199,2.42486
NVDA241220P00930000,NVDA,2024-12-20,930.00,put,125.00,124.12,123.55,4,124.70,3,104,470,2024-05-17,0.48804,-0.39842,0.00111,-0.23745,2.75199,-2.93172
NVDA241220C00935000,NVDA,2024-12-20,935.00,call,146.14,145.15,144.65,8,145.65,7,24,23,2024-05-17,0.48804,0.59607,0.00111,-0.36970,2.76182,2.40753
NVDA241220P00935000,NVDA,2024-12-20,935.00,put,119.07,126.83,126.25,4,127.40,7,0,62,2024-05-17,0.48804,-0.40393,0.00111,-0.23743,2.76182,-2.97785
NVDA241220C00940000,NVDA,2024-12-20,940.00,call,145.03,142.93,142.40,4,143.45,3,19,487,2024-05-17,0.48804,0.59057,0.00112,-0.37032,2.77108,2.39009
NVDA241220P00940000,NVDA,2024-12-20,940.00,put,129.40,129.55,128.95,5,130.15,7,23,227,2024-05-17,0.48804,-0.40943,0.00112,-0.23733,2.77108,-3.02409
NVDA241220C00945000,NVDA,2024-12-20,945.00,call,141.20,140.80,140.30,8,141.30,5,42,14,2024-05-17,0.48804,0.58508,0.00112,-0.37086,2.77976,2.37256
NVDA241220P00945000,NVDA,2024-12-20,945.00,put,132.51,132.35,131.75,4,132.95,3,2,8,2024-05-17,0.48804,-0.41492,0.00112,-0.23717,2.77976,-3.07043
NVDA241220C00950000,NVDA,2024-12-20,950.00,call,140.00,138.70,138.25,7,139.15,2,214,792,2024-05-17,0.48804,0.57961,0.00112,-0.37134,2.78788,2.35493
NVDA241220P00950000,NVDA,2024-12-20,950.00,put,135.41,134.93,133.45,4,136.40,5,2,900,2024-05-17,0.48804,-0.42039,0.00112,-0.23694,2.78788,-3.11685
NVDA241220C00955000,NVDA,2024-12-20,955.00,call,138.28,136.57,136.10,8,137.05,5,4,13,2024-05-17,0.48804,0.57415,0.00113,-0.37176,2.79543,2.33722
NVDA241220P00955000,NVDA,2024-12-20,955.00,put,127.00,138.22,137.25,5,139.20,34,0,6,2024-05-17,0.48804,-0.42585,0.00113,-0.23665,2.79543,-3.16336
NVDA241220C00960000,NVDA,2024-12-20,960.00,call,135.50,134.47,134.00,4,134.95,3,16,292,2024-05-17,0.48804,0.56870,0.00113,-0.37210,2.80242,2.31942
NVDA241220P00960000,NVDA,2024-12-20,960.00,put,140.60,140.82,139.60,26,142.05,40,14,142,2024-05-17,0.48804,-0.43130,0.00113,-0.23629,2.80242,-3.20995
NVDA241220C00965000,NVDA,2024-12-20,965.00,call,132.60,132.43,131.95,8,132.90,3,2,11,2024-05-17,0.48804,0.56327,0.00113,-0.37239,2.80885,2.30156
NVDA241220P00965000,NVDA,2024-12-20,965.00,put,134.32,143.82,142.70,42,144.95,33,0,2,2024-05-17,0.48804,-0.43673,0.00113,-0.23587,2.80885,-3.25661
NVDA241220C00970000,NVDA,2024-12-20,970.00,call,134.40,130.43,129.95,8,130.90,7,6,292,2024-05-17,0.48804,0.55785,0.00113,-0.37261,2.81474,2.28364
NVDA241220P00970000,NVDA,2024-12-20,970.00,put,150.10,146.78,145.65,39,147.90,42,0,253,2024-05-17,0.48804,-0.44215,0.00113,-0.23538,2.81474,-3.30334
NVDA241220C00975000,NVDA,2024-12-20,975.00,call,129.13,128.43,127.95,4,128.90,3,3,20,2024-05-17,0.48804,0.55245,0.00114,-0.37277,2.82008,2.26565
NVDA241220P00975000,NVDA,2024-12-20,975.00,put,146.01,149.75,148.65,42,150.85,1,1,11,2024-05-17,0.48804,-0.44755,0.00114,-0.23483,2.82008,-3.35012
NVDA241220C00980000,NVDA,2024-12-20,980.00,call,126.28,126.45,125.95,4,126.95,3,3,418,2024-05-17,0.48804,0.54707,0.00114,-0.37287,2.82488,2.24761
NVDA241220P00980000,NVDA,2024-12-20,980.00,put,143.40,152.75,151.65,28,153.85,2,0,272,2024-05-17,0.48804,-0.45293,0.00114,-0.23422,2.82488,-3.39696
NVDA241220C00990000,NVDA,2024-12-20,990.00,call,122.70,122.60,122.10,4,123.10,3,2,374,2024-05-17,0.48804,0.53637,0.00114,-0.37288,2.83287,2.21139
NVDA241220P00990000,NVDA,2024-12-20,990.00,put,148.20,158.88,157.85,5,159.90,28,0,160,2024-05-17,0.48804,-0.46363,0.00114,-0.23282,2.83287,-3.49078
NVDA241220C01000000,NVDA,2024-12-20,1000.00,call,120.30,118.82,118.35,3,119.30,3,296,3581,2024-05-17,0.48804,0.52575,0.00114,-0.37265,2.83878,2.17503
NVDA241220P01000000,NVDA,2024-12-20,1000.00,put,163.92,164.95,163.85,41,166.05,26,15,606,2024-05-17,0.48804,-0.47425,0.00114,-0.23117,2.83878,-3.58473
NVDA241220C01010000,NVDA,2024-12-20,1010.00,call,121.45,115.18,114.70,4,115.65,3,2,221,2024-05-17,0.48804,0.51521,0.00115,-0.37218,2.84263,2.13857
NVDA241220P01010000,NVDA,2024-12-20,1010.00,put,178.15,171.27,170.20,25,172.35,26,0,360,2024-05-17,0.48804,-0.48479,0.00115,-0.22930,2.84263,-3.67879
NVDA241220C01020000,NVDA,2024-12-20,1020.00,call,109.95,111.62,111.15,4,112.10,3,32,334,2024-05-17,0.48804,0.50477,0.00115,-0.37150,2.84450,2.10206
NVDA241220P01020000,NVDA,2024-12-20,1020.00,put,177.75,177.68,176.30,34,179.05,22,17,271,2024-05-17,0.48804,-0.49523,0.00115,-0.22720,2.84450,-3.77291
NVDA241220C01030000,NVDA,2024-12-20,1030.00,call,109.50,108.18,107.70,4,108.65,3,36,160,2024-05-17,0.48804,0.49443,0.00115,-0.37059,2.84442,2.06552
NVDA241220P01030000,NVDA,2024-12-20,1030.00,put,186.10,184.00,182.90,21,185.10,22,2,327,2024-05-17,0.48804,-0.50557,0.00115,-0.22488,2.84442,-3.86704
NVDA241220C01040000,NVDA,2024-12-20,1040.00,call,112.50,104.82,104.35,8,105.30,7,2,153,2024-05-17,0.48804,0.48419,0.00115,-0.36947,2.84247,2.02901
NVDA241220P01040000,NVDA,2024-12-20,1040.00,put,210.10,190.60,189.45,29,191.75,30,0,462,2024-05-17,0.48804,-0.51581,0.00115,-0.22234,2.84247,-3.96115
NVDA241220C01050000,NVDA,2024-12-20,1050.00,call,100.04,101.58,101.15,7,102.00,3,29,592,2024-05-17,0.48804,0.47406,0.00114,-0.36815,2.83868,1.99255
NVDA241220P01050000,NVDA,2024-12-20,1050.00,put,183.30,198.95,195.00,7,202.90,21,0,848,2024-05-17,0.50755,-0.51907,0.00110,-0.23281,2.84145,-4.05036
NVDA241220C01060000,NVDA,2024-12-20,1060.00,call,108.35,98.38,97.90,4,98.85,3,0,125,2024-05-17,0.48804,0.46404,0.00114,-0.36664,2.83313,1.95618
NVDA241220P01060000,NVDA,2024-12-20,1060.00,put,232.25,204.30,202.90,21,205.70,10,0,303,2024-05-17,0.48804,-0.53596,0.00114,-0.21668,2.83313,-4.14918
NVDA241220C01070000,NVDA,2024-12-20,1070.00,call,93.40,95.28,94.80,4,95.75,3,4,136,2024-05-17,0.48804,0.45414,0.00114,-0.36493,2.82588,1.91993
NVDA241220P01070000,NVDA,2024-12-20,1070.00,put,200.92,211.15,209.70,27,212.60,10,0,111,2024-05-17,0.48804,-0.54586,0.00114,-0.21356,2.82588,-4.24302
NVDA241220C01080000,NVDA,2024-12-20,1080.00,call,91.75,92.28,91.80,4,92.75,3,54,503,2024-05-17,0.48804,0.44435,0.00114,-0.36304,2.81698,1.88385
NVDA241220P01080000,NVDA,2024-12-20,1080.00,put,238.60,218.02,216.45,20,219.60,10,0,242,2024-05-17,0.48804,-0.55565,0.00114,-0.21025,2.81698,-4.33670
NVDA241220C01090000,NVDA,2024-12-20,1090.00,call,90.00,89.40,88.95,8,89.85,3,2,93,2024-05-17,0.48804,0.43469,0.00113,-0.36098,2.80650,1.84794
NVDA241220P01090000,NVDA,2024-12-20,1090.00,put,252.55,224.97,223.25,10,226.70,10,0,90,2024-05-17,0.48804,-0.56531,0.00113,-0.20678,2.80650,-4.43021
NVDA241220C01100000,NVDA,2024-12-20,1100.00,call,86.40,86.55,86.10,8,87.00,6,260,990,2024-05-17,0.48804,0.42516,0.00113,-0.35876,2.79450,1.81225
NVDA241220P01100000,NVDA,2024-12-20,1100.00,put,220.76,232.12,230.55,4,233.70,10,0,215,2024-05-17,0.50755,-0.56619,0.00109,-0.21735,2.80545,-4.50846
NVDA241220C01110000,NVDA,2024-12-20,1110.00,call,96.65,83.80,83.35,4,84.25,3,0,217,2024-05-17,0.48804,0.41576,0.00112,-0.35637,2.78104,1.77679
NVDA241220P01110000,NVDA,2024-12-20,1110.00,put,269.25,239.75,237.65,33,241.85,11,0,91,2024-05-17,0.50755,-0.57527,0.00108,-0.21376,2.79391,-4.59960
NVDA241220C01120000,NVDA,2024-12-20,1120.00,call,89.55,81.15,80.70,9,81.60,7,0,123,2024-05-17,0.48804,0.40649,0.00111,-0.35384,2.76619,1.74159
NVDA241220P01120000,NVDA,2024-12-20,1120.00,put,247.40,247.23,244.90,19,249.55,12,2,124,2024-05-17,0.50755,-0.58423,0.00108,-0.21003,2.78105,-4.69051
NVDA241220C01130000,NVDA,2024-12-20,1130.00,call,82.50,78.55,78.10,9,79.00,7,4,108,2024-05-17,0.48804,0.39735,0.00111,-0.35116,2.75001,1.70668
NVDA241220P01130000,NVDA,2024-12-20,1130.00,put,255.05,254.60,251.30,45,257.90,18,2,70,2024-05-17,0.50755,-0.59307,0.00107,-0.20615,2.76693,-4.78119
NVDA241220C01140000,NVDA,2024-12-20,1140.00,call,85.40,76.05,75.60,9,76.50,7,0,101,2024-05-17,0.48804,0.38835,0.00110,-0.34835,2.73256,1.67208
NVDA241220P01140000,NVDA,2024-12-20,1140.00,put,285.55,262.25,260.15,6,264.35,15,0,274,2024-05-17,0.50755,-0.60178,0.00107,-0.20213,2.75161,-4.87162
NVDA241220C01150000,NVDA,2024-12-20,1150.00,call,76.00,73.60,73.20,8,74.00,3,4,355,2024-05-17,0.48804,0.37949,0.00109,-0.34541,2.71390,1.63779
NVDA241220P01150000,NVDA,2024-12-20,1150.00,put,366.00,269.60,267.40,30,271.80,28,0,96,2024-05-17,0.50755,-0.61037,0.00106,-0.19799,2.73513,-4.96177
NVDA241220C01160000,NVDA,2024-12-20,1160.00,call,76.64,71.25,70.80,9,71.70,3,1,282,2024-05-17,0.48804,0.37076,0.00109,-0.34235,2.69409,1.60385
NVDA241220P01160000,NVDA,2024-12-20,1160.00,put,296.06,277.23,273.75,44,280.70,20,0,71,2024-05-17,0.50755,-0.61883,0.00105,-0.19373,2.71756,-5.05162
NVDA241220C01170000,NVDA,2024-12-20,1170.00,call,78.25,68.95,68.50,9,69.40,7,0,49,2024-05-17,0.48804,0.36218,0.00108,-0.33917,2.67320,1.57027
NVDA241220P01170000,NVDA,2024-12-20,1170.00,put,444.49,284.98,281.45,68,288.50,27,0,44,2024-05-17,0.50755,-0.62716,0.00105,-0.18935,2.69894,-5.14117
NVDA241220C01180000,NVDA,2024-12-20,1180.00,call,70.30,66.70,66.25,4,67.15,3,5,71,2024-05-17,0.48804,0.35373,0.00107,-0.33589,2.65129,1.53707
NVDA241220P01180000,NVDA,2024-12-20,1180.00,put,391.69,292.95,289.55,44,296.35,8,0,17,2024-05-17,0.50755,-0.63536,0.00104,-0.18487,2.67934,-5.23040
NVDA241220C01190000,NVDA,2024-12-20,1190.00,call,65.20,64.55,64.10,4,65.00,5,2,75,2024-05-17,0.48804,0.34543,0.00106,-0.33251,2.62841,1.50425
NVDA241220P01190000,NVDA,2024-12-20,1190.00,put,343.35,300.80,297.20,45,304.40,22,0,45,2024-05-17,0.50755,-0.64343,0.00103,-0.18028,2.65880,-5.31930
NVDA241220C01200000,NVDA,2024-12-20,1200.00,call,62.90,62.45,62.05,4,62.85,5,78,3266,2024-05-17,0.48804,0.33727,0.00105,-0.32904,2.60462,1.47184
NVDA241220P01200000,NVDA,2024-12-20,1200.00,put,297.69,308.85,306.65,24,311.05,6,0,170,2024-05-17,0.50755,-0.65137,0.00102,-0.17560,2.63738,-5.40784
NVDA241220C01210000,NVDA,2024-12-20,1210.00,call,67.55,60.45,60.00,4,60.90,3,0,96,2024-05-17,0.48804,0.32925,0.00104,-0.32549,2.57998,1.43984
NVDA241220P01210000,NVDA,2024-12-20,1210.00,put,371.73,317.05,313.60,41,320.50,32,0,50,2024-05-17,0.50755,-0.65918,0.00101,-0.17084,2.61512,-5.49603
NVDA241220C01220000,NVDA,2024-12-20,1220.00,call,65.28,58.50,58.05,9,58.95,7,0,96,2024-05-17,0.48804,0.32138,0.00103,-0.32185,2.55455,1.40826
NVDA241220P01220000,NVDA,2024-12-20,1220.00,put,379.84,324.85,321.45,22,328.25,32,0,4,2024-05-17,0.50755,-0.66686,0.00100,-0.16598,2.59208,-5.58385
NVDA241220C01230000,NVDA,2024-12-20,1230.00,call,50.74,56.60,56.15,4,57.05,3,0,58,2024-05-17,0.48804,0.31364,0.00102,-0.31814,2.52838,1.37712
NVDA241220P01230000,NVDA,2024-12-20,1230.00,put,361.05,334.27,331.65,2,336.90,32,0,11,2024-05-17,0.52706,-0.66299,0.00097,-0.17773,2.60386,-5.63846
NVDA241220C01240000,NVDA,2024-12-20,1240.00,call,62.30,54.78,54.35,9,55.20,8,0,66,2024-05-17,0.48804,0.30605,0.00101,-0.31437,2.50152,1.34642
NVDA241220P01240000,NVDA,2024-12-20,1240.00,put,327.93,342.48,339.90,1,345.05,34,0,5,2024-05-17,0.52706,-0.67023,0.00096,-0.17292,2.58162,-5.72430
NVDA241220C01250000,NVDA,2024-12-20,1250.00,call,56.59,53.00,52.60,8,53.40,7,5,295,2024-05-17,0.48804,0.29861,0.00100,-0.31053,2.47403,1.31617
NVDA241220P01250000,NVDA,2024-12-20,1250.00,put,410.10,350.23,348.10,37,352.35,5,0,11,2024-05-17,0.52706,-0.67735,0.00095,-0.16804,2.55874,-5.80979
NVDA241220C01260000,NVDA,2024-12-20,1260.00,call,57.60,51.28,50.85,9,51.70,5,0,93,2024-05-17,0.48804,0.29130,0.00099,-0.30665,2.44595,1.28637
NVDA241220P01260000,NVDA,2024-12-20,1260.00,put,449.07,359.35,356.65,2,362.05,14,0,2,2024-05-17,0.52706,-0.68436,0.00095,-0.16310,2.53526,-5.89493
NVDA241220C01270000,NVDA,2024-12-20,1270.00,call,52.20,49.62,49.20,9,50.05,8,1,56,2024-05-17,0.48804,0.28414,0.00097,-0.30271,2.41734,1.25703
NVDA241220P01270000,NVDA,2024-12-20,1270.00,put,433.55,367.83,365.10,28,370.55,37,0,12,2024-05-17,0.52706,-0.69124,0.00094,-0.15809,2.51123,-5.97971
NVDA241220C01280000,NVDA,2024-12-20,1280.00,call,54.13,48.03,47.60,4,48.45,4,0,81,2024-05-17,0.48804,0.27711,0.00096,-0.29873,2.38824,1.22816
NVDA241220P01280000,NVDA,2024-12-20,1280.00,put,445.70,375.65,372.15,40,379.15,24,0,4,2024-05-17,0.52706,-0.69801,0.00093,-0.15304,2.48668,-6.06413
NVDA241220C01290000,NVDA,2024-12-20,1290.00,call,46.92,46.47,46.05,4,46.90,4,1,54,2024-05-17,0.48804,0.27023,0.00095,-0.29471,2.35871,1.19976
NVDA241220P01290000,NVDA,2024-12-20,1290.00,put,427.40,385.23,382.60,25,387.85,11,0,15,2024-05-17,0.54657,-0.69282,0.00090,-0.16543,2.50560,-6.11193
NVDA241220C01300000,NVDA,2024-12-20,1300.00,call,45.00,44.98,44.60,4,45.35,3,34,665,2024-05-17,0.48804,0.26348,0.00094,-0.29066,2.32877,1.17184
NVDA241220P01300000,NVDA,2024-12-20,1300.00,put,391.93,392.98,390.70,33,395.25,6,100,80,2024-05-17,0.54657,-0.69922,0.00089,-0.16044,2.48215,-6.19468
NVDA241220C01320000,NVDA,2024-12-20,1320.00,call,42.10,42.12,41.70,4,42.55,4,2,104,2024-05-17,0.48804,0.25041,0.00091,-0.28247,2.26789,1.11740
NVDA241220P01320000,NVDA,2024-12-20,1320.00,put,457.15,411.30,408.75,2,413.85,29,0,2,2024-05-17,0.54657,-0.71171,0.00088,-0.15034,2.43404,-6.35918
NVDA241220C01340000,NVDA,2024-12-20,1340.00,call,35.60,39.45,39.05,4,39.85,4,0,104,2024-05-17,0.48804,0.23787,0.00089,-0.27421,2.20593,1.06488
NVDA241220P01340000,NVDA,2024-12-20,1340.00,put,460.55,429.12,426.60,1,431.65,33,0,31,2024-05-17,0.54657,-0.72377,0.00086,-0.14010,2.38451,-6.52232
NVDA241220C01360000,NVDA,2024-12-20,1360.00,call,45.00,36.98,36.50,7,37.45,12,0,71,2024-05-17,0.48804,0.22586,0.00086,-0.26592,2.14319,1.01426
NVDA241220P01360000,NVDA,2024-12-20,1360.00,put,438.80,447.35,443.95,24,450.75,28,2,22,2024-05-17,0.56608,-0.72333,0.00083,-0.14805,2.38638,-6.64510
NVDA241220C01380000,NVDA,2024-12-20,1380.00,call,36.79,34.67,34.20,23,35.15,10,5,85,2024-05-17,0.48804,0.21437,0.00084,-0.25761,2.07996,0.96555
NVDA241220P01380000,NVDA,2024-12-20,1380.00,put,518.31,465.40,462.45,19,468.35,28,0,7,2024-05-17,0.56608,-0.73441,0.00081,-0.13786,2.33822,-6.80420
NVDA241220C01400000,NVDA,2024-12-20,1400.00,call,33.15,32.55,32.10,4,33.00,4,25,1155,2024-05-17,0.48804,0.20339,0.00081,-0.24932,2.01649,0.91871
NVDA241220P01400000,NVDA,2024-12-20,1400.00,put,494.87,483.05,480.75,35,485.35,5,0,53,2024-05-17,0.56608,-0.74511,0.00080,-0.12759,2.28920,-6.96205
NVDA241220C01410000,NVDA,2024-12-20,1410.00,call,36.25,31.50,31.05,12,31.95,9,0,162,2024-05-17,0.48804,0.19808,0.00080,-0.24519,1.98474,0.89599
NVDA241220P01410000,NVDA,2024-12-20,1410.00,put,566.00,493.23,489.95,25,496.50,28,0,4,2024-05-17,0.58560,-0.73832,0.00078,-0.14115,2.32059,-7.00117
NVDA241220C01420000,NVDA,2024-12-20,1420.00,call,35.35,30.50,30.05,7,30.95,11,0,149,2024-05-17,0.48804,0.19290,0.00079,-0.24108,1.95302,0.87373
NVDA241220P01420000,NVDA,2024-12-20,1420.00,put,538.17,501.75,499.30,30,504.20,6,0,0,2024-05-17,0.58560,-0.74339,0.00077,-0.13610,2.29725,-7.07879
NVDA241220C01430000,NVDA,2024-12-20,1430.00,call,28.65,29.50,29.15,14,29.85,2,0,48,2024-05-17,0.48804,0.18783,0.00077,-0.23698,1.92135,0.85193
NVDA241220P01430000,NVDA,2024-12-20,1430.00,put,581.58,510.90,508.25,44,513.55,6,0,0,2024-05-17,0.58560,-0.74837,0.00076,-0.13103,2.27375,-7.15612
NVDA241220C01440000,NVDA,2024-12-20,1440.00,call,32.00,28.65,28.20,8,29.10,16,1,160,2024-05-17,0.48804,0.18288,0.00076,-0.23291,1.88976,0.83059
NVDA241220P01440000,NVDA,2024-12-20,1440.00,put,568.91,521.08,519.05,9,523.10,6,0,0,2024-05-17,0.58560,-0.75327,0.00076,-0.12594,2.25011,-7.23318
NVDA241220C01450000,NVDA,2024-12-20,1450.00,call,29.60,27.77,27.45,5,28.10,5,1,67,2024-05-17,0.48804,0.17805,0.00075,-0.22885,1.85828,0.80969
NVDA241220P01450000,NVDA,2024-12-20,1450.00,put,595.44,529.83,527.50,39,532.15,5,0,0,2024-05-17,0.58560,-0.75808,0.00075,-0.12085,2.22635,-7.30995
NVDA241220C01460000,NVDA,2024-12-20,1460.00,call,31.10,26.85,26.50,12,27.20,3,0,24,2024-05-17,0.48804,0.17333,0.00074,-0.22482,1.82691,0.78923
NVDA241220P01460000,NVDA,2024-12-20,1460.00,put,640.84,540.23,536.70,42,543.75,28,0,1,2024-05-17,0.60511,-0.75095,0.00073,-0.13483,2.26136,-7.34717
NVDA241220C01470000,NVDA,2024-12-20,1470.00,call,29.90,26.12,25.70,5,26.55,5,0,133,2024-05-17,0.48804,0.16872,0.00072,-0.22082,1.79570,0.76922
NVDA241220P01470000,NVDA,2024-12-20,1470.00,put,581.12,549.58,547.75,3,551.40,6,0,0,2024-05-17,0.60511,-0.75557,0.00073,-0.12982,2.23881,-7.42296
NVDA241220C01480000,NVDA,2024-12-20,1480.00,call,29.62,25.30,24.85,17,25.75,14,0,49,2024-05-17,0.48804,0.16422,0.00071,-0.21685,1.76464,0.74964
NVDA241220P01480000,NVDA,2024-12-20,1480.00,put,623.97,559.00,557.10,8,560.90,6,0,0,2024-05-17,0.60511,-0.76011,0.00072,-0.12481,2.21618,-7.49850
NVDA241220C01490000,NVDA,2024-12-20,1490.00,call,24.45,24.50,24.20,13,24.80,28,7,339,2024-05-17,0.48804,0.15983,0.00070,-0.21291,1.73377,0.73048
NVDA241220P01490000,NVDA,2024-12-20,1490.00,put,707.06,568.65,566.75,9,570.55,6,0,0,2024-05-17,0.60511,-0.76457,0.00071,-0.11980,2.19346,-7.57378
NVDA241220C01500000,NVDA,2024-12-20,1500.00,call,23.95,23.77,23.50,5,24.05,8,11,637,2024-05-17,0.48804,0.15555,0.00069,-0.20900,1.70310,0.71176
NVDA241220P01500000,NVDA,2024-12-20,1500.00,put,564.78,577.62,575.40,48,579.85,11,8,68,2024-05-17,0.62462,-0.75730,0.00070,-0.13406,2.23025,-7.61024
NVDA241220C01520000,NVDA,2024-12-20,1520.00,call,26.00,22.30,22.00,6,22.60,21,0,98,2024-05-17,0.48804,0.14729,0.00066,-0.20129,1.64244,0.67554
NVDA241220P01520000,NVDA,2024-12-20,1520.00,put,672.06,597.05,594.55,51,599.55,6,0,0,2024-05-17,0.62462,-0.76582,0.00069,-0.12419,2.18704,-7.75886
NVDA241220C01540000,NVDA,2024-12-20,1540.00,call,26.20,21.05,20.80,5,21.30,13,0,52,2024-05-17,0.48804,0.13944,0.00064,-0.19373,1.58275,0.64095
NVDA241220P01540000,NVDA,2024-12-20,1540.00,put,656.40,617.20,613.80,59,620.60,28,0,1,2024-05-17,0.64413,-0.76259,0.00067,-0.13377,2.20357,-7.86876
NVDA241220C01560000,NVDA,2024-12-20,1560.00,call,18.90,19.77,19.45,7,20.10,20,0,121,2024-05-17,0.48804,0.13197,0.00061,-0.18633,1.52417,0.60794
NVDA241220P01560000,NVDA,2024-12-20,1560.00,put,691.28,636.35,634.05,49,638.65,6,0,0,2024-05-17,0.64413,-0.77055,0.00066,-0.12406,2.16230,-8.01496
NVDA241220C01580000,NVDA,2024-12-20,1580.00,call,18.55,18.62,18.35,8,18.90,20,11,73,2024-05-17,0.48804,0.12487,0.00059,-0.17910,1.46676,0.57645
NVDA241220P01580000,NVDA,2024-12-20,1580.00,put,650.99,656.05,653.80,49,658.30,25,0,0,2024-05-17,0.66364,-0.76698,0.00065,-0.13397,2.18098,-8.12335
NVDA241220C01600000,NVDA,2024-12-20,1600.00,call,19.10,17.60,17.40,5,17.80,6,1,386,2024-05-17,0.48804,0.11812,0.00057,-0.17205,1.41061,0.54643
NVDA241220P01600000,NVDA,2024-12-20,1600.00,put,687.63,675.45,673.05,40,677.85,11,0,0,2024-05-17,0.66364,-0.77443,0.00063,-0.12441,2.14160,-8.26740
NVDA241220C01620000,NVDA,2024-12-20,1620.00,call,20.75,16.60,16.30,7,16.90,31,0,99,2024-05-17,0.48804,0.11172,0.00055,-0.16518,1.35578,0.51783
NVDA241220P01620000,NVDA,2024-12-20,1620.00,put,731.30,695.33,692.75,60,697.90,12,0,0,2024-05-17,0.68315,-0.77058,0.00062,-0.13464,2.16213,-8.37454
NVDA241220C01640000,NVDA,2024-12-20,1640.00,call,17.85,15.70,15.45,8,15.95,43,7,268,2024-05-17,0.48804,0.10564,0.00052,-0.15850,1.30232,0.49060
NVDA241220P01640000,NVDA,2024-12-20,1640.00,put,751.64,715.22,712.65,40,717.80,12,0,0,2024-05-17,0.68315,-0.77758,0.00061,-0.12524,2.12456,-8.51667
NVDA241220C01650000,NVDA,2024-12-20,1650.00,call,15.00,15.28,15.05,5,15.50,26,2,91,2024-05-17,0.48804,0.10272,0.00051,-0.15523,1.27612,0.47749
NVDA241220P01650000,NVDA,2024-12-20,1650.00,put,751.61,725.45,718.75,40,732.15,40,0,0,2024-05-17,0.70267,-0.77012,0.00061,-0.14039,2.16459,-8.55237
NVDA241220C01660000,NVDA,2024-12-20,1660.00,call,16.43,14.95,14.65,5,15.25,11,0,28,2024-05-17,0.48804,0.09988,0.00050,-0.15201,1.25027,0.46469
NVDA241220P01660000,NVDA,2024-12-20,1660.00,put,789.12,736.17,730.25,40,742.10,40,0,0,2024-05-17,0.70267,-0.77349,0.00060,-0.13576,2.14668,-8.62279
NVDA241220C01670000,NVDA,2024-12-20,1670.00,call,10.60,14.45,14.25,5,14.65,18,0,16,2024-05-17,0.48804,0.09711,0.00049,-0.14884,1.22479,0.45222
NVDA241220P01670000,NVDA,2024-12-20,1670.00,put,796.22,744.80,737.75,40,751.85,40,0,0,2024-05-17,0.70267,-0.77681,0.00060,-0.13114,2.12877,-8.69306
NVDA241220C01680000,NVDA,2024-12-20,1680.00,call,18.22,14.12,13.85,5,14.40,7,0,13,2024-05-17,0.48804,0.09441,0.00048,-0.14571,1.19967,0.44005
NVDA241220P01680000,NVDA,2024-12-20,1680.00,put,810.67,755.23,752.60,18,757.85,6,0,0,2024-05-17,0.72218,-0.76937,0.00059,-0.14644,2.16851,-8.72908
NVDA241220C01690000,NVDA,2024-12-20,1690.00,call,10.56,13.70,13.50,5,13.90,16,0,36,2024-05-17,0.48804,0.09178,0.00047,-0.14264,1.17492,0.42819
NVDA241220P01690000,NVDA,2024-12-20,1690.00,put,820.69,764.52,757.30,40,771.75,40,0,0,2024-05-17,0.72218,-0.77260,0.00059,-0.14188,2.15143,-8.79885
NVDA241220C01700000,NVDA,2024-12-20,1700.00,call,14.21,13.27,13.10,7,13.45,6,4,152,2024-05-17,0.48804,0.08923,0.00046,-0.13961,1.15053,0.41663
NVDA241220P01700000,NVDA,2024-12-20,1700.00,put,827.73,774.47,767.15,40,781.80,40,0,0,2024-05-17,0.72218,-0.77578,0.00058,-0.13733,2.13434,-8.86847
NVDA241220C01710000,NVDA,2024-12-20,1710.00,call,39.05,13.02,12.70,5,13.35,18,0,6,2024-05-17,0.48804,0.08674,0.00045,-0.13663,1.12652,0.40536
NVDA241220P01710000,NVDA,2024-12-20,1710.00,put,828.30,785.25,777.75,40,792.75,40,0,0,2024-05-17,0.74169,-0.76837,0.00058,-0.15276,2.17375,-8.90483
NVDA241220C01720000,NVDA,2024-12-20,1720.00,call,15.65,12.45,11.85,5,13.05,27,0,37,2024-05-17,0.48804,0.08432,0.00044,-0.13371,1.10288,0.39437
NVDA241220P01720000,NVDA,2024-12-20,1720.00,put,857.75,795.25,787.75,40,802.75,40,0,0,2024-05-17,0.74169,-0.77147,0.00057,-0.14828,2.15744,-8.97398
NVDA241220C01730000,NVDA,2024-12-20,1730.00,call,11.77,12.15,11.40,12,12.90,26,0,25,2024-05-17,0.48804,0.08196,0.00044,-0.13083,1.07960,0.38366
NVDA241220P01730000,NVDA,2024-12-20,1730.00,put,869.75,805.15,802.60,18,807.70,12,0,0,2024-05-17,0.74169,-0.77452,0.00057,-0.14379,2.14113,-9.04300
NVDA241220C01740000,NVDA,2024-12-20,1740.00,call,12.50,11.60,11.10,13,12.10,14,0,41,2024-05-17,0.48804,0.07966,0.00043,-0.12799,1.05671,0.37323
NVDA241220P01740000,NVDA,2024-12-20,1740.00,put,829.45,815.15,807.65,40,822.65,40,0,0,2024-05-17,0.74169,-0.77754,0.00056,-0.13931,2.12481,-9.11190
NVDA241220C01750000,NVDA,2024-12-20,1750.00,call,11.65,11.57,11.30,7,11.85,18,0,147,2024-05-17,0.48804,0.07743,0.00042,-0.12521,1.03418,0.36306
NVDA241220P01750000,NVDA,2024-12-20,1750.00,put,850.10,825.30,817.80,40,832.80,40,0,0,2024-05-17,0.76120,-0.77012,0.00056,-0.15495,2.16457,-9.14831
NVDA241220C01760000,NVDA,2024-12-20,1760.00,call,14.50,11.22,10.50,7,11.95,10,0,223,2024-05-17,0.50755,0.08571,0.00043,-0.14035,1.11648,0.39825
NVDA241220P01760000,NVDA,2024-12-20,1760.00,put,887.34,834.90,827.10,1,842.70,40,0,0,2024-05-17,0.76120,-0.77305,0.00056,-0.15053,2.14899,-9.21677
NVDA241220C01770000,NVDA,2024-12-20,1770.00,call,6.83,10.90,10.20,7,11.60,39,0,10,2024-05-17,0.50755,0.08346,0.00042,-0.13753,1.09447,0.38814
NVDA241220P01770000,NVDA,2024-12-20,1770.00,put,870.20,845.15,837.65,40,852.65,40,0,0,2024-05-17,0.76120,-0.77595,0.00055,-0.14612,2.13341,-9.28512
NVDA241220C01780000,NVDA,2024-12-20,1780.00,call,6.26,10.68,9.90,12,11.45,10,0,29,2024-05-17,0.50755,0.08127,0.00042,-0.13475,1.07280,0.37827
NVDA241220P01780000,NVDA,2024-12-20,1780.00,put,920.10,855.23,852.60,18,857.85,6,0,0,2024-05-17,0.78071,-0.76857,0.00055,-0.16188,2.17271,-9.32191
NVDA241220C01790000,NVDA,2024-12-20,1790.00,call,10.50,10.50,9.80,5,11.20,12,1,232,2024-05-17,0.50755,0.07914,0.00041,-0.13202,1.05146,0.36864
NVDA241220P01790000,NVDA,2024-12-20,1790.00,put,834.40,865.12,857.65,40,872.60,40,0,0,2024-05-17,0.78071,-0.77139,0.00054,-0.15753,2.15783,-9.38987
NVDA241220C01800000,NVDA,2024-12-20,1800.00,call,11.00,10.20,10.05,5,10.35,20,6,161,2024-05-17,0.50755,0.07706,0.00040,-0.12933,1.03044,0.35924
NVDA241220P01800000,NVDA,2024-12-20,1800.00,put,893.90,875.25,867.75,40,882.75,40,0,0,2024-05-17,0.78071,-0.77419,0.00054,-0.15319,2.14294,-9.45771
NVDA241220C01810000,NVDA,2024-12-20,1810.00,call,11.85,9.88,9.10,7,10.65,7,0,9,2024-05-17,0.50755,0.07504,0.00039,-0.12669,1.00976,0.35007
NVDA241220P01810000,NVDA,2024-12-20,1810.00,put,0.00,885.10,877.60,40,892.60,40,0,0,2024-05-17,0.78071,-0.77694,0.00054,-0.14885,2.12806,-9.52545
NVDA241220C01820000,NVDA,2024-12-20,1820.00,call,10.17,9.55,8.85,13,10.25,7,1,27,2024-05-17,0.50755,0.07306,0.00038,-0.12409,0.98941,0.34112
NVDA241220P01820000,NVDA,2024-12-20,1820.00,put,0.00,895.20,887.75,40,902.65,40,0,0,2024-05-17,0.80022,-0.76956,0.00053,-0.16478,2.16752,-9.56236
NVDA241220C01830000,NVDA,2024-12-20,1830.00,call,11.75,9.12,8.65,7,9.60,15,0,10,2024-05-17,0.50755,0.07114,0.00038,-0.12153,0.96938,0.33239
NVDA241220P01830000,NVDA,2024-12-20,1830.00,put,0.00,905.15,897.65,40,912.65,40,0,0,2024-05-17,0.80022,-0.77225,0.00053,-0.16050,2.15328,-9.62973
NVDA241220C01840000,NVDA,2024-12-20,1840.00,call,6.50,9.20,8.65,13,9.75,10,0,42,2024-05-17,0.50755,0.06927,0.00037,-0.11902,0.94968,0.32388
NVDA241220P01840000,NVDA,2024-12-20,1840.00,put,0.00,915.17,912.55,19,917.80,6,0,0,2024-05-17,0.80022,-0.77491,0.00053,-0.15623,2.13905,-9.69701
NVDA241220C01850000,NVDA,2024-12-20,1850.00,call,9.40,8.97,8.50,18,9.45,31,1,24,2024-05-17,0.50755,0.06744,0.00036,-0.11655,0.93031,0.31558
NVDA241220P01850000,NVDA,2024-12-20,1850.00,put,0.00,925.10,917.60,40,932.60,40,0,0,2024-05-17,0.80022,-0.77753,0.00052,-0.15195,2.12483,-9.76419
NVDA241220C01860000,NVDA,2024-12-20,1860.00,call,10.25,8.72,8.20,14,9.25,28,0,30,2024-05-17,0.50755,0.06566,0.00035,-0.11412,0.91126,0.30747
NVDA241220P01860000,NVDA,2024-12-20,1860.00,put,0.00,934.85,927.00,1,942.70,40,0,0,2024-05-17,0.81974,-0.77016,0.00052,-0.16806,2.16435,-9.80126
NVDA241220C01870000,NVDA,2024-12-20,1870.00,call,8.40,8.40,7.75,7,9.05,52,1,10,2024-05-17,0.50755,0.06393,0.00035,-0.11174,0.89253,0.29957
NVDA241220P01870000,NVDA,2024-12-20,1870.00,put,0.00,945.20,937.70,40,952.70,40,0,0,2024-05-17,0.81974,-0.77273,0.00052,-0.16385,2.15074,-9.86811
NVDA241220C01880000,NVDA,2024-12-20,1880.00,call,9.85,8.15,7.80,18,8.50,13,0,32,2024-05-17,0.50755,0.06224,0.00034,-0.10939,0.87412,0.29187
NVDA241220P01880000,NVDA,2024-12-20,1880.00,put,0.00,955.15,947.65,40,962.65,40,0,0,2024-05-17,0.81974,-0.77526,0.00051,-0.15964,2.13714,-9.93487
NVDA241220C01890000,NVDA,2024-12-20,1890.00,call,8.70,8.22,7.85,21,8.60,55,1,45,2024-05-17,0.50755,0.06060,0.00033,-0.10709,0.85603,0.28436
NVDA241220P01890000,NVDA,2024-12-20,1890.00,put,0.00,965.45,957.00,1,973.90,1,0,0,2024-05-17,0.83925,-0.76793,0.00051,-0.17585,2.17606,-9.97235
NVDA241220C01900000,NVDA,2024-12-20,1900.00,call,9.50,7.95,7.55,17,8.35,65,0,192,2024-05-17,0.50755,0.05899,0.00032,-0.10483,0.83825,0.27703
NVDA241220P01900000,NVDA,2024-12-20,1900.00,put,0.00,975.05,972.80,17,977.30,17,0,0,2024-05-17,0.83925,-0.77041,0.00051,-0.17170,2.16304,-10.03880
NVDA241220C01910000,NVDA,2024-12-20,1910.00,call,7.80,7.77,7.35,35,8.20,63,1,65,2024-05-17,0.50755,0.05743,0.00032,-0.10262,0.82078,0.26989
NVDA241220P01910000,NVDA,2024-12-20,1910.00,put,1047.95,985.10,977.60,40,992.60,40,0,0,2024-05-17,0.83925,-0.77286,0.00050,-0.16755,2.15002,-10.10516
NVDA241220C01920000,NVDA,2024-12-20,1920.00,call,10.00,7.62,7.20,13,8.05,84,0,136,2024-05-17,0.50755,0.05591,0.00031,-0.10044,0.80362,0.26292
NVDA241220P01920000,NVDA,2024-12-20,1920.00,put,0.00,995.05,987.55,40,1002.55,40,0,0,2024-05-17,0.83925,-0.77529,0.00050,-0.16341,2.13700,-10.17144
NVDA241220C01930000,NVDA,2024-12-20,1930.00,call,7.90,7.42,7.00,38,7.85,66,1,324,2024-05-17,0.50755,0.05443,0.00030,-0.09830,0.78677,0.25613
NVDA241220P01930000,NVDA,2024-12-20,1930.00,put,1067.95,1004.80,997.30,40,1012.30,40,0,0,2024-05-17,0.83925,-0.77769,0.00050,-0.15927,2.12400,-10.23763
NVDA241220C01940000,NVDA,2024-12-20,1940.00,call,7.40,7.22,7.05,2,7.40,6,22,714,2024-05-17,0.50755,0.05299,0.00030,-0.09620,0.77022,0.24951
NVDA241220P01940000,NVDA,2024-12-20,1940.00,put,0.00,1014.83,1007.35,40,1022.30,40,0,0,2024-05-17,0.85876,-0.77034,0.00050,-0.17569,2.16340,-10.27511
NVDA250117C00005000,NVDA,2025-01-17,5.00,call,922.91,920.95,915.65,40,926.25,40,4,2445,2024-05-17,3.37577,0.99949,0.00000,-0.00999,0.01379,0.02259
NVDA250117P00005000,NVDA,2025-01-17,5.00,put,0.01,0.01,0.00,0,0.01,500,0,3673,2024-05-17,1.93190,-0.00002,0.00000,-0.00025,0.00064,-0.00019
NVDA250117C00010000,NVDA,2025-01-17,10.00,call,878.70,916.15,913.00,11,919.30,5,0,534,2024-05-17,2.73188,0.99920,0.00000,-0.01268,0.02066,0.05318
NVDA250117P00010000,NVDA,2025-01-17,10.00,put,0.01,0.01,0.00,0,0.01,346,0,769,2024-05-17,1.65874,-0.00003,0.00000,-0.00029,0.00087,-0.00024
NVDA250117C00015000,NVDA,2025-01-17,15.00,call,868.59,910.38,904.35,40,916.40,40,0,13,2024-05-17,1.73679,0.99986,0.00000,-0.00354,0.00411,0.09583
NVDA250117P00015000,NVDA,2025-01-17,15.00,put,0.01,0.01,0.00,0,0.01,345,0,1637,2024-05-17,1.48313,-0.00003,0.00000,-0.00027,0.00090,-0.00024
NVDA250117C00020000,NVDA,2025-01-17,20.00,call,872.72,906.47,899.55,40,913.40,40,0,37,2024-05-17,2.20507,0.99884,0.00000,-0.01569,0.02929,0.11557
NVDA250117P00020000,NVDA,2025-01-17,20.00,put,0.01,0.01,0.00,0,0.01,3,21,322,2024-05-17,1.38558,-0.00003,0.00000,-0.00031,0.00111,-0.00029
NVDA250117C00025000,NVDA,2025-01-17,25.00,call,867.50,901.65,894.75,40,908.55,40,0,22,2024-05-17,2.04897,0.99870,0.00000,-0.01676,0.03243,0.14713
NVDA250117P00025000,NVDA,2025-01-17,25.00,put,0.01,0.01,0.00,0,0.01,25,25,471,2024-05-17,1.28802,-0.00003,0.00000,-0.00028,0.00108,-0.00028
NVDA250117C00030000,NVDA,2025-01-17,30.00,call,910.00,896.88,893.70,5,900.05,5,0,301,2024-05-17,1.93190,0.99856,0.00000,-0.01794,0.03564,0.17852
NVDA250117P00030000,NVDA,2025-01-17,30.00,put,0.01,0.01,0.00,0,0.01,1,12,4107,2024-05-17,1.22948,-0.00004,0.00000,-0.00031,0.00127,-0.00032
NVDA250117C00035000,NVDA,2025-01-17,35.00,call,705.22,891.83,885.10,40,898.55,40,0,23,2024-05-17,1.77581,0.99866,0.00000,-0.01671,0.03333,0.21288
NVDA250117P00035000,NVDA,2025-01-17,35.00,put,0.01,0.01,0.00,0,0.01,1,15,1442,2024-05-17,1.17095,-0.00004,0.00000,-0.00031,0.00134,-0.00034
NVDA250117C00040000,NVDA,2025-01-17,40.00,call,700.51,887.20,880.25,40,894.15,40,0,58,2024-05-17,1.73679,0.99838,0.00000,-0.01934,0.03968,0.24244
NVDA250117P00040000,NVDA,2025-01-17,40.00,put,0.01,0.01,0.00,0,0.01,1,1,1403,2024-05-17,1.11241,-0.00004,0.00000,-0.00028,0.00128,-0.00032
NVDA250117C00045000,NVDA,2025-01-17,45.00,call,676.97,882.38,875.45,40,889.30,40,0,23,2024-05-17,1.67825,0.99820,0.00000,-0.02086,0.04355,0.27333
NVDA250117P00045000,NVDA,2025-01-17,45.00,put,0.01,0.01,0.00,0,0.01,1,1,1788,2024-05-17,1.07339,-0.00004,0.00000,-0.00030,0.00140,-0.00035
NVDA250117C00050000,NVDA,2025-01-17,50.00,call,899.99,877.65,875.30,5,880.00,5,0,31,2024-05-17,1.61972,0.99807,0.00001,-0.02202,0.04655,0.30467
NVDA250117P00050000,NVDA,2025-01-17,50.00,put,0.01,0.01,0.00,0,0.01,207,5,1638,2024-05-17,1.03437,-0.00005,0.00000,-0.00030,0.00145,-0.00036
NVDA250117C00055000,NVDA,2025-01-17,55.00,call,869.85,872.78,865.85,40,879.70,40,0,59,2024-05-17,1.56118,0.99797,0.00001,-0.02281,0.04862,0.33648
NVDA250117P00055000,NVDA,2025-01-17,55.00,put,0.01,0.01,0.01,14,0.02,2,3,1905,2024-05-17,0.99534,-0.00005,0.00000,-0.00028,0.00143,-0.00035
NVDA250117C00060000,NVDA,2025-01-17,60.00,call,890.00,867.95,861.00,40,874.90,40,0,65,2024-05-17,1.50265,0.99792,0.00001,-0.02326,0.04969,0.36877
NVDA250117P00060000,NVDA,2025-01-17,60.00,put,0.01,0.01,0.00,0,0.02,2,0,1998,2024-05-17,0.97583,-0.00006,0.00000,-0.00033,0.00172,-0.00042
NVDA250117C00065000,NVDA,2025-01-17,65.00,call,898.90,863.15,856.20,40,870.10,40,0,62,2024-05-17,1.46362,0.99777,0.00001,-0.02454,0.05302,0.39991
NVDA250117P00065000,NVDA,2025-01-17,65.00,put,0.02,0.01,0.00,0,0.02,1,1,2021,2024-05-17,0.93681,-0.00005,0.00000,-0.00029,0.00157,-0.00038
NVDA250117C00070000,NVDA,2025-01-17,70.00,call,836.73,858.40,855.20,5,861.60,40,0,155,2024-05-17,1.42460,0.99764,0.00001,-0.02561,0.05580,0.43131
NVDA250117P00070000,NVDA,2025-01-17,70.00,put,0.02,0.01,0.00,0,0.02,1,1,6137,2024-05-17,0.91729,-0.00006,0.00000,-0.00032,0.00177,-0.00043
NVDA250117C00075000,NVDA,2025-01-17,75.00,call,829.23,853.53,846.60,40,860.45,40,0,34,2024-05-17,1.38558,0.99754,0.00001,-0.02647,0.05798,0.46301
NVDA250117P00075000,NVDA,2025-01-17,75.00,put,0.02,0.01,0.01,15,0.02,1,1,2401,2024-05-17,0.87827,-0.00005,0.00000,-0.00026,0.00150,-0.00036
NVDA250117C00080000,NVDA,2025-01-17,80.00,call,472.24,848.78,845.60,5,851.95,5,0,163,2024-05-17,1.36606,0.99727,0.00001,-0.02848,0.06369,0.49297
NVDA250117P00080000,NVDA,2025-01-17,80.00,put,0.02,0.01,0.01,199,0.02,2,10,2571,2024-05-17,0.85876,-0.00005,0.00000,-0.00028,0.00162,-0.00038
NVDA250117C00085000,NVDA,2025-01-17,85.00,call,606.00,843.97,840.80,5,847.15,40,0,154,2024-05-17,1.32704,0.99721,0.00001,-0.02899,0.06485,0.52516
NVDA250117P00085000,NVDA,2025-01-17,85.00,put,0.01,0.06,0.01,1,0.10,4,0,1908,2024-05-17,0.95632,-0.00025,0.00000,-0.00132,0.00699,-0.00191
NVDA250117C00090000,NVDA,2025-01-17,90.00,call,807.17,839.20,836.05,11,842.35,5,0,189,2024-05-17,1.30753,0.99696,0.00001,-0.03078,0.07008,0.55536
NVDA250117P00090000,NVDA,2025-01-17,90.00,put,0.06,0.01,0.00,0,0.14,1,0,1269,2024-05-17,0.81974,-0.00006,0.00000,-0.00029,0.00177,-0.00042
NVDA250117C00095000,NVDA,2025-01-17,95.00,call,398.00,834.35,831.20,5,837.50,40,0,306,2024-05-17,1.26851,0.99696,0.00001,-0.03094,0.07009,0.58810
NVDA250117P00095000,NVDA,2025-01-17,95.00,put,0.09,0.01,0.00,0,0.33,48,0,873,2024-05-17,0.80022,-0.00006,0.00000,-0.00029,0.00180,-0.00043
NVDA250117C00100000,NVDA,2025-01-17,100.00,call,857.89,829.60,822.85,40,836.35,40,0,1088,2024-05-17,1.24899,0.99674,0.00001,-0.03250,0.07471,0.61860
NVDA250117P00100000,NVDA,2025-01-17,100.00,put,0.03,0.04,0.02,695,0.05,3,100,5921,2024-05-17,0.85876,-0.00018,0.00000,-0.00089,0.00527,-0.00137
NVDA250117C00105000,NVDA,2025-01-17,105.00,call,498.45,824.67,821.45,5,827.90,40,0,240,2024-05-17,1.20997,0.99680,0.00001,-0.03233,0.07350,0.65190
NVDA250117P00105000,NVDA,2025-01-17,105.00,put,0.03,0.01,0.00,0,0.12,1,0,1171,2024-05-17,0.76120,-0.00006,0.00000,-0.00027,0.00177,-0.00041
NVDA250117C00110000,NVDA,2025-01-17,110.00,call,800.17,819.98,816.85,11,823.10,40,0,628,2024-05-17,1.19046,0.99661,0.00001,-0.03366,0.07742,0.68274
NVDA250117P00110000,NVDA,2025-01-17,110.00,put,0.05,0.12,0.05,1,0.20,64,8,1433,2024-05-17,0.91729,-0.00056,0.00000,-0.00272,0.01506,-0.00436
NVDA250117C00115000,NVDA,2025-01-17,115.00,call,787.00,815.17,812.00,11,818.35,40,0,169,2024-05-17,1.17095,0.99643,0.00001,-0.03491,0.08112,0.71369
NVDA250117P00115000,NVDA,2025-01-17,115.00,put,0.05,0.13,0.01,5,0.25,1,0,2871,2024-05-17,0.89778,-0.00058,0.00000,-0.00272,0.01535,-0.00443
NVDA250117C00120000,NVDA,2025-01-17,120.00,call,835.18,810.27,807.05,5,813.50,40,0,584,2024-05-17,1.13192,0.99658,0.00001,-0.03430,0.07805,0.74780
NVDA250117P00120000,NVDA,2025-01-17,120.00,put,0.15,0.19,0.02,201,0.36,70,0,2155,2024-05-17,0.91729,-0.00084,0.00000,-0.00394,0.02181,-0.00656
NVDA250117C00125000,NVDA,2025-01-17,125.00,call,774.74,805.55,802.40,11,808.70,40,0,559,2024-05-17,1.13192,0.99610,0.00001,-0.03717,0.08783,0.77591
NVDA250117P00125000,NVDA,2025-01-17,125.00,put,0.13,0.01,0.00,0,0.20,1,0,7269,2024-05-17,0.70267,-0.00007,0.00000,-0.00028,0.00200,-0.00047
NVDA250117C00130000,NVDA,2025-01-17,130.00,call,801.72,800.83,795.45,40,806.20,1,3,882,2024-05-17,1.11241,0.99595,0.00001,-0.03817,0.09080,0.80721
NVDA250117P00130000,NVDA,2025-01-17,130.00,put,0.10,0.10,0.05,99,0.14,10,0,19414,2024-05-17,0.81974,-0.00047,0.00000,-0.00203,0.01261,-0.00350
NVDA250117C00135000,NVDA,2025-01-17,135.00,call,768.70,795.95,792.80,11,799.10,40,0,446,2024-05-17,1.09290,0.99581,0.00001,-0.03909,0.09347,0.83864
NVDA250117P00135000,NVDA,2025-01-17,135.00,put,0.09,0.01,0.00,0,0.39,53,1,2362,2024-05-17,0.68315,-0.00008,0.00000,-0.00032,0.00237,-0.00056
NVDA250117C00140000,NVDA,2025-01-17,140.00,call,626.66,791.00,787.95,5,794.05,40,0,487,2024-05-17,1.05388,0.99609,0.00001,-0.03793,0.08796,0.87385
NVDA250117P00140000,NVDA,2025-01-17,140.00,put,0.10,0.01,0.00,0,0.40,54,0,1963,2024-05-17,0.66364,-0.00007,0.00000,-0.00028,0.00213,-0.00049
NVDA250117C00145000,NVDA,2025-01-17,145.00,call,636.65,786.23,783.20,11,789.25,40,0,196,2024-05-17,1.03437,0.99600,0.00002,-0.03864,0.08970,0.90570
NVDA250117P00145000,NVDA,2025-01-17,145.00,put,0.18,0.01,0.00,0,0.41,54,0,1775,2024-05-17,0.66364,-0.00009,0.00000,-0.00035,0.00272,-0.00064
NVDA250117C00150000,NVDA,2025-01-17,150.00,call,796.00,783.17,778.05,1,788.30,40,2,3444,2024-05-17,1.17095,0.99209,0.00002,-0.05889,0.16446,0.90052
NVDA250117P00150000,NVDA,2025-01-17,150.00,put,0.14,0.15,0.07,32,0.24,70,7,4583,2024-05-17,0.80022,-0.00080,0.00000,-0.00325,0.02072,-0.00601
NVDA250117C00155000,NVDA,2025-01-17,155.00,call,729.49,776.70,773.55,5,779.85,40,0,244,2024-05-17,1.01485,0.99543,0.00002,-0.04194,0.10107,0.96579
NVDA250117P00155000,NVDA,2025-01-17,155.00,put,0.09,0.28,0.11,4,0.44,53,0,615,2024-05-17,0.83925,-0.00138,0.00001,-0.00563,0.03424,-0.01060
NVDA250117C00160000,NVDA,2025-01-17,160.00,call,756.71,771.92,768.75,5,775.10,40,0,477,2024-05-17,0.99534,0.99538,0.00002,-0.04245,0.10212,0.99796
NVDA250117P00160000,NVDA,2025-01-17,160.00,put,0.14,0.28,0.10,5,0.45,34,0,1220,2024-05-17,0.81974,-0.00134,0.00001,-0.00537,0.03345,-0.01027
NVDA250117C00165000,NVDA,2025-01-17,165.00,call,738.49,766.92,764.00,11,769.85,40,0,159,2024-05-17,0.97583,0.99534,0.00002,-0.04289,0.10281,1.03029
NVDA250117P00165000,NVDA,2025-01-17,165.00,put,0.12,0.21,0.10,1,0.32,41,0,486,2024-05-17,0.78071,-0.00107,0.00001,-0.00414,0.02711,-0.00805
NVDA250117C00170000,NVDA,2025-01-17,170.00,call,740.39,762.35,759.20,11,765.50,5,0,398,2024-05-17,0.97583,0.99481,0.00002,-0.04557,0.11321,1.05816
NVDA250117P00170000,NVDA,2025-01-17,170.00,put,0.15,0.28,0.11,3,0.44,15,2,890,2024-05-17,0.78071,-0.00125,0.00001,-0.00478,0.03126,-0.00942
NVDA250117C00175000,NVDA,2025-01-17,175.00,call,776.40,755.50,750.45,40,760.55,40,0,3441,2024-05-17,0.01976,1.00000,0.00000,-0.02466,0.00000,1.13338
NVDA250117P00175000,NVDA,2025-01-17,175.00,put,0.19,0.29,0.08,65,0.51,83,0,2599,2024-05-17,0.78071,-0.00145,0.00001,-0.00547,0.03581,-0.01096
NVDA250117C00180000,NVDA,2025-01-17,180.00,call,738.00,752.62,745.65,40,759.60,40,0,961,2024-05-17,0.93681,0.99481,0.00002,-0.04610,0.11331,1.12343
NVDA250117P00180000,NVDA,2025-01-17,180.00,put,0.13,0.24,0.09,40,0.40,66,0,7874,2024-05-17,0.76120,-0.00138,0.00001,-0.00509,0.03424,-0.01037
NVDA250117C00185000,NVDA,2025-01-17,185.00,call,668.00,747.83,740.85,40,754.80,40,0,5590,2024-05-17,0.91729,0.99484,0.00002,-0.04626,0.11276,1.15631
NVDA250117P00185000,NVDA,2025-01-17,185.00,put,0.15,0.31,0.10,44,0.52,96,0,1075,2024-05-17,0.76120,-0.00159,0.00001,-0.00580,0.03902,-0.01200
NVDA250117C00190000,NVDA,2025-01-17,190.00,call,738.99,743.12,740.55,5,745.70,5,0,10427,2024-05-17,0.91729,0.99428,0.00002,-0.04887,0.12343,1.18409
NVDA250117P00190000,NVDA,2025-01-17,190.00,put,0.22,0.33,0.20,5,0.45,63,1,1462,2024-05-17,0.76120,-0.00183,0.00001,-0.00657,0.04422,-0.01380
NVDA250117C00195000,NVDA,2025-01-17,195.00,call,735.20,738.23,731.25,40,745.20,40,0,5442,2024-05-17,0.89778,0.99434,0.00002,-0.04890,0.12234,1.21724
NVDA250117P00195000,NVDA,2025-01-17,195.00,put,0.20,0.28,0.05,75,0.50,64,0,1436,2024-05-17,0.72218,-0.00141,0.00001,-0.00492,0.03490,-0.01048
NVDA250117C00200000,NVDA,2025-01-17,200.00,call,734.62,733.65,728.60,40,738.70,40,1,2915,2024-05-17,0.89778,0.99376,0.00003,-0.05152,0.13340,1.24480
NVDA250117P00200000,NVDA,2025-01-17,200.00,put,0.36,0.32,0.24,20,0.39,86,220,9590,2024-05-17,0.72218,-0.00162,0.00001,-0.00558,0.03962,-0.01207
NVDA250117C00210000,NVDA,2025-01-17,210.00,call,753.00,722.38,716.90,40,727.85,40,0,886,2024-05-17,0.68315,0.99862,0.00001,-0.03416,0.03435,1.34986
NVDA250117P00210000,NVDA,2025-01-17,210.00,put,0.26,0.35,0.15,70,0.55,57,0,1754,2024-05-17,0.70267,-0.00172,0.00001,-0.00573,0.04192,-0.01279
NVDA250117C00220000,NVDA,2025-01-17,220.00,call,723.10,712.05,706.80,1,717.30,40,1,790,2024-05-17,0.01976,1.00000,0.00000,-0.03100,0.00000,1.42481
NVDA250117P00220000,NVDA,2025-01-17,220.00,put,0.20,0.30,0.14,125,0.47,54,5,3683,2024-05-17,0.68315,-0.00181,0.00001,-0.00583,0.04390,-0.01339
NVDA250117C00230000,NVDA,2025-01-17,230.00,call,721.00,703.27,699.25,40,707.30,40,2,866,2024-05-17,0.68315,0.99767,0.00001,-0.03972,0.05513,1.47230
NVDA250117P00230000,NVDA,2025-01-17,230.00,put,0.25,0.39,0.25,57,0.53,56,128,2719,2024-05-17,0.68315,-0.00233,0.00001,-0.00731,0.05513,-0.01728
NVDA250117C00240000,NVDA,2025-01-17,240.00,call,703.46,695.00,692.05,5,697.95,40,1,624,2024-05-17,0.80022,0.99265,0.00003,-0.05772,0.15407,1.49654
NVDA250117P00240000,NVDA,2025-01-17,240.00,put,0.48,0.46,0.35,1,0.58,42,99,4358,2024-05-17,0.66364,-0.00241,0.00001,-0.00732,0.05692,-0.01781
NVDA250117C00250000,NVDA,2025-01-17,250.00,call,703.89,685.45,678.60,40,692.30,40,0,1545,2024-05-17,0.78071,0.99226,0.00004,-0.05961,0.16136,1.55849
NVDA250117P00250000,NVDA,2025-01-17,250.00,put,0.52,0.57,0.47,23,0.68,23,96,2936,2024-05-17,0.66364,-0.00304,0.00002,-0.00901,0.07014,-0.02252
NVDA250117C00255000,NVDA,2025-01-17,255.00,call,607.15,680.65,677.70,40,683.60,40,0,166,2024-05-17,0.78071,0.99157,0.00004,-0.06219,0.17383,1.58537
NVDA250117P00255000,NVDA,2025-01-17,255.00,put,0.58,0.61,0.36,74,0.87,103,0,1014,2024-05-17,0.66364,-0.00339,0.00002,-0.00994,0.07745,-0.02519
NVDA250117C00260000,NVDA,2025-01-17,260.00,call,648.50,675.92,673.05,40,678.80,40,0,721,2024-05-17,0.76120,0.99189,0.00004,-0.06138,0.16813,1.62069
NVDA250117P00260000,NVDA,2025-01-17,260.00,put,0.63,0.65,0.40,67,0.90,68,0,1307,2024-05-17,0.66364,-0.00378,0.00002,-0.01094,0.08526,-0.02809
NVDA250117C00265000,NVDA,2025-01-17,265.00,call,700.00,671.12,668.20,40,674.05,40,0,504,2024-05-17,0.76120,0.99118,0.00004,-0.06393,0.18085,1.64745
NVDA250117P00265000,NVDA,2025-01-17,265.00,put,0.61,0.59,0.43,48,0.76,34,168,781,2024-05-17,0.64413,-0.00347,0.00002,-0.00982,0.07896,-0.02560
NVDA250117C00270000,NVDA,2025-01-17,270.00,call,667.21,665.35,661.55,40,669.15,40,10,1113,2024-05-17,0.68315,0.99451,0.00003,-0.05374,0.11903,1.70729
NVDA250117P00270000,NVDA,2025-01-17,270.00,put,0.71,0.74,0.49,68,0.99,99,10,512,2024-05-17,0.64413,-0.00385,0.00002,-0.01079,0.08683,-0.02851
NVDA250117C00275000,NVDA,2025-01-17,275.00,call,639.35,661.40,658.60,24,664.20,18,0,511,2024-05-17,0.72218,0.99194,0.00004,-0.06204,0.16721,1.71903
NVDA250117P00275000,NVDA,2025-01-17,275.00,put,0.84,0.69,0.52,132,0.85,22,100,977,2024-05-17,0.64413,-0.00427,0.00003,-0.01183,0.09520,-0.03165
NVDA250117C00280000,NVDA,2025-01-17,280.00,call,647.25,656.25,652.75,40,659.75,40,0,2319,2024-05-17,0.70267,0.99235,0.00004,-0.06107,0.15960,1.75505
NVDA250117P00280000,NVDA,2025-01-17,280.00,put,1.19,0.83,0.58,71,1.09,84,0,1119,2024-05-17,0.64413,-0.00472,0.00003,-0.01292,0.10408,-0.03504
NVDA250117C00285000,NVDA,2025-01-17,285.00,call,665.27,651.92,649.15,40,654.70,59,1,471,2024-05-17,0.72218,0.99050,0.00005,-0.06701,0.19300,1.77248
NVDA250117P00285000,NVDA,2025-01-17,285.00,put,0.84,0.88,0.63,61,1.13,74,0,433,2024-05-17,0.64413,-0.00520,0.00003,-0.01408,0.11348,-0.03868
NVDA250117C00290000,NVDA,2025-01-17,290.00,call,596.31,647.23,644.35,40,650.10,40,0,289,2024-05-17,0.72218,0.98973,0.00005,-0.06959,0.20669,1.79873
NVDA250117P00290000,NVDA,2025-01-17,290.00,put,0.90,0.94,0.69,69,1.19,74,0,542,2024-05-17,0.62462,-0.00477,0.00003,-0.01263,0.10509,-0.03522
NVDA250117C00295000,NVDA,2025-01-17,295.00,call,567.15,642.30,639.50,64,645.10,7,0,429,2024-05-17,0.70267,0.99022,0.00005,-0.06833,0.19803,1.83549
NVDA250117P00295000,NVDA,2025-01-17,295.00,put,1.24,0.99,0.74,70,1.24,74,0,1034,2024-05-17,0.62462,-0.00526,0.00003,-0.01375,0.11453,-0.03886
NVDA250117C00300000,NVDA,2025-01-17,300.00,call,667.63,637.95,635.75,17,640.15,16,0,741,2024-05-17,0.72218,0.98806,0.00006,-0.07498,0.23564,1.85021
NVDA250117P00300000,NVDA,2025-01-17,300.00,put,1.03,0.95,0.85,5,1.05,3,6,3513,2024-05-17,0.62462,-0.00577,0.00003,-0.01494,0.12451,-0.04276
NVDA250117C00305000,NVDA,2025-01-17,305.00,call,615.00,633.38,630.80,7,635.95,63,0,252,2024-05-17,0.72218,0.98716,0.00006,-0.07778,0.25089,1.87543
NVDA250117P00305000,NVDA,2025-01-17,305.00,put,1.51,1.19,1.00,10,1.38,116,0,1090,2024-05-17,0.62462,-0.00633,0.00004,-0.01619,0.13502,-0.04693
NVDA250117C00310000,NVDA,2025-01-17,310.00,call,653.57,628.47,625.80,8,631.15,40,0,973,2024-05-17,0.70267,0.98773,0.00006,-0.07621,0.24125,1.91298
NVDA250117P00310000,NVDA,2025-01-17,310.00,put,1.40,1.19,1.00,16,1.38,109,0,1048,2024-05-17,0.62462,-0.00692,0.00004,-0.01750,0.14608,-0.05139
NVDA250117C00315000,NVDA,2025-01-17,315.00,call,498.98,623.50,620.80,64,626.20,59,0,251,2024-05-17,0.68315,0.98834,0.00006,-0.07463,0.23090,1.95074
NVDA250117P00315000,NVDA,2025-01-17,315.00,put,1.30,1.19,1.00,77,1.38,88,1,504,2024-05-17,0.60511,-0.00634,0.00004,-0.01569,0.13533,-0.04678
NVDA250117C00320000,NVDA,2025-01-17,320.00,call,563.09,618.97,615.80,64,622.15,5,0,494,2024-05-17,0.68315,0.98745,0.00006,-0.07729,0.24601,1.97617
NVDA250117P00320000,NVDA,2025-01-17,320.00,put,1.40,1.31,1.24,5,1.38,28,100,705,2024-05-17,0.60511,-0.00693,0.00004,-0.01697,0.14640,-0.05121
NVDA250117C00325000,NVDA,2025-01-17,325.00,call,643.65,614.02,611.15,40,616.90,62,0,464,2024-05-17,0.68315,0.98652,0.00007,-0.08002,0.26166,2.00124
NVDA250117P00325000,NVDA,2025-01-17,325.00,put,1.95,1.46,1.24,11,1.68,83,0,563,2024-05-17,0.60511,-0.00756,0.00005,-0.01830,0.15804,-0.05594
NVDA250117C00330000,NVDA,2025-01-17,330.00,call,635.28,608.97,606.05,40,611.90,40,0,1154,2024-05-17,0.66364,0.98722,0.00007,-0.07822,0.24987,2.03978
NVDA250117P00330000,NVDA,2025-01-17,330.00,put,1.68,1.50,1.24,13,1.76,63,0,502,2024-05-17,0.60511,-0.00823,0.00005,-0.01970,0.17024,-0.06097
NVDA250117C00335000,NVDA,2025-01-17,335.00,call,476.27,604.33,601.60,40,607.05,56,0,382,2024-05-17,0.66364,0.98628,0.00007,-0.08090,0.26569,2.06481
NVDA250117P00335000,NVDA,2025-01-17,335.00,put,1.99,1.58,1.30,35,1.85,73,0,993,2024-05-17,0.60511,-0.00894,0.00005,-0.02116,0.18300,-0.06632
NVDA250117C00340000,NVDA,2025-01-17,340.00,call,622.32,599.62,596.90,40,602.35,56,0,599,2024-05-17,0.64413,0.98705,0.00007,-0.07900,0.25277,2.10386
NVDA250117P00340000,NVDA,2025-01-17,340.00,put,1.28,1.66,1.38,18,1.94,82,0,1995,2024-05-17,0.60511,-0.00968,0.00006,-0.02268,0.19633,-0.07198
NVDA250117C00345000,NVDA,2025-01-17,345.00,call,527.60,595.33,592.65,40,598.00,40,0,828,2024-05-17,0.66364,0.98427,0.00008,-0.08647,0.29892,2.11376
NVDA250117P00345000,NVDA,2025-01-17,345.00,put,1.61,1.74,1.45,45,2.03,46,0,1075,2024-05-17,0.60511,-0.01047,0.00006,-0.02427,0.21024,-0.07798
NVDA250117C00350000,NVDA,2025-01-17,350.00,call,593.35,590.35,587.65,40,593.05,40,1,893,2024-05-17,0.64413,0.98510,0.00008,-0.08434,0.28524,2.15347
NVDA250117P00350000,NVDA,2025-01-17,350.00,put,1.71,1.83,1.56,35,2.11,54,0,4374,2024-05-17,0.58560,-0.00965,0.00006,-0.02184,0.19576,-0.07129
NVDA250117C00355000,NVDA,2025-01-17,355.00,call,558.13,585.90,582.75,40,589.05,40,0,475,2024-05-17,0.64413,0.98406,0.00008,-0.08711,0.30228,2.17772
NVDA250117P00355000,NVDA,2025-01-17,355.00,put,2.15,1.95,1.65,34,2.24,58,0,1147,2024-05-17,0.58560,-0.01044,0.00006,-0.02338,0.20969,-0.07725
NVDA250117C00360000,NVDA,2025-01-17,360.00,call,553.38,580.67,578.05,40,583.30,53,0,315,2024-05-17,0.62462,0.98497,0.00008,-0.08488,0.28736,2.21799
NVDA250117P00360000,NVDA,2025-01-17,360.00,put,1.85,2.05,1.75,41,2.36,78,0,2791,2024-05-17,0.58560,-0.01128,0.00007,-0.02498,0.22420,-0.08356
NVDA250117C00365000,NVDA,2025-01-17,365.00,call,614.68,575.97,573.30,5,578.65,54,0,201,2024-05-17,0.62462,0.98392,0.00008,-0.08760,0.30455,2.24221
NVDA250117P00365000,NVDA,2025-01-17,365.00,put,2.25,2.17,1.86,40,2.47,72,0,532,2024-05-17,0.58560,-0.01216,0.00007,-0.02664,0.23930,-0.09021
NVDA250117C00370000,NVDA,2025-01-17,370.00,call,514.44,571.33,568.25,40,574.40,40,0,913,2024-05-17,0.62462,0.98282,0.00009,-0.09038,0.32229,2.26606
NVDA250117P00370000,NVDA,2025-01-17,370.00,put,2.10,2.23,1.97,39,2.48,64,0,1247,2024-05-17,0.58560,-0.01308,0.00008,-0.02836,0.25498,-0.09723
NVDA250117C00375000,NVDA,2025-01-17,375.00,call,511.03,566.67,563.95,41,569.40,40,0,862,2024-05-17,0.62462,0.98167,0.00009,-0.09322,0.34056,2.28951
NVDA250117P00375000,NVDA,2025-01-17,375.00,put,2.22,2.41,2.09,37,2.72,53,0,3054,2024-05-17,0.58560,-0.01405,0.00008,-0.03014,0.27124,-0.10461
NVDA250117C00380000,NVDA,2025-01-17,380.00,call,572.50,562.15,559.90,33,564.40,39,4,777,2024-05-17,0.62462,0.98048,0.00010,-0.09612,0.35937,2.31257
NVDA250117P00380000,NVDA,2025-01-17,380.00,put,2.85,2.53,2.21,37,2.85,54,0,3221,2024-05-17,0.56608,-0.01298,0.00008,-0.02718,0.25335,-0.09587
NVDA250117C00385000,NVDA,2025-01-17,385.00,call,554.20,557.52,554.90,35,560.15,46,3,1336,2024-05-17,0.62462,0.97924,0.00011,-0.09908,0.37870,2.33523
NVDA250117P00385000,NVDA,2025-01-17,385.00,put,2.56,2.66,2.33,36,2.98,63,4,536,2024-05-17,0.56608,-0.01396,0.00008,-0.02891,0.26965,-0.10321
NVDA250117C00390000,NVDA,2025-01-17,390.00,call,558.30,552.58,549.90,33,555.25,39,0,1126,2024-05-17,0.60511,0.98038,0.00010,-0.09630,0.36092,2.37758
NVDA250117P00390000,NVDA,2025-01-17,390.00,put,2.71,2.78,2.46,36,3.10,114,1,2232,2024-05-17,0.56608,-0.01498,0.00009,-0.03069,0.28655,-0.11093
NVDA250117C00395000,NVDA,2025-01-17,395.00,call,492.32,547.77,545.15,39,550.40,27,0,207,2024-05-17,0.60511,0.97912,0.00011,-0.09920,0.38043,2.40021
NVDA250117P00395000,NVDA,2025-01-17,395.00,put,5.80,2.84,2.59,37,3.10,55,0,2357,2024-05-17,0.56608,-0.01605,0.00009,-0.03253,0.30404,-0.11904
NVDA250117C00400000,NVDA,2025-01-17,400.00,call,542.50,543.40,538.90,40,547.90,40,2,2339,2024-05-17,0.60511,0.97782,0.00012,-0.10216,0.40047,2.42243
NVDA250117P00400000,NVDA,2025-01-17,400.00,put,2.98,3.00,2.91,73,3.10,27,12,7547,2024-05-17,0.56608,-0.01717,0.00010,-0.03444,0.32211,-0.12754
NVDA250117C00405000,NVDA,2025-01-17,405.00,call,503.95,539.33,536.75,5,541.90,40,0,498,2024-05-17,0.62462,0.97376,0.00013,-0.11146,0.46107,2.42173
NVDA250117P00405000,NVDA,2025-01-17,405.00,put,5.45,3.25,2.91,54,3.60,87,0,388,2024-05-17,0.56608,-0.01834,0.00010,-0.03640,0.34078,-0.13645
NVDA250117C00410000,NVDA,2025-01-17,410.00,call,513.12,534.33,531.60,47,537.05,68,0,371,2024-05-17,0.60511,0.97505,0.00013,-0.10824,0.44211,2.46559
NVDA250117P00410000,NVDA,2025-01-17,410.00,put,3.10,3.38,3.00,28,3.75,71,0,456,2024-05-17,0.56608,-0.01956,0.00011,-0.03842,0.36002,-0.14578
NVDA250117C00415000,NVDA,2025-01-17,415.00,call,482.63,529.40,526.60,55,532.20,59,0,230,2024-05-17,0.58560,0.97641,0.00013,-0.10501,0.42182,2.50983
NVDA250117P00415000,NVDA,2025-01-17,415.00,put,3.15,3.52,3.15,34,3.90,63,0,621,2024-05-17,0.54657,-0.01817,0.00011,-0.03479,0.33805,-0.13424
NVDA250117C00420000,NVDA,2025-01-17,420.00,call,534.40,524.40,521.60,36,527.20,26,1,792,2024-05-17,0.58560,0.97498,0.00013,-0.10802,0.44310,2.53118
NVDA250117P00420000,NVDA,2025-01-17,420.00,put,3.70,3.72,3.35,27,4.10,63,1,2607,2024-05-17,0.54657,-0.01939,0.00011,-0.03674,0.35738,-0.14352
NVDA250117C00425000,NVDA,2025-01-17,425.00,call,500.70,520.45,517.30,31,523.60,40,0,267,2024-05-17,0.58560,0.97350,0.00014,-0.11108,0.46491,2.55208
NVDA250117P00425000,NVDA,2025-01-17,425.00,put,3.50,3.88,3.50,42,4.25,73,0,2093,2024-05-17,0.54657,-0.02067,0.00012,-0.03875,0.37731,-0.15323
NVDA250117C00430000,NVDA,2025-01-17,430.00,call,534.31,516.62,513.45,18,519.80,40,1,972,2024-05-17,0.60511,0.96889,0.00015,-0.12101,0.53129,2.54674
NVDA250117P00430000,NVDA,2025-01-17,430.00,put,3.70,4.08,3.70,26,4.45,57,0,1014,2024-05-17,0.54657,-0.02201,0.00013,-0.04082,0.39783,-0.16337
NVDA250117C00435000,NVDA,2025-01-17,435.00,call,439.52,511.18,508.85,5,513.50,22,0,653,2024-05-17,0.58560,0.97039,0.00015,-0.11735,0.51002,2.59256
NVDA250117P00435000,NVDA,2025-01-17,435.00,put,4.05,4.25,3.85,26,4.65,85,1,527,2024-05-17,0.54657,-0.02340,0.00013,-0.04294,0.41892,-0.17396
NVDA250117C00440000,NVDA,2025-01-17,440.00,call,475.00,506.40,503.85,18,508.95,36,0,806,2024-05-17,0.58560,0.96875,0.00016,-0.12056,0.53332,2.61212
NVDA250117P00440000,NVDA,2025-01-17,440.00,put,4.20,4.45,4.05,64,4.85,74,0,1699,2024-05-17,0.54657,-0.02485,0.00014,-0.04512,0.44058,-0.18499
NVDA250117C00445000,NVDA,2025-01-17,445.00,call,467.97,501.45,498.95,48,503.95,31,0,420,2024-05-17,0.56608,0.97037,0.00016,-0.11679,0.51026,2.65881
NVDA250117P00445000,NVDA,2025-01-17,445.00,put,4.25,4.60,4.25,34,4.95,74,0,824,2024-05-17,0.54657,-0.02635,0.00015,-0.04735,0.46280,-0.19648
NVDA250117C00450000,NVDA,2025-01-17,450.00,call,496.00,498.00,495.15,12,500.85,40,4,1178,2024-05-17,0.58560,0.96530,0.00017,-0.12712,0.58130,2.64987
NVDA250117P00450000,NVDA,2025-01-17,450.00,put,4.60,4.88,4.50,30,5.25,74,4,2802,2024-05-17,0.54657,-0.02791,0.00015,-0.04963,0.48557,-0.20844
NVDA250117C00455000,NVDA,2025-01-17,455.00,call,460.00,493.07,490.45,29,495.70,24,0,484,2024-05-17,0.58560,0.96350,0.00018,-0.13046,0.60596,2.66805
NVDA250117P00455000,NVDA,2025-01-17,455.00,put,6.61,4.90,4.70,25,5.10,10,0,334,2024-05-17,0.52706,-0.02611,0.00015,-0.04519,0.45925,-0.19327
NVDA250117C00460000,NVDA,2025-01-17,460.00,call,488.25,488.45,485.75,32,491.15,28,1,524,2024-05-17,0.56608,0.96522,0.00018,-0.12637,0.58242,2.71595
NVDA250117P00460000,NVDA,2025-01-17,460.00,put,5.29,5.35,4.95,49,5.75,77,1,1018,2024-05-17,0.52706,-0.02768,0.00016,-0.04740,0.48222,-0.20521
NVDA250117C00465000,NVDA,2025-01-17,465.00,call,455.02,482.38,480.75,42,484.00,1,0,421,2024-05-17,0.54657,0.96705,0.00018,-0.12228,0.55706,2.76441
NVDA250117P00465000,NVDA,2025-01-17,465.00,put,5.20,5.60,5.20,44,6.00,70,0,579,2024-05-17,0.52706,-0.02932,0.00017,-0.04967,0.50576,-0.21763
NVDA250117C00470000,NVDA,2025-01-17,470.00,call,484.97,479.95,476.50,16,483.40,40,2,1645,2024-05-17,0.58560,0.95775,0.00020,-0.14073,0.68248,2.71978
NVDA250117P00470000,NVDA,2025-01-17,470.00,put,5.85,5.85,5.45,49,6.25,81,12,1187,2024-05-17,0.52706,-0.03101,0.00018,-0.05198,0.52984,-0.23053
NVDA250117C00475000,NVDA,2025-01-17,475.00,call,453.32,475.10,471.50,22,478.70,40,0,1325,2024-05-17,0.56608,0.95956,0.00020,-0.13634,0.65876,2.76881
NVDA250117P00475000,NVDA,2025-01-17,475.00,put,6.15,6.12,5.70,29,6.55,64,0,834,2024-05-17,0.52706,-0.03276,0.00018,-0.05433,0.55447,-0.24392
NVDA250117C00480000,NVDA,2025-01-17,480.00,call,465.61,469.43,466.55,30,472.30,15,0,1122,2024-05-17,0.54657,0.96149,0.00020,-0.13193,0.63305,2.81851
NVDA250117P00480000,NVDA,2025-01-17,480.00,put,6.50,6.40,6.00,51,6.80,74,1,975,2024-05-17,0.52706,-0.03458,0.00019,-0.05674,0.57963,-0.25781
NVDA250117C00485000,NVDA,2025-01-17,485.00,call,459.91,465.18,463.05,29,467.30,3,11,512,2024-05-17,0.54657,0.95952,0.00021,-0.13523,0.65932,2.83556
NVDA250117P00485000,NVDA,2025-01-17,485.00,put,6.70,6.67,6.25,35,7.10,82,10,891,2024-05-17,0.52706,-0.03645,0.00020,-0.05919,0.60529,-0.27221
NVDA250117C00490000,NVDA,2025-01-17,490.00,call,441.40,460.43,458.55,32,462.30,4,0,700,2024-05-17,0.54657,0.95748,0.00022,-0.13857,0.68602,2.85210
NVDA250117P00490000,NVDA,2025-01-17,490.00,put,6.85,6.90,6.55,30,7.25,40,1,814,2024-05-17,0.52706,-0.03839,0.00021,-0.06168,0.63145,-0.28711
NVDA250117C00495000,NVDA,2025-01-17,495.00,call,451.03,456.35,455.20,1,457.50,1,11,618,2024-05-17,0.54657,0.95539,0.00023,-0.14195,0.71315,2.86815
NVDA250117P00495000,NVDA,2025-01-17,495.00,put,7.43,7.22,7.05,1,7.40,15,22,539,2024-05-17,0.52706,-0.04039,0.00022,-0.06421,0.65810,-0.30252
NVDA250117C00500000,NVDA,2025-01-17,500.00,call,460.52,451.88,451.00,1,452.75,1,8,8001,2024-05-17,0.54657,0.95324,0.00024,-0.14536,0.74070,2.88369
NVDA250117P00500000,NVDA,2025-01-17,500.00,put,7.50,7.55,7.40,9,7.70,15,152,5311,2024-05-17,0.52706,-0.04245,0.00023,-0.06678,0.68521,-0.31844
NVDA250117C00505000,NVDA,2025-01-17,505.00,call,378.45,447.65,445.90,5,449.40,6,0,2654,2024-05-17,0.54657,0.95102,0.00024,-0.14880,0.76863,2.89872
NVDA250117P00505000,NVDA,2025-01-17,505.00,put,7.45,8.00,7.60,52,8.40,82,2,567,2024-05-17,0.52706,-0.04458,0.00024,-0.06938,0.71277,-0.33489
NVDA250117C00510000,NVDA,2025-01-17,510.00,call,445.80,442.93,441.80,1,444.05,1,0,511,2024-05-17,0.54657,0.94875,0.00025,-0.15227,0.79694,2.91324
NVDA250117P00510000,NVDA,2025-01-17,510.00,put,8.05,8.35,7.95,52,8.75,78,3,590,2024-05-17,0.50755,-0.04225,0.00023,-0.06385,0.68248,-0.31446
NVDA250117C00515000,NVDA,2025-01-17,515.00,call,432.81,438.48,437.35,1,439.60,1,0,363,2024-05-17,0.54657,0.94642,0.00026,-0.15577,0.82560,2.92725
NVDA250117P00515000,NVDA,2025-01-17,515.00,put,10.10,8.73,8.30,51,9.15,87,0,510,2024-05-17,0.50755,-0.04440,0.00024,-0.06639,0.71047,-0.33099
NVDA250117C00520000,NVDA,2025-01-17,520.00,call,440.00,434.10,433.05,2,435.15,1,10,469,2024-05-17,0.54657,0.94403,0.00027,-0.15930,0.85461,2.94075
NVDA250117P00520000,NVDA,2025-01-17,520.00,put,8.42,9.10,8.65,58,9.55,76,0,748,2024-05-17,0.50755,-0.04662,0.00025,-0.06897,0.73893,-0.34806
NVDA250117C00525000,NVDA,2025-01-17,525.00,call,421.25,429.52,427.95,7,431.10,11,0,1206,2024-05-17,0.52706,0.94629,0.00027,-0.15411,0.82717,2.99421
NVDA250117P00525000,NVDA,2025-01-17,525.00,put,8.22,9.40,9.05,21,9.75,23,0,439,2024-05-17,0.50755,-0.04891,0.00026,-0.07158,0.76783,-0.36568
NVDA250117C00530000,NVDA,2025-01-17,530.00,call,421.64,425.20,424.10,1,426.30,1,0,458,2024-05-17,0.52706,0.94385,0.00028,-0.15758,0.85672,3.00752
NVDA250117P00530000,NVDA,2025-01-17,530.00,put,9.73,9.78,9.50,10,10.05,15,2,463,2024-05-17,0.50755,-0.05127,0.00027,-0.07422,0.79715,-0.38385
NVDA250117C00535000,NVDA,2025-01-17,535.00,call,438.80,420.82,419.75,1,421.90,1,1,446,2024-05-17,0.52706,0.94135,0.00029,-0.16107,0.88661,3.02029
NVDA250117P00535000,NVDA,2025-01-17,535.00,put,9.86,10.22,9.95,11,10.50,13,0,381,2024-05-17,0.50755,-0.05369,0.00028,-0.07689,0.82687,-0.40256
NVDA250117C00540000,NVDA,2025-01-17,540.00,call,413.75,416.45,415.35,1,417.55,1,3,712,2024-05-17,0.52706,0.93879,0.00030,-0.16459,0.91682,3.03253
NVDA250117P00540000,NVDA,2025-01-17,540.00,put,10.66,10.57,10.20,18,10.95,19,1,619,2024-05-17,0.50755,-0.05617,0.00029,-0.07959,0.85699,-0.42182
NVDA250117C00545000,NVDA,2025-01-17,545.00,call,425.40,412.77,410.80,5,414.75,6,1,1128,2024-05-17,0.52706,0.93616,0.00031,-0.16813,0.94733,3.04423
NVDA250117P00545000,NVDA,2025-01-17,545.00,put,10.70,11.00,10.65,14,11.35,13,17,358,2024-05-17,0.50755,-0.05872,0.00030,-0.08232,0.88746,-0.44164
NVDA250117C00550000,NVDA,2025-01-17,550.00,call,416.09,407.67,405.15,7,410.20,6,5,1907,2024-05-17,0.52706,0.93347,0.00032,-0.17168,0.97813,3.05541
NVDA250117P00550000,NVDA,2025-01-17,550.00,put,11.75,11.52,11.20,12,11.85,12,13,2734,2024-05-17,0.50755,-0.06134,0.00032,-0.08507,0.91829,-0.46201
NVDA250117C00555000,NVDA,2025-01-17,555.00,call,402.05,403.48,402.40,1,404.55,1,0,294,2024-05-17,0.52706,0.93072,0.00033,-0.17525,1.00919,3.06604
NVDA250117P00555000,NVDA,2025-01-17,555.00,put,12.30,12.22,12.00,6,12.45,13,3,244,2024-05-17,0.50755,-0.06402,0.00033,-0.08784,0.94944,-0.48294
NVDA250117C00560000,NVDA,2025-01-17,560.00,call,410.00,399.20,398.30,1,400.10,1,1,716,2024-05-17,0.52706,0.92792,0.00034,-0.17884,1.04050,3.07615
NVDA250117P00560000,NVDA,2025-01-17,560.00,put,11.80,12.68,12.35,12,13.00,17,0,489,2024-05-17,0.50755,-0.06677,0.00034,-0.09063,0.98089,-0.50442
NVDA250117C00565000,NVDA,2025-01-17,565.00,call,419.30,394.90,393.80,1,396.00,1,0,218,2024-05-17,0.52706,0.92505,0.00035,-0.18244,1.07202,3.08572
NVDA250117P00565000,NVDA,2025-01-17,565.00,put,12.22,13.32,13.05,12,13.60,18,0,1782,2024-05-17,0.50755,-0.06958,0.00035,-0.09344,1.01263,-0.52645
NVDA250117C00570000,NVDA,2025-01-17,570.00,call,396.53,391.10,388.90,6,393.30,6,0,971,2024-05-17,0.52706,0.92212,0.00036,-0.18605,1.10376,3.09477
NVDA250117P00570000,NVDA,2025-01-17,570.00,put,13.40,13.78,13.40,11,14.15,6,1,827,2024-05-17,0.48804,-0.06685,0.00035,-0.08688,0.98176,-0.50094
NVDA250117C00575000,NVDA,2025-01-17,575.00,call,411.95,386.40,385.30,1,387.50,1,0,600,2024-05-17,0.50755,0.92460,0.00037,-0.18011,1.07686,3.15175
NVDA250117P00575000,NVDA,2025-01-17,575.00,put,13.44,14.38,14.00,12,14.75,20,0,1997,2024-05-17,0.48804,-0.06972,0.00036,-0.08963,1.01421,-0.52327
NVDA250117C00580000,NVDA,2025-01-17,580.00,call,389.88,382.20,381.30,1,383.10,2,1,732,2024-05-17,0.50755,0.92160,0.00038,-0.18366,1.10932,3.16043
NVDA250117P00580000,NVDA,2025-01-17,580.00,put,14.55,14.97,14.60,11,15.35,8,1,736,2024-05-17,0.48804,-0.07267,0.00037,-0.09239,1.04694,-0.54618
NVDA250117C00585000,NVDA,2025-01-17,585.00,call,401.06,378.00,376.90,1,379.10,1,0,276,2024-05-17,0.50755,0.91853,0.00039,-0.18722,1.14198,3.16856
NVDA250117P00585000,NVDA,2025-01-17,585.00,put,15.15,15.60,15.15,53,16.05,16,1,181,2024-05-17,0.48804,-0.07568,0.00039,-0.09517,1.07994,-0.56967
NVDA250117C00590000,NVDA,2025-01-17,590.00,call,396.57,373.85,372.95,1,374.75,1,0,726,2024-05-17,0.50755,0.91540,0.00040,-0.19079,1.17482,3.17614
NVDA250117P00590000,NVDA,2025-01-17,590.00,put,15.77,16.40,16.15,16,16.65,8,2,1744,2024-05-17,0.48804,-0.07876,0.00040,-0.09795,1.11318,-0.59374
NVDA250117C00595000,NVDA,2025-01-17,595.00,call,392.29,369.68,368.60,1,370.75,1,0,397,2024-05-17,0.50755,0.91221,0.00041,-0.19436,1.20781,3.18316
NVDA250117P00595000,NVDA,2025-01-17,595.00,put,15.69,17.05,16.70,19,17.40,10,0,218,2024-05-17,0.48804,-0.08191,0.00041,-0.10075,1.14663,-0.61839
NVDA250117C00600000,NVDA,2025-01-17,600.00,call,363.12,365.57,364.75,1,366.40,1,21,3770,2024-05-17,0.50755,0.90896,0.00043,-0.19793,1.24093,3.18964
NVDA250117P00600000,NVDA,2025-01-17,600.00,put,17.88,17.77,17.55,6,18.00,5,78,3594,2024-05-17,0.48804,-0.08512,0.00042,-0.10355,1.18028,-0.64362
NVDA250117C00605000,NVDA,2025-01-17,605.00,call,375.10,361.50,360.45,3,362.55,3,0,498,2024-05-17,0.50755,0.90565,0.00044,-0.20150,1.27417,3.19557
NVDA250117P00605000,NVDA,2025-01-17,605.00,put,16.97,18.33,17.80,13,18.85,14,0,285,2024-05-17,0.48804,-0.08840,0.00043,-0.10636,1.21409,-0.66943
NVDA250117C00610000,NVDA,2025-01-17,610.00,call,380.50,357.38,356.30,1,358.45,1,0,478,2024-05-17,0.50755,0.90227,0.00045,-0.20507,1.30750,3.20097
NVDA250117P00610000,NVDA,2025-01-17,610.00,put,17.92,19.27,18.85,10,19.70,16,5,808,2024-05-17,0.48804,-0.09175,0.00045,-0.10917,1.24806,-0.69580
NVDA250117C00615000,NVDA,2025-01-17,615.00,call,325.77,353.32,352.25,1,354.40,1,0,312,2024-05-17,0.50755,0.89884,0.00046,-0.20863,1.34089,3.20582
NVDA250117P00615000,NVDA,2025-01-17,615.00,put,20.22,20.02,19.75,13,20.30,6,1,501,2024-05-17,0.48804,-0.09516,0.00046,-0.11198,1.28214,-0.72275
NVDA250117C00620000,NVDA,2025-01-17,620.00,call,346.90,349.23,346.50,1,351.95,2,6,1188,2024-05-17,0.50755,0.89535,0.00047,-0.21219,1.37434,3.21014
NVDA250117P00620000,NVDA,2025-01-17,620.00,put,20.90,20.88,20.45,25,21.30,11,2,903,2024-05-17,0.48804,-0.09863,0.00047,-0.11478,1.31633,-0.75027
NVDA250117C00625000,NVDA,2025-01-17,625.00,call,353.00,345.35,343.25,1,347.45,1,9,1157,2024-05-17,0.50755,0.89181,0.00048,-0.21574,1.40782,3.21392
NVDA250117P00625000,NVDA,2025-01-17,625.00,put,21.64,21.62,21.35,13,21.90,14,1,570,2024-05-17,0.48804,-0.10216,0.00048,-0.11759,1.35060,-0.77836
NVDA250117C00630000,NVDA,2025-01-17,630.00,call,361.75,341.35,340.40,1,342.30,1,0,656,2024-05-17,0.50755,0.88821,0.00049,-0.21928,1.44130,3.21718
NVDA250117P00630000,NVDA,2025-01-17,630.00,put,23.15,22.48,22.20,15,22.75,14,1,517,2024-05-17,0.48804,-0.10576,0.00049,-0.12038,1.38493,-0.80700
NVDA250117C00635000,NVDA,2025-01-17,635.00,call,323.80,337.42,336.70,6,338.15,1,0,690,2024-05-17,0.50755,0.88455,0.00051,-0.22281,1.47477,3.21991
NVDA250117P00635000,NVDA,2025-01-17,635.00,put,21.43,23.40,23.10,16,23.70,5,0,351,2024-05-17,0.48804,-0.10942,0.00051,-0.12317,1.41929,-0.83621
NVDA250117C00640000,NVDA,2025-01-17,640.00,call,330.92,333.58,331.60,12,335.55,10,1,1458,2024-05-17,0.50755,0.88083,0.00052,-0.22632,1.50820,3.22213
NVDA250117P00640000,NVDA,2025-01-17,640.00,put,23.20,24.20,23.60,30,24.80,18,1,1313,2024-05-17,0.48804,-0.11314,0.00052,-0.12594,1.45365,-0.86597
NVDA250117C00645000,NVDA,2025-01-17,645.00,call,315.95,329.55,328.65,2,330.45,1,0,191,2024-05-17,0.50755,0.87707,0.00053,-0.22981,1.54159,3.22383
NVDA250117P00645000,NVDA,2025-01-17,645.00,put,22.73,25.20,24.85,6,25.55,5,0,178,2024-05-17,0.48804,-0.11692,0.00053,-0.12871,1.48801,-0.89628
NVDA250117C00650000,NVDA,2025-01-17,650.00,call,323.00,325.70,325.00,1,326.40,1,4,1467,2024-05-17,0.50755,0.87325,0.00054,-0.23329,1.57490,3.22502
NVDA250117P00650000,NVDA,2025-01-17,650.00,put,26.36,26.12,25.75,4,26.50,5,12,2798,2024-05-17,0.48804,-0.12075,0.00054,-0.13145,1.52234,-0.92713
NVDA250117C00655000,NVDA,2025-01-17,655.00,call,320.55,321.85,320.95,1,322.75,5,2,244,2024-05-17,0.48804,0.87535,0.00056,-0.22647,1.55661,3.28353
NVDA250117P00655000,NVDA,2025-01-17,655.00,put,24.52,27.15,26.85,6,27.45,5,0,297,2024-05-17,0.48804,-0.12465,0.00056,-0.13418,1.55661,-0.95853
NVDA250117C00660000,NVDA,2025-01-17,660.00,call,334.95,318.02,317.15,1,318.90,1,1,614,2024-05-17,0.48804,0.87140,0.00057,-0.22989,1.59081,3.28398
NVDA250117P00660000,NVDA,2025-01-17,660.00,put,27.07,28.20,27.90,6,28.50,5,1,532,2024-05-17,0.48804,-0.12860,0.00057,-0.13690,1.59081,-0.99046
NVDA250117C00665000,NVDA,2025-01-17,665.00,call,311.00,314.23,313.35,1,315.10,1,1,201,2024-05-17,0.48804,0.86740,0.00058,-0.23328,1.62491,3.28390
NVDA250117P00665000,NVDA,2025-01-17,665.00,put,28.15,29.23,28.90,6,29.55,5,1,255,2024-05-17,0.48804,-0.13260,0.00058,-0.13959,1.62491,-1.02292
NVDA250117C00670000,NVDA,2025-01-17,670.00,call,324.11,310.55,308.65,1,312.45,1,0,794,2024-05-17,0.48804,0.86334,0.00059,-0.23665,1.65889,3.28330
NVDA250117P00670000,NVDA,2025-01-17,670.00,put,30.40,30.30,30.00,6,30.60,5,5,623,2024-05-17,0.48804,-0.13666,0.00059,-0.14225,1.65889,-1.05591
NVDA250117C00675000,NVDA,2025-01-17,675.00,call,309.30,306.73,305.85,1,307.60,1,0,427,2024-05-17,0.48804,0.85922,0.00060,-0.24000,1.69273,3.28218
NVDA250117P00675000,NVDA,2025-01-17,675.00,put,32.50,31.45,30.65,28,32.25,13,1,994,2024-05-17,0.48804,-0.14078,0.00060,-0.14489,1.69273,-1.08941
NVDA250117C00680000,NVDA,2025-01-17,680.00,call,300.50,303.00,302.15,1,303.85,1,1,383,2024-05-17,0.48804,0.85506,0.00062,-0.24332,1.72642,3.28054
NVDA250117P00680000,NVDA,2025-01-17,680.00,put,32.70,32.53,32.20,11,32.85,9,9,1885,2024-05-17,0.48804,-0.14494,0.00062,-0.14751,1.72642,-1.12343
NVDA250117C00685000,NVDA,2025-01-17,685.00,call,291.80,299.35,298.50,1,300.20,1,0,227,2024-05-17,0.48804,0.85084,0.00063,-0.24661,1.75993,3.27840
NVDA250117P00685000,NVDA,2025-01-17,685.00,put,33.85,33.67,33.35,5,34.00,4,11,433,2024-05-17,0.48804,-0.14916,0.00063,-0.15010,1.75993,-1.15795
NVDA250117C00690000,NVDA,2025-01-17,690.00,call,301.23,295.70,294.85,1,296.55,2,0,310,2024-05-17,0.48804,0.84658,0.00064,-0.24987,1.79324,3.27576
NVDA250117P00690000,NVDA,2025-01-17,690.00,put,33.50,34.67,34.00,10,35.35,4,5,779,2024-05-17,0.48804,-0.15342,0.00064,-0.15265,1.79324,-1.19298
NVDA250117C00695000,NVDA,2025-01-17,695.00,call,311.00,292.05,291.20,1,292.90,1,0,355,2024-05-17,0.48804,0.84227,0.00065,-0.25310,1.82634,3.27262
NVDA250117P00695000,NVDA,2025-01-17,695.00,put,33.30,36.12,35.80,5,36.45,9,0,446,2024-05-17,0.48804,-0.15773,0.00065,-0.15518,1.82634,-1.22849
NVDA250117C00700000,NVDA,2025-01-17,700.00,call,288.45,288.50,286.80,1,290.20,1,26,3271,2024-05-17,0.48804,0.83791,0.00066,-0.25629,1.85921,3.26900
NVDA250117P00700000,NVDA,2025-01-17,700.00,put,37.34,37.48,37.25,1,37.70,4,61,4924,2024-05-17,0.48804,-0.16209,0.00066,-0.15767,1.85921,-1.26450
NVDA250117C00705000,NVDA,2025-01-17,705.00,call,284.60,284.90,284.05,1,285.75,1,2,347,2024-05-17,0.48804,0.83350,0.00068,-0.25945,1.89183,3.26490
NVDA250117P00705000,NVDA,2025-01-17,705.00,put,35.90,38.65,38.30,11,39.00,9,0,351,2024-05-17,0.48804,-0.16650,0.00068,-0.16012,1.89183,-1.30098
NVDA250117C00710000,NVDA,2025-01-17,710.00,call,281.03,281.80,280.25,6,283.35,2,4,1358,2024-05-17,0.48804,0.82905,0.00069,-0.26258,1.92417,3.26033
NVDA250117P00710000,NVDA,2025-01-17,710.00,put,40.01,39.95,39.60,5,40.30,4,5,463,2024-05-17,0.48804,-0.17095,0.00069,-0.16254,1.92417,-1.33793
NVDA250117C00720000,NVDA,2025-01-17,720.00,call,274.13,274.40,273.55,1,275.25,1,13,416,2024-05-17,0.48804,0.82002,0.00071,-0.26870,1.98800,3.24980
NVDA250117P00720000,NVDA,2025-01-17,720.00,put,42.58,42.83,41.75,8,43.90,9,8,1413,2024-05-17,0.48804,-0.17998,0.00071,-0.16726,1.98800,-1.41323
NVDA250117C00730000,NVDA,2025-01-17,730.00,call,267.20,267.62,265.70,5,269.55,1,13,867,2024-05-17,0.48804,0.81082,0.00073,-0.27467,2.05056,3.23747
NVDA250117P00730000,NVDA,2025-01-17,730.00,put,43.47,45.58,44.70,5,46.45,39,1,880,2024-05-17,0.48804,-0.18918,0.00073,-0.17181,2.05056,-1.49032
NVDA250117C00740000,NVDA,2025-01-17,740.00,call,272.71,260.95,259.05,1,262.85,1,5,1209,2024-05-17,0.48804,0.80148,0.00075,-0.28045,2.11174,3.22341
NVDA250117P00740000,NVDA,2025-01-17,740.00,put,48.51,48.48,48.10,5,48.85,4,5,449,2024-05-17,0.48804,-0.19852,0.00075,-0.17619,2.11174,-1.56915
NVDA250117C00750000,NVDA,2025-01-17,750.00,call,253.87,254.15,253.50,1,254.80,1,43,1580,2024-05-17,0.48804,0.79199,0.00078,-0.28605,2.17142,3.20767
NVDA250117P00750000,NVDA,2025-01-17,750.00,put,52.13,51.55,51.20,9,51.90,7,51,2236,2024-05-17,0.48804,-0.20801,0.00078,-0.18038,2.17142,-1.64965
NVDA250117C00760000,NVDA,2025-01-17,760.00,call,242.70,247.65,246.95,1,248.35,1,30,614,2024-05-17,0.48804,0.78237,0.00080,-0.29146,2.22949,3.19032
NVDA250117P00760000,NVDA,2025-01-17,760.00,put,54.25,54.95,53.75,7,56.15,11,17,1208,2024-05-17,0.48804,-0.21763,0.00080,-0.18438,2.22949,-1.73177
NVDA250117C00770000,NVDA,2025-01-17,770.00,call,260.00,241.32,239.25,5,243.40,5,0,1091,2024-05-17,0.48804,0.77262,0.00082,-0.29667,2.28587,3.17143
NVDA250117P00770000,NVDA,2025-01-17,770.00,put,52.44,58.12,57.10,8,59.15,2,0,1173,2024-05-17,0.48804,-0.22738,0.00082,-0.18818,2.28587,-1.81542
NVDA250117C00780000,NVDA,2025-01-17,780.00,call,233.65,235.20,233.25,1,237.15,1,6,2161,2024-05-17,0.48804,0.76277,0.00084,-0.30166,2.34046,3.15106
NVDA250117P00780000,NVDA,2025-01-17,780.00,put,59.90,61.58,61.15,5,62.00,4,12,395,2024-05-17,0.48804,-0.23723,0.00084,-0.19176,2.34046,-1.90056
NVDA250117C00790000,NVDA,2025-01-17,790.00,call,252.75,228.82,226.95,5,230.70,6,0,943,2024-05-17,0.48804,0.75282,0.00085,-0.30644,2.39319,3.12928
NVDA250117P00790000,NVDA,2025-01-17,790.00,put,64.66,65.40,64.10,6,66.70,10,27,958,2024-05-17,0.48804,-0.24718,0.00085,-0.19513,2.39319,-1.98710
NVDA250117C00800000,NVDA,2025-01-17,800.00,call,222.57,222.88,222.10,1,223.65,2,30,6475,2024-05-17,0.48804,0.74278,0.00087,-0.31100,2.44399,3.10616
NVDA250117P00800000,NVDA,2025-01-17,800.00,put,69.30,69.17,68.10,62,70.25,5,53,4586,2024-05-17,0.48804,-0.25722,0.00087,-0.19828,2.44399,-2.07498
NVDA250117C00810000,NVDA,2025-01-17,810.00,call,214.00,217.00,216.15,1,217.85,1,63,501,2024-05-17,0.48804,0.73265,0.00089,-0.31533,2.49280,3.08176
NVDA250117P00810000,NVDA,2025-01-17,810.00,put,67.90,73.07,71.80,5,74.35,7,0,779,2024-05-17,0.48804,-0.26735,0.00089,-0.20120,2.49280,-2.16415
NVDA250117C00820000,NVDA,2025-01-17,820.00,call,227.25,211.22,210.50,1,211.95,1,0,701,2024-05-17,0.48804,0.72246,0.00091,-0.31942,2.53955,3.05616
NVDA250117P00820000,NVDA,2025-01-17,820.00,put,77.10,76.97,75.60,5,78.35,10,15,876,2024-05-17,0.48804,-0.27754,0.00091,-0.20389,2.53955,-2.25452
NVDA250117C00830000,NVDA,2025-01-17,830.00,call,204.00,205.68,203.50,1,207.85,1,14,3062,2024-05-17,0.48804,0.71221,0.00092,-0.32329,2.58421,3.02941
NVDA250117P00830000,NVDA,2025-01-17,830.00,put,80.92,80.88,80.40,4,81.35,3,5,302,2024-05-17,0.48804,-0.28779,0.00092,-0.20635,2.58421,-2.34603
NVDA250117C00840000,NVDA,2025-01-17,840.00,call,200.44,200.12,198.00,1,202.25,1,11,2298,2024-05-17,0.48804,0.70191,0.00094,-0.32692,2.62673,3.00158
NVDA250117P00840000,NVDA,2025-01-17,840.00,put,84.32,85.28,83.90,74,86.65,5,42,1541,2024-05-17,0.48804,-0.29809,0.00094,-0.20857,2.62673,-2.43862
NVDA250117C00850000,NVDA,2025-01-17,850.00,call,194.00,194.77,192.95,2,196.60,23,25,2450,2024-05-17,0.48804,0.69157,0.00095,-0.33031,2.66708,2.97275
NVDA250117P00850000,NVDA,2025-01-17,850.00,put,89.57,89.25,88.00,7,90.50,1,6,965,2024-05-17,0.46853,-0.30684,0.00099,-0.20033,2.66103,-2.48747
NVDA250117C00860000,NVDA,2025-01-17,860.00,call,194.83,189.48,187.30,8,191.65,1,2,942,2024-05-17,0.48804,0.68120,0.00097,-0.33347,2.70524,2.94296
NVDA250117P00860000,NVDA,2025-01-17,860.00,put,95.32,93.97,93.50,4,94.45,7,1,666,2024-05-17,0.48804,-0.31880,0.00097,-0.21230,2.70524,-2.62676
NVDA250117C00880000,NVDA,2025-01-17,880.00,call,178.78,179.12,178.40,1,179.85,1,56,1964,2024-05-17,0.48804,0.66040,0.00099,-0.33905,2.77492,2.88081
NVDA250117P00880000,NVDA,2025-01-17,880.00,put,100.15,103.53,102.00,7,105.05,3,4,952,2024-05-17,0.48804,-0.33960,0.00099,-0.21507,2.77492,-2.81844
NVDA250117C00900000,NVDA,2025-01-17,900.00,call,168.80,169.35,168.70,1,170.00,1,212,4299,2024-05-17,0.48804,0.63959,0.00101,-0.34369,2.83570,2.81562
NVDA250117P00900000,NVDA,2025-01-17,900.00,put,113.03,112.65,111.55,8,113.75,6,188,3068,2024-05-17,0.46853,-0.36095,0.00105,-0.20646,2.83715,-2.97935
NVDA250117C00920000,NVDA,2025-01-17,920.00,call,159.75,160.02,159.45,3,160.60,3,27,1750,2024-05-17,0.46853,0.61740,0.00107,-0.33682,2.89082,2.77689
NVDA250117P00920000,NVDA,2025-01-17,920.00,put,123.40,123.47,122.90,4,124.05,3,11,373,2024-05-17,0.48804,-0.38118,0.00103,-0.21776,2.88758,-3.21045
NVDA250117C00930000,NVDA,2025-01-17,930.00,call,155.01,155.53,155.05,3,156.00,3,32,780,2024-05-17,0.46853,0.60661,0.00108,-0.33824,2.91408,2.73973
NVDA250117P00930000,NVDA,2025-01-17,930.00,put,129.17,128.85,128.25,4,129.45,3,106,244,2024-05-17,0.48804,-0.39152,0.00104,-0.21785,2.91022,-3.30991
NVDA250117C00940000,NVDA,2025-01-17,940.00,call,151.57,151.12,150.65,3,151.60,3,22,477,2024-05-17,0.46853,0.59586,0.00109,-0.33942,2.93499,2.70207
NVDA250117P00940000,NVDA,2025-01-17,940.00,put,134.57,134.25,133.65,4,134.85,6,106,588,2024-05-17,0.48804,-0.40184,0.00105,-0.21771,2.93069,-3.40985
NVDA250117C00950000,NVDA,2025-01-17,950.00,call,146.70,146.80,145.60,5,148.00,5,49,1896,2024-05-17,0.46853,0.58514,0.00110,-0.34037,2.95356,2.66396
NVDA250117P00950000,NVDA,2025-01-17,950.00,put,139.65,139.85,138.00,3,141.70,5,153,1110,2024-05-17,0.48804,-0.41210,0.00105,-0.21735,2.94900,-3.51021
NVDA250117C00960000,NVDA,2025-01-17,960.00,call,141.91,142.68,142.20,3,143.15,3,27,537,2024-05-17,0.46853,0.57448,0.00110,-0.34109,2.96984,2.62546
NVDA250117P00960000,NVDA,2025-01-17,960.00,put,148.75,145.65,144.25,22,147.05,25,3,605,2024-05-17,0.48804,-0.42233,0.00106,-0.21677,2.96519,-3.61095
NVDA250117C00970000,NVDA,2025-01-17,970.00,call,147.67,138.60,138.15,7,139.05,6,2,656,2024-05-17,0.46853,0.56387,0.00111,-0.34158,2.98384,2.58662
NVDA250117P00970000,NVDA,2025-01-17,970.00,put,147.26,151.40,149.95,25,152.85,24,1,435,2024-05-17,0.48804,-0.43249,0.00106,-0.21598,2.97929,-3.71200
NVDA250117C00980000,NVDA,2025-01-17,980.00,call,134.64,134.62,134.15,3,135.10,3,8,587,2024-05-17,0.46853,0.55333,0.00111,-0.34185,2.99562,2.54749
NVDA250117P00980000,NVDA,2025-01-17,980.00,put,149.13,157.52,156.35,33,158.70,31,0,273,2024-05-17,0.48804,-0.44260,0.00107,-0.21497,2.99132,-3.81333
NVDA250117C00990000,NVDA,2025-01-17,990.00,call,131.00,130.72,130.25,3,131.20,3,33,846,2024-05-17,0.46853,0.54285,0.00112,-0.34192,3.00521,2.50814
NVDA250117P00990000,NVDA,2025-01-17,990.00,put,151.42,163.62,162.40,26,164.85,29,0,306,2024-05-17,0.48804,-0.45264,0.00107,-0.21376,3.00134,-3.91490
NVDA250117C01000000,NVDA,2025-01-17,1000.00,call,126.36,126.97,126.60,6,127.35,2,334,6406,2024-05-17,0.46853,0.53245,0.00112,-0.34177,3.01266,2.46860
NVDA250117P01000000,NVDA,2025-01-17,1000.00,put,168.83,169.62,168.40,6,170.85,11,15,1233,2024-05-17,0.48804,-0.46261,0.00107,-0.21235,3.00938,-4.01665
NVDA250117C01010000,NVDA,2025-01-17,1010.00,call,124.00,123.30,122.85,7,123.75,3,23,500,2024-05-17,0.46853,0.52214,0.00112,-0.34142,3.01801,2.42893
NVDA250117P01010000,NVDA,2025-01-17,1010.00,put,166.08,175.32,174.15,13,176.50,1,0,198,2024-05-17,0.48804,-0.47251,0.00108,-0.21074,3.01548,-4.11854
NVDA250117C01020000,NVDA,2025-01-17,1020.00,call,121.25,119.35,118.50,5,120.20,9,6,1704,2024-05-17,0.46853,0.51191,0.00112,-0.34087,3.02132,2.38916
NVDA250117P01020000,NVDA,2025-01-17,1020.00,put,169.15,182.02,180.45,22,183.60,22,0,189,2024-05-17,0.48804,-0.48232,0.00108,-0.20894,3.01970,-4.22054
NVDA250117C01030000,NVDA,2025-01-17,1030.00,call,121.30,116.20,115.75,3,116.65,3,9,550,2024-05-17,0.46853,0.50177,0.00112,-0.34013,3.02263,2.34934
NVDA250117P01030000,NVDA,2025-01-17,1030.00,put,177.00,188.50,186.90,12,190.10,22,0,160,2024-05-17,0.48804,-0.49205,0.00108,-0.20696,3.02206,-4.32261
NVDA250117C01040000,NVDA,2025-01-17,1040.00,call,116.10,112.80,112.35,3,113.25,3,4,421,2024-05-17,0.46853,0.49173,0.00112,-0.33920,3.02201,2.30952
NVDA250117P01040000,NVDA,2025-01-17,1040.00,put,207.50,195.00,193.40,11,196.60,22,0,376,2024-05-17,0.48804,-0.50169,0.00108,-0.20479,3.02264,-4.42470
NVDA250117C01050000,NVDA,2025-01-17,1050.00,call,110.95,109.58,108.45,4,110.70,5,35,1023,2024-05-17,0.46853,0.48179,0.00112,-0.33810,3.01951,2.26973
NVDA250117P01050000,NVDA,2025-01-17,1050.00,put,197.99,201.60,200.10,11,203.10,11,1,391,2024-05-17,0.48804,-0.51124,0.00108,-0.20246,3.02146,-4.52679
NVDA250117C01060000,NVDA,2025-01-17,1060.00,call,107.06,106.28,105.80,4,106.75,3,1,340,2024-05-17,0.46853,0.47195,0.00112,-0.33682,3.01519,2.23001
NVDA250117P01060000,NVDA,2025-01-17,1060.00,put,203.60,208.53,207.05,1,210.00,11,4,238,2024-05-17,0.48804,-0.52069,0.00108,-0.19995,3.01860,-4.62884
NVDA250117C01070000,NVDA,2025-01-17,1070.00,call,108.25,103.15,102.70,8,103.60,3,1,389,2024-05-17,0.46853,0.46223,0.00112,-0.33538,3.00911,2.19039
NVDA250117P01070000,NVDA,2025-01-17,1070.00,put,228.45,215.20,213.60,21,216.80,20,0,200,2024-05-17,0.48804,-0.53004,0.00108,-0.19728,3.01409,-4.73082
NVDA250117C01080000,NVDA,2025-01-17,1080.00,call,98.70,100.12,99.70,8,100.55,10,2,533,2024-05-17,0.46853,0.45262,0.00112,-0.33377,3.00132,2.15092
NVDA250117P01080000,NVDA,2025-01-17,1080.00,put,210.71,222.25,220.75,21,223.75,11,0,171,2024-05-17,0.48804,-0.53928,0.00107,-0.19446,3.00800,-4.83270
NVDA250117C01090000,NVDA,2025-01-17,1090.00,call,103.25,97.15,96.70,4,97.60,16,4,455,2024-05-17,0.46853,0.44312,0.00111,-0.33201,2.99189,2.11161
NVDA250117P01090000,NVDA,2025-01-17,1090.00,put,254.60,229.18,227.55,3,230.80,11,0,274,2024-05-17,0.48804,-0.54842,0.00107,-0.19149,3.00037,-4.93444
NVDA250117C01100000,NVDA,2025-01-17,1100.00,call,93.85,94.62,93.75,1,95.50,5,62,2471,2024-05-17,0.46853,0.43374,0.00111,-0.33011,2.98088,2.07250
NVDA250117P01100000,NVDA,2025-01-17,1100.00,put,220.99,236.20,234.70,10,237.70,19,0,400,2024-05-17,0.48804,-0.55745,0.00107,-0.18837,2.99126,-5.03603
NVDA250117C01110000,NVDA,2025-01-17,1110.00,call,92.70,91.47,91.05,8,91.90,5,3,338,2024-05-17,0.46853,0.42449,0.00110,-0.32807,2.96835,2.03362
NVDA250117P01110000,NVDA,2025-01-17,1110.00,put,230.97,243.43,241.70,11,245.15,10,0,118,2024-05-17,0.48804,-0.56637,0.00106,-0.18511,2.98073,-5.13744
NVDA250117C01120000,NVDA,2025-01-17,1120.00,call,88.71,88.72,88.30,4,89.15,3,7,142,2024-05-17,0.46853,0.41535,0.00110,-0.32589,2.95437,1.99500
NVDA250117P01120000,NVDA,2025-01-17,1120.00,put,234.00,250.95,248.65,22,253.25,1,0,384,2024-05-17,0.48804,-0.57518,0.00106,-0.18173,2.96883,-5.23864
NVDA250117C01130000,NVDA,2025-01-17,1130.00,call,98.60,86.08,85.65,4,86.50,3,0,431,2024-05-17,0.46853,0.40635,0.00109,-0.32359,2.93899,1.95665
NVDA250117P01130000,NVDA,2025-01-17,1130.00,put,280.09,258.55,256.25,21,260.85,15,0,127,2024-05-17,0.50755,-0.57456,0.00102,-0.19186,2.96972,-5.32059
NVDA250117C01140000,NVDA,2025-01-17,1140.00,call,83.22,83.53,83.10,8,83.95,3,18,159,2024-05-17,0.46853,0.39747,0.00109,-0.32116,2.92228,1.91861
NVDA250117P01140000,NVDA,2025-01-17,1140.00,put,369.21,265.88,262.80,40,268.95,12,0,24,2024-05-17,0.50755,-0.58285,0.00101,-0.18842,2.95725,-5.41935
NVDA250117C01150000,NVDA,2025-01-17,1150.00,call,84.40,81.00,80.60,3,81.40,10,11,573,2024-05-17,0.46853,0.38872,0.00108,-0.31862,2.90429,1.88090
NVDA250117P01150000,NVDA,2025-01-17,1150.00,put,316.78,273.35,271.20,29,275.50,26,0,32,2024-05-17,0.50755,-0.59103,0.00101,-0.18486,2.94364,-5.51788
NVDA250117C01160000,NVDA,2025-01-17,1160.00,call,91.57,78.55,78.10,4,79.00,5,0,151,2024-05-17,0.46853,0.38010,0.00107,-0.31597,2.88510,1.84352
NVDA250117P01160000,NVDA,2025-01-17,1160.00,put,268.10,281.15,277.95,41,284.35,34,0,73,2024-05-17,0.50755,-0.59909,0.00101,-0.18120,2.92893,-5.61617
NVDA250117C01170000,NVDA,2025-01-17,1170.00,call,82.15,76.17,75.75,8,76.60,3,1,216,2024-05-17,0.46853,0.37162,0.00107,-0.31322,2.86476,1.80652
NVDA250117P01170000,NVDA,2025-01-17,1170.00,put,332.84,288.88,285.60,37,292.15,36,0,57,2024-05-17,0.50755,-0.60705,0.00100,-0.17744,2.91317,-5.71420
NVDA250117C01180000,NVDA,2025-01-17,1180.00,call,75.00,73.90,73.50,8,74.30,3,3,467,2024-05-17,0.46853,0.36326,0.00106,-0.31038,2.84333,1.76989
NVDA250117P01180000,NVDA,2025-01-17,1180.00,put,309.20,296.60,293.35,52,299.85,32,0,30,2024-05-17,0.50755,-0.61490,0.00099,-0.17357,2.89641,-5.81196
NVDA250117C01190000,NVDA,2025-01-17,1190.00,call,72.49,71.65,71.25,4,72.05,5,8,222,2024-05-17,0.46853,0.35505,0.00105,-0.30744,2.82087,1.73366
NVDA250117P01190000,NVDA,2025-01-17,1190.00,put,335.22,304.30,300.90,47,307.70,12,0,17,2024-05-17,0.50755,-0.62263,0.00099,-0.16962,2.87870,-5.90943
NVDA250117C01200000,NVDA,2025-01-17,1200.00,call,69.50,69.50,69.10,7,69.90,6,97,2992,2024-05-17,0.46853,0.34696,0.00104,-0.30442,2.79744,1.69784
NVDA250117P01200000,NVDA,2025-01-17,1200.00,put,294.07,312.27,310.20,21,314.35,3,0,160,2024-05-17,0.50755,-0.63026,0.00098,-0.16558,2.86008,-6.00659
NVDA250117C01210000,NVDA,2025-01-17,1210.00,call,67.00,67.40,67.00,8,67.80,5,6,123,2024-05-17,0.46853,0.33902,0.00103,-0.30132,2.77309,1.66245
NVDA250117P01210000,NVDA,2025-01-17,1210.00,put,378.95,320.15,316.70,40,323.60,35,0,16,2024-05-17,0.50755,-0.63776,0.00097,-0.16145,2.84060,-6.10345
NVDA250117C01220000,NVDA,2025-01-17,1220.00,call,65.50,65.33,64.90,4,65.75,6,60,320,2024-05-17,0.46853,0.33120,0.00102,-0.29815,2.74788,1.62750
NVDA250117P01220000,NVDA,2025-01-17,1220.00,put,309.03,328.42,325.20,44,331.65,8,0,33,2024-05-17,0.50755,-0.64516,0.00097,-0.15725,2.82029,-6.19998
NVDA250117C01230000,NVDA,2025-01-17,1230.00,call,75.10,63.35,62.95,4,63.75,5,0,88,2024-05-17,0.46853,0.32353,0.00101,-0.29491,2.72187,1.59299
NVDA250117P01230000,NVDA,2025-01-17,1230.00,put,397.55,336.35,332.90,8,339.80,7,0,25,2024-05-17,0.50755,-0.65244,0.00096,-0.15297,2.79922,-6.29618
NVDA250117C01240000,NVDA,2025-01-17,1240.00,call,68.11,61.45,61.05,4,61.85,5,0,338,2024-05-17,0.46853,0.31599,0.00100,-0.29161,2.69511,1.55894
NVDA250117P01240000,NVDA,2025-01-17,1240.00,put,358.89,344.85,341.35,48,348.35,8,0,45,2024-05-17,0.50755,-0.65961,0.00095,-0.14863,2.77741,-6.39203
NVDA250117C01250000,NVDA,2025-01-17,1250.00,call,60.33,59.42,58.55,7,60.30,33,1,976,2024-05-17,0.46853,0.30858,0.00099,-0.28826,2.66765,1.52535
NVDA250117P01250000,NVDA,2025-01-17,1250.00,put,470.25,353.05,350.65,35,355.45,5,0,13,2024-05-17,0.52706,-0.65508,0.00092,-0.15988,2.79131,-6.45198
NVDA250117C01260000,NVDA,2025-01-17,1260.00,call,68.40,57.80,57.40,9,58.20,8,0,98,2024-05-17,0.46853,0.30131,0.00098,-0.28485,2.63955,1.49225
NVDA250117P01260000,NVDA,2025-01-17,1260.00,put,450.74,362.23,359.60,1,364.85,7,0,5,2024-05-17,0.52706,-0.66185,0.00092,-0.15558,2.77036,-6.54581
NVDA250117C01270000,NVDA,2025-01-17,1270.00,call,64.80,56.03,55.60,4,56.45,5,0,173,2024-05-17,0.46853,0.29417,0.00097,-0.28140,2.61084,1.45962
NVDA250117P01270000,NVDA,2025-01-17,1270.00,put,418.80,369.90,366.55,44,373.25,10,0,1,2024-05-17,0.52706,-0.66852,0.00091,-0.15123,2.74880,-6.63931
NVDA250117C01280000,NVDA,2025-01-17,1280.00,call,53.26,54.38,54.00,1,54.75,15,19,88,2024-05-17,0.46853,0.28717,0.00096,-0.27790,2.58159,1.42748
NVDA250117P01280000,NVDA,2025-01-17,1280.00,put,484.33,378.35,375.05,40,381.65,5,0,5,2024-05-17,0.52706,-0.67508,0.00090,-0.14682,2.72668,-6.73249
NVDA250117C01290000,NVDA,2025-01-17,1290.00,call,58.75,52.70,52.35,2,53.05,3,20,147,2024-05-17,0.46853,0.28030,0.00095,-0.27437,2.55184,1.39583
NVDA250117P01290000,NVDA,2025-01-17,1290.00,put,371.09,386.88,383.70,38,390.05,2,0,7,2024-05-17,0.52706,-0.68154,0.00089,-0.14237,2.70402,-6.82534
NVDA250117C01300000,NVDA,2025-01-17,1300.00,call,50.34,51.12,50.75,3,51.50,3,71,1904,2024-05-17,0.46853,0.27357,0.00094,-0.27080,2.52163,1.36468
NVDA250117P01300000,NVDA,2025-01-17,1300.00,put,383.17,395.52,393.35,33,397.70,6,0,159,2024-05-17,0.52706,-0.68790,0.00089,-0.13786,2.68086,-6.91785
NVDA250117C01320000,NVDA,2025-01-17,1320.00,call,54.92,48.17,47.90,2,48.45,3,0,263,2024-05-17,0.46853,0.26049,0.00091,-0.26359,2.46001,1.30388
NVDA250117P01320000,NVDA,2025-01-17,1320.00,put,431.10,412.95,409.65,42,416.25,5,0,25,2024-05-17,0.52706,-0.70030,0.00087,-0.12873,2.63318,-7.10184
NVDA250117C01340000,NVDA,2025-01-17,1340.00,call,44.70,45.23,44.85,4,45.60,3,5,217,2024-05-17,0.46853,0.24793,0.00089,-0.25629,2.39709,1.24509
NVDA250117P01340000,NVDA,2025-01-17,1340.00,put,452.12,430.65,427.25,47,434.05,27,0,30,2024-05-17,0.54657,-0.69999,0.00084,-0.13630,2.63438,-7.24231
NVDA250117C01360000,NVDA,2025-01-17,1360.00,call,42.50,42.58,42.20,4,42.95,3,12,298,2024-05-17,0.46853,0.23589,0.00087,-0.24894,2.33317,1.18832
NVDA250117P01360000,NVDA,2025-01-17,1360.00,put,486.77,448.48,445.10,51,451.85,6,0,52,2024-05-17,0.54657,-0.71140,0.00082,-0.12718,2.58766,-7.42171
NVDA250117C01380000,NVDA,2025-01-17,1380.00,call,42.50,40.08,39.70,12,40.45,6,1,348,2024-05-17,0.46853,0.22434,0.00084,-0.24157,2.26854,1.13357
NVDA250117P01380000,NVDA,2025-01-17,1380.00,put,449.22,467.30,464.85,2,469.75,5,0,48,2024-05-17,0.56608,-0.71022,0.00080,-0.13510,2.59262,-7.55766
NVDA250117C01400000,NVDA,2025-01-17,1400.00,call,38.00,37.78,37.45,1,38.10,3,20,1485,2024-05-17,0.46853,0.21327,0.00082,-0.23420,2.20347,1.08083
NVDA250117P01400000,NVDA,2025-01-17,1400.00,put,512.10,485.02,482.95,25,487.10,5,0,36,2024-05-17,0.56608,-0.72074,0.00078,-0.12604,2.54721,-7.73299
NVDA250117C01420000,NVDA,2025-01-17,1420.00,call,35.78,35.55,35.10,6,36.00,5,2,128,2024-05-17,0.46853,0.20269,0.00079,-0.22686,2.13821,1.03007
NVDA250117P01420000,NVDA,2025-01-17,1420.00,put,489.93,504.07,501.15,19,507.00,2,0,12,2024-05-17,0.56608,-0.73093,0.00077,-0.11690,2.50087,-7.90716
NVDA250117C01440000,NVDA,2025-01-17,1440.00,call,34.25,33.53,33.10,5,33.95,5,2,146,2024-05-17,0.46853,0.19256,0.00077,-0.21956,2.07298,0.98128
NVDA250117P01440000,NVDA,2025-01-17,1440.00,put,515.00,522.02,519.55,30,524.50,10,2,0,2024-05-17,0.58560,-0.72859,0.00075,-0.12533,2.51173,-8.03695
NVDA250117C01460000,NVDA,2025-01-17,1460.00,call,36.50,31.60,31.25,13,31.95,5,0,430,2024-05-17,0.46853,0.18288,0.00075,-0.21233,2.00799,0.93442
NVDA250117P01460000,NVDA,2025-01-17,1460.00,put,641.54,541.62,538.35,28,544.90,27,0,1,2024-05-17,0.58560,-0.73803,0.00073,-0.11629,2.46715,-8.20762
NVDA250117C01480000,NVDA,2025-01-17,1480.00,call,29.10,29.80,28.85,7,30.75,1,11,1897,2024-05-17,0.46853,0.17364,0.00072,-0.20517,1.94342,0.88945
NVDA250117P01480000,NVDA,2025-01-17,1480.00,put,609.55,559.65,557.20,37,562.10,11,0,0,2024-05-17,0.60511,-0.73515,0.00071,-0.12506,2.48098,-8.33465
NVDA250117C01490000,NVDA,2025-01-17,1490.00,call,35.65,28.95,28.55,5,29.35,5,0,89,2024-05-17,0.46853,0.16918,0.00071,-0.20163,1.91134,0.86766
NVDA250117P01490000,NVDA,2025-01-17,1490.00,put,626.83,569.23,566.70,40,571.75,5,0,0,2024-05-17,0.60511,-0.73958,0.00071,-0.12060,2.45966,-8.41855
NVDA250117C01500000,NVDA,2025-01-17,1500.00,call,28.20,28.00,27.80,4,28.20,2,65,2392,2024-05-17,0.46853,0.16482,0.00070,-0.19812,1.87943,0.84633
NVDA250117P01500000,NVDA,2025-01-17,1500.00,put,603.75,578.73,576.60,40,580.85,10,0,8,2024-05-17,0.60511,-0.74394,0.00070,-0.11613,2.43823,-8.50221
NVDA250117C01510000,NVDA,2025-01-17,1510.00,call,27.00,27.35,26.95,8,27.75,16,12,154,2024-05-17,0.48804,0.17442,0.00070,-0.21341,1.94900,0.88665
NVDA250117P01510000,NVDA,2025-01-17,1510.00,put,634.94,588.35,585.85,44,590.85,5,0,0,2024-05-17,0.60511,-0.74823,0.00070,-0.11166,2.41668,-8.58564
NVDA250117C01520000,NVDA,2025-01-17,1520.00,call,31.55,26.55,26.15,5,26.95,14,0,67,2024-05-17,0.48804,0.17021,0.00068,-0.20996,1.91882,0.86628
NVDA250117P01520000,NVDA,2025-01-17,1520.00,put,683.80,598.08,595.75,35,600.40,5,0,0,2024-05-17,0.62462,-0.74060,0.00068,-0.12522,2.45467,-8.62698
NVDA250117C01530000,NVDA,2025-01-17,1530.00,call,30.05,25.82,25.45,12,26.20,5,0,58,2024-05-17,0.48804,0.16609,0.00067,-0.20654,1.88880,0.84631
NVDA250117P01530000,NVDA,2025-01-17,1530.00,put,664.50,607.85,605.65,27,610.05,5,0,0,2024-05-17,0.62462,-0.74474,0.00068,-0.12083,2.43425,-8.70949
NVDA250117C01540000,NVDA,2025-01-17,1540.00,call,26.60,25.10,24.70,9,25.50,6,1,15,2024-05-17,0.48804,0.16206,0.00066,-0.20314,1.85895,0.82675
NVDA250117P01540000,NVDA,2025-01-17,1540.00,put,637.83,617.48,615.25,38,619.70,5,0,0,2024-05-17,0.62462,-0.74881,0.00067,-0.11642,2.41375,-8.79177
NVDA250117C01550000,NVDA,2025-01-17,1550.00,call,26.30,24.40,24.10,11,24.70,5,2,242,2024-05-17,0.48804,0.15812,0.00065,-0.19976,1.82927,0.80758
NVDA250117P01550000,NVDA,2025-01-17,1550.00,put,693.70,627.10,625.15,25,629.05,10,0,0,2024-05-17,0.62462,-0.75282,0.00067,-0.11201,2.39317,-8.87385
NVDA250117C01560000,NVDA,2025-01-17,1560.00,call,22.70,23.73,23.35,6,24.10,6,0,182,2024-05-17,0.48804,0.15427,0.00064,-0.19642,1.79979,0.78880
NVDA250117P01560000,NVDA,2025-01-17,1560.00,put,765.72,636.83,634.50,51,639.15,11,0,0,2024-05-17,0.64413,-0.74510,0.00066,-0.12582,2.43246,-8.91469
NVDA250117C01580000,NVDA,2025-01-17,1580.00,call,24.70,22.43,22.05,12,22.80,19,100,71,2024-05-17,0.48804,0.14682,0.00062,-0.18982,1.74145,0.75240
NVDA250117P01580000,NVDA,2025-01-17,1580.00,put,697.72,656.17,653.70,63,658.65,5,0,0,2024-05-17,0.64413,-0.75279,0.00065,-0.11715,2.39337,-9.07701
NVDA250117C01600000,NVDA,2025-01-17,1600.00,call,21.25,21.23,20.95,5,21.50,6,9,687,2024-05-17,0.48804,0.13971,0.00060,-0.18334,1.68403,0.71750
NVDA250117P01600000,NVDA,2025-01-17,1600.00,put,696.59,675.62,673.30,40,677.95,17,0,2,2024-05-17,0.66364,-0.74876,0.00063,-0.12684,2.41404,-9.19841
NVDA250117C01620000,NVDA,2025-01-17,1620.00,call,19.85,20.12,19.80,11,20.45,5,19,70,2024-05-17,0.48804,0.13292,0.00058,-0.17699,1.62759,0.68406
NVDA250117P01620000,NVDA,2025-01-17,1620.00,put,680.37,695.62,693.15,19,698.10,22,0,0,2024-05-17,0.66364,-0.75598,0.00062,-0.11830,2.37671,-9.35851
NVDA250117C01640000,NVDA,2025-01-17,1640.00,call,22.12,19.00,18.75,12,19.25,2,0,750,2024-05-17,0.48804,0.12644,0.00056,-0.17078,1.57221,0.65203
NVDA250117P01640000,NVDA,2025-01-17,1640.00,put,736.40,715.40,712.95,18,717.85,3,0,0,2024-05-17,0.68315,-0.75168,0.00061,-0.12827,2.39908,-9.47867
NVDA250117C01650000,NVDA,2025-01-17,1650.00,call,20.10,18.52,18.25,21,18.80,15,1,109,2024-05-17,0.48804,0.12331,0.00055,-0.16772,1.54494,0.63653
NVDA250117P01650000,NVDA,2025-01-17,1650.00,put,704.52,724.40,719.00,40,729.80,40,0,5,2024-05-17,0.68315,-0.75511,0.00061,-0.12407,2.38129,-9.55780
NVDA250117C01660000,NVDA,2025-01-17,1660.00,call,18.00,18.05,17.75,10,18.35,5,1,46,2024-05-17,0.48804,0.12026,0.00054,-0.16471,1.51795,0.62137
NVDA250117P01660000,NVDA,2025-01-17,1660.00,put,795.75,735.92,729.00,40,742.85,40,0,0,2024-05-17,0.68315,-0.75849,0.00060,-0.11986,2.36346,-9.63677
NVDA250117C01670000,NVDA,2025-01-17,1670.00,call,21.15,17.57,17.25,6,17.90,10,0,26,2024-05-17,0.48804,0.11728,0.00053,-0.16172,1.49126,0.60655
NVDA250117P01670000,NVDA,2025-01-17,1670.00,put,753.12,745.23,742.85,22,747.60,3,0,0,2024-05-17,0.70267,-0.75068,0.00060,-0.13423,2.40421,-9.67754
NVDA250117C01680000,NVDA,2025-01-17,1680.00,call,18.10,17.15,16.85,4,17.45,10,30,75,2024-05-17,0.48804,0.11436,0.00052,-0.15878,1.46486,0.59204
NVDA250117P01680000,NVDA,2025-01-17,1680.00,put,762.20,755.20,752.80,22,757.60,5,0,0,2024-05-17,0.70267,-0.75396,0.00059,-0.13010,2.38727,-9.75591
NVDA250117C01690000,NVDA,2025-01-17,1690.00,call,20.20,16.68,16.35,5,17.00,6,0,61,2024-05-17,0.48804,0.11152,0.00051,-0.15587,1.43876,0.57786
NVDA250117P01690000,NVDA,2025-01-17,1690.00,put,776.80,765.73,758.25,40,773.20,40,0,0,2024-05-17,0.70267,-0.75720,0.00059,-0.12596,2.37030,-9.83413
NVDA250117C01700000,NVDA,2025-01-17,1700.00,call,16.40,16.45,15.95,5,16.95,8,46,857,2024-05-17,0.48804,0.10874,0.00050,-0.15300,1.41297,0.56399
NVDA250117P01700000,NVDA,2025-01-17,1700.00,put,834.41,775.95,768.45,40,783.45,40,0,0,2024-05-17,0.72218,-0.74942,0.00058,-0.14045,2.41064,-9.87532
NVDA250117C01710000,NVDA,2025-01-17,1710.00,call,19.10,15.80,15.50,5,16.10,5,0,10,2024-05-17,0.48804,0.10603,0.00050,-0.15017,1.38749,0.55043
NVDA250117P01710000,NVDA,2025-01-17,1710.00,put,840.20,786.05,778.55,40,793.55,40,0,0,2024-05-17,0.72218,-0.75257,0.00058,-0.13638,2.39450,-9.95298
NVDA250117C01720000,NVDA,2025-01-17,1720.00,call,18.70,15.43,15.15,4,15.70,5,0,26,2024-05-17,0.48804,0.10339,0.00049,-0.14737,1.36233,0.53717
NVDA250117P01720000,NVDA,2025-01-17,1720.00,put,805.20,795.17,792.75,18,797.60,11,0,0,2024-05-17,0.72218,-0.75567,0.00057,-0.13231,2.37833,-10.03051
NVDA250117C01730000,NVDA,2025-01-17,1730.00,call,10.44,15.05,14.75,6,15.35,6,0,13,2024-05-17,0.48804,0.10080,0.00048,-0.14462,1.33748,0.52422
NVDA250117P01730000,NVDA,2025-01-17,1730.00,put,873.30,805.15,802.75,18,807.55,18,0,0,2024-05-17,0.72218,-0.75874,0.00057,-0.12824,2.36214,-10.10791
NVDA250117C01740000,NVDA,2025-01-17,1740.00,call,18.20,14.65,14.35,7,14.95,15,0,29,2024-05-17,0.48804,0.09828,0.00047,-0.14190,1.31295,0.51155
NVDA250117P01740000,NVDA,2025-01-17,1740.00,put,0.00,816.05,808.55,40,823.55,40,0,0,2024-05-17,0.74169,-0.75095,0.00056,-0.14291,2.40284,-10.14915
NVDA250117C01750000,NVDA,2025-01-17,1750.00,call,17.89,14.28,14.05,10,14.50,5,0,128,2024-05-17,0.48804,0.09582,0.00046,-0.13922,1.28874,0.49917
NVDA250117P01750000,NVDA,2025-01-17,1750.00,put,864.62,825.70,818.20,40,833.20,40,0,0,2024-05-17,0.74169,-0.75393,0.00056,-0.13891,2.38743,-10.22604
NVDA250117C01760000,NVDA,2025-01-17,1760.00,call,14.10,14.10,13.55,23,14.65,5,0,34,2024-05-17,0.48804,0.09342,0.00045,-0.13657,1.26485,0.48708
NVDA250117P01760000,NVDA,2025-01-17,1760.00,put,0.00,835.85,828.35,40,843.35,40,0,0,2024-05-17,0.74169,-0.75687,0.00056,-0.13490,2.37200,-10.30281
NVDA250117C01770000,NVDA,2025-01-17,1770.00,call,14.80,13.68,13.25,18,14.10,22,2,29,2024-05-17,0.48804,0.09108,0.00044,-0.13397,1.24129,0.47525
NVDA250117P01770000,NVDA,2025-01-17,1770.00,put,905.85,846.00,838.50,40,853.50,40,0,0,2024-05-17,0.74169,-0.75978,0.00055,-0.13089,2.35655,-10.37946
NVDA250117C01780000,NVDA,2025-01-17,1780.00,call,15.49,13.38,12.95,7,13.80,24,0,111,2024-05-17,0.48804,0.08879,0.00043,-0.13140,1.21805,0.46370
NVDA250117P01780000,NVDA,2025-01-17,1780.00,put,927.84,855.25,852.75,18,857.75,5,0,0,2024-05-17,0.76120,-0.75199,0.00055,-0.14573,2.39746,-10.42082
NVDA250117C01790000,NVDA,2025-01-17,1790.00,call,13.50,12.90,12.70,8,13.10,1,10,438,2024-05-17,0.48804,0.08656,0.00043,-0.12888,1.19514,0.45242
NVDA250117P01790000,NVDA,2025-01-17,1790.00,put,839.10,865.73,858.25,40,873.20,40,0,0,2024-05-17,0.76120,-0.75483,0.00055,-0.14179,2.38275,-10.49701
NVDA250117C01800000,NVDA,2025-01-17,1800.00,call,13.45,12.62,12.40,17,12.85,17,7,436,2024-05-17,0.48804,0.08438,0.00042,-0.12639,1.17255,0.44140
NVDA250117P01800000,NVDA,2025-01-17,1800.00,put,896.34,875.85,868.35,40,883.35,40,0,0,2024-05-17,0.76120,-0.75763,0.00054,-0.13785,2.36802,-10.57308
NVDA250117C01810000,NVDA,2025-01-17,1810.00,call,14.50,12.40,11.95,23,12.85,36,0,41,2024-05-17,0.48804,0.08226,0.00041,-0.12394,1.15030,0.43063
NVDA250117P01810000,NVDA,2025-01-17,1810.00,put,0.00,885.85,878.35,40,893.35,40,0,0,2024-05-17,0.78071,-0.74988,0.00054,-0.15279,2.40832,-10.61495
NVDA250117C01820000,NVDA,2025-01-17,1820.00,call,13.50,12.15,11.75,12,12.55,17,1,306,2024-05-17,0.48804,0.08018,0.00040,-0.12152,1.12837,0.42011
NVDA250117P01820000,NVDA,2025-01-17,1820.00,put,944.01,895.70,888.20,40,903.20,40,0,0,2024-05-17,0.78071,-0.75261,0.00053,-0.14891,2.39429,-10.69059
NVDA250117C01830000,NVDA,2025-01-17,1830.00,call,16.07,11.68,11.10,29,12.25,12,0,5,2024-05-17,0.48804,0.07816,0.00040,-0.11915,1.10676,0.40983
NVDA250117P01830000,NVDA,2025-01-17,1830.00,put,0.00,905.12,902.75,18,907.50,17,0,0,2024-05-17,0.78071,-0.75531,0.00053,-0.14502,2.38024,-10.76613
NVDA250117C01840000,NVDA,2025-01-17,1840.00,call,14.30,11.57,11.20,7,11.95,24,0,218,2024-05-17,0.48804,0.07619,0.00039,-0.11681,1.08548,0.39980
NVDA250117P01840000,NVDA,2025-01-17,1840.00,put,932.25,915.12,912.75,17,917.50,18,0,0,2024-05-17,0.78071,-0.75798,0.00053,-0.14114,2.36618,-10.84157
NVDA250117C01850000,NVDA,2025-01-17,1850.00,call,11.90,11.22,10.85,19,11.60,15,1,49,2024-05-17,0.48804,0.07427,0.00038,-0.11451,1.06453,0.39000
NVDA250117P01850000,NVDA,2025-01-17,1850.00,put,0.00,926.00,918.50,40,933.50,40,0,0,2024-05-17,0.80022,-0.75023,0.00052,-0.15624,2.40651,-10.88363
NVDA250117C01860000,NVDA,2025-01-17,1860.00,call,12.75,11.03,10.65,17,11.40,15,1,41,2024-05-17,0.48804,0.07239,0.00037,-0.11225,1.04390,0.38043
NVDA250117P01860000,NVDA,2025-01-17,1860.00,put,0.00,935.80,928.30,40,943.30,40,0,0,2024-05-17,0.80022,-0.75284,0.00052,-0.15241,2.39311,-10.95867
NVDA250117C01870000,NVDA,2025-01-17,1870.00,call,12.65,10.78,10.40,6,11.15,47,0,3,2024-05-17,0.48804,0.07056,0.00037,-0.11002,1.02359,0.37109
NVDA250117P01870000,NVDA,2025-01-17,1870.00,put,0.00,945.70,938.20,40,953.20,40,0,0,2024-05-17,0.80022,-0.75541,0.00052,-0.14859,2.37969,-11.03362
NVDA250117C01880000,NVDA,2025-01-17,1880.00,call,10.21,10.35,9.80,38,10.90,36,1,94,2024-05-17,0.48804,0.06878,0.00036,-0.10783,1.00361,0.36197
NVDA250117P01880000,NVDA,2025-01-17,1880.00,put,0.00,955.73,948.25,40,963.20,40,0,0,2024-05-17,0.80022,-0.75796,0.00052,-0.14477,2.36626,-11.10848
NVDA250117C01890000,NVDA,2025-01-17,1890.00,call,9.60,10.28,9.90,17,10.65,20,0,60,2024-05-17,0.48804,0.06704,0.00035,-0.10568,0.98394,0.35306
NVDA250117P01890000,NVDA,2025-01-17,1890.00,put,1038.05,966.20,958.70,40,973.70,40,0,0,2024-05-17,0.81974,-0.75023,0.00051,-0.16001,2.40654,-11.15078
NVDA250117C01900000,NVDA,2025-01-17,1900.00,call,9.95,9.93,9.70,17,10.15,6,6,399,2024-05-17,0.48804,0.06534,0.00034,-0.10356,0.96459,0.34437
NVDA250117P01900000,NVDA,2025-01-17,1900.00,put,1022.96,975.10,972.95,16,977.25,16,0,0,2024-05-17,0.81974,-0.75272,0.00051,-0.15625,2.39373,-11.22527
NVDA250117C01910000,NVDA,2025-01-17,1910.00,call,10.66,9.80,9.45,16,10.15,17,2,23,2024-05-17,0.48804,0.06369,0.00034,-0.10148,0.94556,0.33588
NVDA250117P01910000,NVDA,2025-01-17,1910.00,put,1053.95,985.05,976.80,1,993.30,40,0,0,2024-05-17,0.81974,-0.75518,0.00051,-0.15248,2.38091,-11.29968
NVDA250117C01920000,NVDA,2025-01-17,1920.00,call,10.12,9.45,9.20,13,9.70,11,5,44,2024-05-17,0.48804,0.06207,0.00033,-0.09944,0.92684,0.32760
NVDA250117P01920000,NVDA,2025-01-17,1920.00,put,998.53,995.77,988.30,40,1003.25,40,4,0,2024-05-17,0.81974,-0.75761,0.00050,-0.14872,2.36809,-11.37401
NVDA250117C01930000,NVDA,2025-01-17,1930.00,call,9.62,9.45,9.05,21,9.85,7,9,99,2024-05-17,0.50755,0.07006,0.00035,-0.11342,1.01803,0.36627
NVDA250117P01930000,NVDA,2025-01-17,1930.00,put,1007.86,1005.55,998.05,40,1013.05,40,2,0,2024-05-17,0.83925,-0.74990,0.00050,-0.16410,2.40823,-11.41657
NVDA250117C01940000,NVDA,2025-01-17,1940.00,call,9.00,9.00,8.85,2,9.15,3,146,3068,2024-05-17,0.48804,0.05897,0.00032,-0.09546,0.89033,0.31162
NVDA250117P01940000,NVDA,2025-01-17,1940.00,put,1020.95,1016.00,1008.50,40,1023.50,40,0,0,2024-05-17,0.83925,-0.75228,0.00050,-0.16039,2.39599,-11.49055
NVDA250221C00005000,NVDA,2025-02-21,5.00,call,880.09,920.95,915.90,40,926.00,40,0,133,2024-05-17,3.14163,0.99950,0.00000,-0.00864,0.01453,0.02592
NVDA250221P00005000,NVDA,2025-02-21,5.00,put,0.01,0.01,0.00,0,0.01,875,0,243,2024-05-17,1.81483,-0.00002,0.00000,-0.00023,0.00071,-0.00022
NVDA250221C00010000,NVDA,2025-02-21,10.00,call,869.42,916.17,909.60,40,922.75,40,0,18,2024-05-17,2.55628,0.99921,0.00000,-0.01117,0.02195,0.06049
NVDA250221P00010000,NVDA,2025-02-21,10.00,put,0.01,0.01,0.00,0,0.01,1,0,24,2024-05-17,1.54167,-0.00002,0.00000,-0.00023,0.00086,-0.00025
NVDA250221C00015000,NVDA,2025-02-21,15.00,call,869.93,911.38,904.75,40,918.00,40,0,5,2024-05-17,2.26360,0.99900,0.00000,-0.01283,0.02723,0.09567
NVDA250221P00015000,NVDA,2025-02-21,15.00,put,0.01,0.01,0.00,0,0.01,750,0,74,2024-05-17,1.38558,-0.00003,0.00000,-0.00023,0.00094,-0.00026
NVDA250221C00020000,NVDA,2025-02-21,20.00,call,864.92,906.53,899.85,40,913.20,40,0,1,2024-05-17,2.04897,0.99888,0.00000,-0.01359,0.03026,0.13203
NVDA250221P00020000,NVDA,2025-02-21,20.00,put,0.01,0.01,0.00,0,0.01,586,0,482,2024-05-17,1.28802,-0.00003,0.00000,-0.00024,0.00109,-0.00030
NVDA250221C00025000,NVDA,2025-02-21,25.00,call,844.56,901.80,895.20,40,908.40,40,0,1,2024-05-17,1.93190,0.99867,0.00000,-0.01541,0.03546,0.16665
NVDA250221P00025000,NVDA,2025-02-21,25.00,put,0.27,0.01,0.00,0,0.46,70,0,5,2024-05-17,1.20997,-0.00004,0.00000,-0.00025,0.00120,-0.00033
NVDA250221C00030000,NVDA,2025-02-21,30.00,call,0.00,897.33,893.00,11,901.65,40,0,0,2024-05-17,1.89288,0.99826,0.00000,-0.01908,0.04529,0.19812
NVDA250221P00030000,NVDA,2025-02-21,30.00,put,0.00,0.01,0.00,0,0.46,70,0,0,2024-05-17,1.15144,-0.00004,0.00000,-0.00027,0.00135,-0.00037
NVDA250221C00035000,NVDA,2025-02-21,35.00,call,840.00,892.30,888.20,11,896.40,40,0,0,2024-05-17,1.73679,0.99836,0.00000,-0.01783,0.04291,0.23764
NVDA250221P00035000,NVDA,2025-02-21,35.00,put,0.00,0.01,0.00,0,0.47,70,0,0,2024-05-17,1.09290,-0.00004,0.00000,-0.00026,0.00137,-0.00037
NVDA250221C00040000,NVDA,2025-02-21,40.00,call,0.00,887.73,883.45,5,892.00,40,0,0,2024-05-17,1.69776,0.99803,0.00000,-0.02050,0.05063,0.27060
NVDA250221P00040000,NVDA,2025-02-21,40.00,put,0.01,0.24,0.01,1,0.47,70,0,12,2024-05-17,1.36606,-0.00056,0.00000,-0.00380,0.01605,-0.00579
NVDA250221C00045000,NVDA,2025-02-21,45.00,call,0.00,882.88,878.65,11,887.10,40,0,0,2024-05-17,1.61972,0.99794,0.00000,-0.02109,0.05273,0.30703
NVDA250221P00045000,NVDA,2025-02-21,45.00,put,0.00,0.01,0.00,0,0.47,52,0,0,2024-05-17,0.99534,-0.00004,0.00000,-0.00023,0.00132,-0.00034
NVDA250221C00050000,NVDA,2025-02-21,50.00,call,0.00,878.08,874.25,5,881.90,40,0,0,2024-05-17,1.56118,0.99780,0.00001,-0.02216,0.05610,0.34262
NVDA250221P00050000,NVDA,2025-02-21,50.00,put,0.03,0.01,0.00,0,0.05,2,0,479,2024-05-17,0.97583,-0.00005,0.00000,-0.00028,0.00168,-0.00044
NVDA250221C00200000,NVDA,2025-02-21,200.00,call,686.11,734.72,730.90,40,738.55,40,0,13,2024-05-17,0.85876,0.99317,0.00003,-0.05050,0.15438,1.40908
NVDA250221P00200000,NVDA,2025-02-21,200.00,put,0.42,0.52,0.20,7,0.83,62,0,263,2024-05-17,0.72218,-0.00254,0.00001,-0.00781,0.06380,-0.02214
NVDA250221C00210000,NVDA,2025-02-21,210.00,call,703.08,725.08,718.55,40,731.60,40,0,5,2024-05-17,0.81974,0.99344,0.00003,-0.05009,0.14896,1.48615
NVDA250221P00210000,NVDA,2025-02-21,210.00,put,0.50,0.53,0.17,38,0.89,54,0,16,2024-05-17,0.70267,-0.00269,0.00001,-0.00799,0.06724,-0.02335
NVDA250221C00220000,NVDA,2025-02-21,220.00,call,696.90,715.52,709.00,40,722.05,40,0,2,2024-05-17,0.80022,0.99301,0.00003,-0.05216,0.15773,1.55609
NVDA250221P00220000,NVDA,2025-02-21,220.00,put,0.49,0.62,0.30,3,0.95,18,0,130,2024-05-17,0.68315,-0.00283,0.00002,-0.00810,0.07021,-0.02437
NVDA250221C00230000,NVDA,2025-02-21,230.00,call,704.57,706.00,702.00,40,710.00,40,4,0,2024-05-17,0.78071,0.99259,0.00003,-0.05410,0.16601,1.62627
NVDA250221P00230000,NVDA,2025-02-21,230.00,put,0.48,0.46,0.28,5,0.63,8,148,347,2024-05-17,0.64413,-0.00239,0.00001,-0.00656,0.06044,-0.02034
NVDA250221C00240000,NVDA,2025-02-21,240.00,call,619.32,696.65,690.25,40,703.05,40,0,2,2024-05-17,0.78071,0.99121,0.00004,-0.05899,0.19282,1.68700
NVDA250221P00240000,NVDA,2025-02-21,240.00,put,0.49,0.46,0.17,66,0.74,24,411,128,2024-05-17,0.62462,-0.00245,0.00002,-0.00648,0.06165,-0.02067
NVDA250221C00250000,NVDA,2025-02-21,250.00,call,0.00,687.25,683.35,40,691.15,40,0,0,2024-05-17,0.76120,0.99078,0.00004,-0.06078,0.20105,1.75719
NVDA250221P00250000,NVDA,2025-02-21,250.00,put,0.68,0.84,0.51,14,1.17,68,15,27,2024-05-17,0.66364,-0.00451,0.00002,-0.01191,0.10678,-0.03897
NVDA250221C00260000,NVDA,2025-02-21,260.00,call,0.00,677.27,673.50,40,681.05,53,0,0,2024-05-17,0.72218,0.99151,0.00004,-0.05913,0.18714,1.83865
NVDA250221P00260000,NVDA,2025-02-21,260.00,put,0.78,0.81,0.69,5,0.93,28,182,10,2024-05-17,0.64413,-0.00461,0.00003,-0.01178,0.10897,-0.03963
NVDA250221C00270000,NVDA,2025-02-21,270.00,call,620.59,667.83,663.80,40,671.85,57,0,5,2024-05-17,0.70267,0.99122,0.00004,-0.06054,0.19273,1.91017
NVDA250221P00270000,NVDA,2025-02-21,270.00,put,1.07,0.95,0.50,66,1.40,56,0,5,2024-05-17,0.62462,-0.00468,0.00003,-0.01155,0.11040,-0.03997
NVDA250221C00280000,NVDA,2025-02-21,280.00,call,600.14,658.52,654.55,40,662.50,58,0,0,2024-05-17,0.70267,0.98971,0.00005,-0.06528,0.22138,1.97002
NVDA250221P00280000,NVDA,2025-02-21,280.00,put,0.95,1.07,0.61,57,1.54,61,0,88,2024-05-17,0.62462,-0.00567,0.00003,-0.01368,0.13092,-0.04859
NVDA250221C00290000,NVDA,2025-02-21,290.00,call,610.77,648.97,645.05,64,652.90,56,0,2,2024-05-17,0.68315,0.98944,0.00005,-0.06650,0.22647,2.04182
NVDA250221P00290000,NVDA,2025-02-21,290.00,put,1.34,1.20,0.71,72,1.69,59,0,1047,2024-05-17,0.62462,-0.00679,0.00004,-0.01603,0.15370,-0.05844
NVDA250221C00300000,NVDA,2025-02-21,300.00,call,489.73,639.47,636.05,40,642.90,52,0,13,2024-05-17,0.68315,0.98774,0.00006,-0.07141,0.25766,2.10003
NVDA250221P00300000,NVDA,2025-02-21,300.00,put,1.50,1.38,0.95,25,1.80,73,0,271,2024-05-17,0.60511,-0.00683,0.00004,-0.01557,0.15436,-0.05835
NVDA250221C00310000,NVDA,2025-02-21,310.00,call,501.77,630.10,626.15,64,634.05,56,0,3,2024-05-17,0.66364,0.98750,0.00006,-0.07241,0.26211,2.17222
NVDA250221P00310000,NVDA,2025-02-21,310.00,put,1.70,1.55,1.10,21,2.01,63,0,51,2024-05-17,0.60511,-0.00810,0.00005,-0.01807,0.17946,-0.06947
NVDA250221C00320000,NVDA,2025-02-21,320.00,call,507.38,620.42,616.45,64,624.40,53,0,1,2024-05-17,0.64413,0.98731,0.00006,-0.07327,0.26550,2.24496
NVDA250221P00320000,NVDA,2025-02-21,320.00,put,1.59,1.77,1.34,12,2.20,37,0,66,2024-05-17,0.60511,-0.00953,0.00005,-0.02080,0.20690,-0.08200
NVDA250221C00330000,NVDA,2025-02-21,330.00,call,649.12,610.48,606.25,64,614.70,40,0,37,2024-05-17,0.60511,0.98889,0.00006,-0.07000,0.23667,2.33409
NVDA250221P00330000,NVDA,2025-02-21,330.00,put,3.58,1.89,1.37,71,2.40,65,0,68,2024-05-17,0.58560,-0.00951,0.00005,-0.02005,0.20653,-0.08128
NVDA250221C00340000,NVDA,2025-02-21,340.00,call,595.78,601.20,597.00,64,605.40,50,0,6,2024-05-17,0.60511,0.98713,0.00007,-0.07458,0.26877,2.39219
NVDA250221P00340000,NVDA,2025-02-21,340.00,put,1.85,2.10,1.57,48,2.62,68,0,181,2024-05-17,0.58560,-0.01110,0.00006,-0.02290,0.23634,-0.09518
NVDA250221C00350000,NVDA,2025-02-21,350.00,call,586.42,592.60,589.15,40,596.05,53,0,7,2024-05-17,0.62462,0.98318,0.00008,-0.08399,0.33842,2.42950
NVDA250221P00350000,NVDA,2025-02-21,350.00,put,2.10,2.35,1.85,63,2.86,58,0,108,2024-05-17,0.58560,-0.01285,0.00007,-0.02597,0.26852,-0.11064
NVDA250221C00360000,NVDA,2025-02-21,360.00,call,508.02,583.67,580.15,55,587.20,57,0,6,2024-05-17,0.62462,0.98091,0.00009,-0.08931,0.37704,2.48257
NVDA250221P00360000,NVDA,2025-02-21,360.00,put,2.50,2.59,2.04,55,3.15,75,0,17,2024-05-17,0.56608,-0.01277,0.00007,-0.02491,0.26692,-0.10910
NVDA250221C00370000,NVDA,2025-02-21,370.00,call,0.00,574.38,570.20,66,578.55,40,0,0,2024-05-17,0.62462,0.97845,0.00010,-0.09483,0.41776,2.53387
NVDA250221P00370000,NVDA,2025-02-21,370.00,put,3.80,2.88,2.31,54,3.45,78,0,22,2024-05-17,0.56608,-0.01470,0.00008,-0.02808,0.30152,-0.12606
NVDA250221C00380000,NVDA,2025-02-21,380.00,call,496.28,564.60,560.65,70,568.55,56,0,3,2024-05-17,0.60511,0.97832,0.00011,-0.09501,0.41984,2.60780
NVDA250221P00380000,NVDA,2025-02-21,380.00,put,6.60,3.17,2.60,57,3.75,58,0,13,2024-05-17,0.56608,-0.01683,0.00009,-0.03146,0.33851,-0.14473
NVDA250221C00390000,NVDA,2025-02-21,390.00,call,418.98,555.40,551.40,65,559.40,62,0,11,2024-05-17,0.58560,0.97829,0.00011,-0.09503,0.42044,2.68253
NVDA250221P00390000,NVDA,2025-02-21,390.00,put,3.14,3.51,2.92,61,4.10,59,0,198,2024-05-17,0.56608,-0.01914,0.00010,-0.03505,0.37784,-0.16517
NVDA250221C00400000,NVDA,2025-02-21,400.00,call,426.63,546.27,542.75,40,549.80,56,0,46,2024-05-17,0.58560,0.97559,0.00012,-0.10052,0.46395,2.73197
NVDA250221P00400000,NVDA,2025-02-21,400.00,put,4.05,3.90,3.65,5,4.15,76,2,64,2024-05-17,0.54657,-0.01897,0.00010,-0.03350,0.37496,-0.16247
NVDA250221C00410000,NVDA,2025-02-21,410.00,call,557.78,537.50,533.75,48,541.25,40,0,17,2024-05-17,0.58560,0.97270,0.00013,-0.10619,0.50952,2.77950
NVDA250221P00410000,NVDA,2025-02-21,410.00,put,6.50,4.22,3.60,66,4.85,58,0,13,2024-05-17,0.54657,-0.02149,0.00012,-0.03716,0.41678,-0.18462
NVDA250221C00420000,NVDA,2025-02-21,420.00,call,453.35,528.10,524.45,48,531.75,57,0,3,2024-05-17,0.58560,0.96961,0.00014,-0.11203,0.55706,2.82510
NVDA250221P00420000,NVDA,2025-02-21,420.00,put,4.25,4.67,4.50,5,4.85,15,10,9,2024-05-17,0.54657,-0.02422,0.00013,-0.04101,0.46089,-0.20869
NVDA250221C00430000,NVDA,2025-02-21,430.00,call,421.82,518.95,515.25,42,522.65,57,0,5,2024-05-17,0.56608,0.96960,0.00015,-0.11155,0.55728,2.90070
NVDA250221P00430000,NVDA,2025-02-21,430.00,put,8.33,5.12,4.45,72,5.80,61,0,9,2024-05-17,0.54657,-0.02715,0.00014,-0.04504,0.50723,-0.23473
NVDA250221C00440000,NVDA,2025-02-21,440.00,call,530.50,509.22,506.15,53,512.30,30,0,5,2024-05-17,0.56608,0.96626,0.00016,-0.11743,0.60724,2.94425
NVDA250221P00440000,NVDA,2025-02-21,440.00,put,5.25,5.62,4.95,56,6.30,55,0,17,2024-05-17,0.52706,-0.02690,0.00015,-0.04298,0.50330,-0.23073
NVDA250221C00450000,NVDA,2025-02-21,450.00,call,388.65,500.82,497.20,46,504.45,61,0,35,2024-05-17,0.56608,0.96272,0.00018,-0.12346,0.65904,2.98576
NVDA250221P00450000,NVDA,2025-02-21,450.00,put,5.75,6.18,5.90,99,6.45,92,1,109,2024-05-17,0.52706,-0.03007,0.00016,-0.04705,0.55219,-0.25872
NVDA250221C00460000,NVDA,2025-02-21,460.00,call,359.80,491.12,487.80,53,494.45,17,0,5,2024-05-17,0.54657,0.96275,0.00018,-0.12258,0.65862,3.06228
NVDA250221P00460000,NVDA,2025-02-21,460.00,put,7.70,6.78,6.05,61,7.50,59,0,23,2024-05-17,0.52706,-0.03346,0.00017,-0.05127,0.60320,-0.28881
NVDA250221C00470000,NVDA,2025-02-21,470.00,call,353.71,482.40,479.15,46,485.65,31,0,23,2024-05-17,0.54657,0.95895,0.00020,-0.12862,0.71285,3.10159
NVDA250221P00470000,NVDA,2025-02-21,470.00,put,9.55,7.55,6.95,14,8.15,71,0,12,2024-05-17,0.52706,-0.03708,0.00019,-0.05565,0.65624,-0.32105
NVDA250221C00480000,NVDA,2025-02-21,480.00,call,359.50,474.02,470.20,42,477.85,31,0,14,2024-05-17,0.54657,0.95493,0.00021,-0.13478,0.76875,3.13876
NVDA250221P00480000,NVDA,2025-02-21,480.00,put,7.41,8.18,7.50,13,8.85,87,0,67,2024-05-17,0.52706,-0.04093,0.00021,-0.06017,0.71117,-0.35547
NVDA250221C00490000,NVDA,2025-02-21,490.00,call,391.65,464.62,461.35,44,467.90,28,0,19,2024-05-17,0.52706,0.95499,0.00022,-0.13349,0.76788,3.21622
NVDA250221P00490000,NVDA,2025-02-21,490.00,put,8.00,8.85,8.10,34,9.60,68,0,69,2024-05-17,0.52706,-0.04501,0.00022,-0.06481,0.76788,-0.39209
NVDA250221C00500000,NVDA,2025-02-21,500.00,call,443.50,456.33,455.05,2,457.60,2,0,13,2024-05-17,0.54657,0.94623,0.00025,-0.14742,0.88504,3.20660
NVDA250221P00500000,NVDA,2025-02-21,500.00,put,9.65,9.57,9.25,8,9.90,88,2,291,2024-05-17,0.50755,-0.04479,0.00023,-0.06196,0.76488,-0.38694
NVDA250221C00510000,NVDA,2025-02-21,510.00,call,375.15,447.83,444.35,26,451.30,22,0,18,2024-05-17,0.52706,0.94615,0.00026,-0.14590,0.88607,3.28355
NVDA250221P00510000,NVDA,2025-02-21,510.00,put,11.41,10.47,9.95,12,11.00,19,0,29,2024-05-17,0.50755,-0.04916,0.00025,-0.06659,0.82415,-0.42597
NVDA250221C00520000,NVDA,2025-02-21,520.00,call,458.00,439.00,437.35,5,440.65,1,0,28,2024-05-17,0.52706,0.94139,0.00027,-0.15224,0.94727,3.31385
NVDA250221P00520000,NVDA,2025-02-21,520.00,put,13.20,11.45,10.70,39,12.20,46,0,150,2024-05-17,0.50755,-0.05377,0.00027,-0.07132,0.88502,-0.46733
NVDA250221C00530000,NVDA,2025-02-21,530.00,call,409.75,430.55,427.10,20,434.00,41,0,13,2024-05-17,0.52706,0.93641,0.00029,-0.15864,1.00966,3.34188
NVDA250221P00530000,NVDA,2025-02-21,530.00,put,11.40,12.50,11.80,12,13.20,45,0,85,2024-05-17,0.50755,-0.05861,0.00028,-0.07613,0.94733,-0.51101
NVDA250221C00540000,NVDA,2025-02-21,540.00,call,406.00,421.80,418.15,29,425.45,39,0,7,2024-05-17,0.52706,0.93120,0.00031,-0.16510,1.07311,3.36767
NVDA250221P00540000,NVDA,2025-02-21,540.00,put,12.96,13.47,13.20,24,13.75,25,23,53,2024-05-17,0.50755,-0.06369,0.00030,-0.08102,1.01094,-0.55704
NVDA250221C00550000,NVDA,2025-02-21,550.00,call,319.95,413.33,412.10,2,414.55,2,0,29,2024-05-17,0.52706,0.92578,0.00033,-0.17161,1.13745,3.39121
NVDA250221P00550000,NVDA,2025-02-21,550.00,put,13.48,14.60,14.25,9,14.95,8,0,259,2024-05-17,0.50755,-0.06901,0.00032,-0.08597,1.07568,-0.60542
NVDA250221C00560000,NVDA,2025-02-21,560.00,call,370.40,406.02,403.45,5,408.60,2,0,31,2024-05-17,0.52706,0.92014,0.00035,-0.17814,1.20253,3.41251
NVDA250221P00560000,NVDA,2025-02-21,560.00,put,15.53,15.82,15.50,33,16.15,5,3,65,2024-05-17,0.50755,-0.07456,0.00034,-0.09096,1.14139,-0.65612
NVDA250221C00570000,NVDA,2025-02-21,570.00,call,297.05,396.75,395.20,5,398.30,2,0,153,2024-05-17,0.50755,0.91967,0.00036,-0.17588,1.20792,3.48826
NVDA250221P00570000,NVDA,2025-02-21,570.00,put,15.73,16.88,16.10,15,17.65,5,0,104,2024-05-17,0.48804,-0.07472,0.00036,-0.08723,1.14331,-0.65176
NVDA250221C00580000,NVDA,2025-02-21,580.00,call,397.00,388.33,384.55,10,392.10,11,1,30,2024-05-17,0.50755,0.91367,0.00038,-0.18232,1.27509,3.50656
NVDA250221P00580000,NVDA,2025-02-21,580.00,put,19.45,18.27,17.45,31,19.10,15,0,221,2024-05-17,0.48804,-0.08063,0.00038,-0.09214,1.21137,-0.70551
NVDA250221C00590000,NVDA,2025-02-21,590.00,call,390.65,380.43,378.85,4,382.00,4,2,117,2024-05-17,0.50755,0.90746,0.00040,-0.18875,1.34275,3.52256
NVDA250221P00590000,NVDA,2025-02-21,590.00,put,23.20,19.82,19.00,47,20.65,18,0,28,2024-05-17,0.48804,-0.08678,0.00040,-0.09706,1.28014,-0.76167
NVDA250221C00600000,NVDA,2025-02-21,600.00,call,373.00,372.35,371.15,2,373.55,2,0,181,2024-05-17,0.50755,0.90104,0.00042,-0.19518,1.41074,3.53629
NVDA250221P00600000,NVDA,2025-02-21,600.00,put,20.75,21.62,21.25,33,22.00,18,2,350,2024-05-17,0.48804,-0.09316,0.00042,-0.10199,1.34946,-0.82024
NVDA250221C00605000,NVDA,2025-02-21,605.00,call,370.66,368.38,366.80,2,369.95,2,51,105,2024-05-17,0.50755,0.89774,0.00043,-0.19838,1.44480,3.54232
NVDA250221P00605000,NVDA,2025-02-21,605.00,put,21.55,22.45,22.15,33,22.75,5,5,22,2024-05-17,0.48804,-0.09644,0.00043,-0.10445,1.38427,-0.85041
NVDA250221C00610000,NVDA,2025-02-21,610.00,call,366.50,364.45,363.10,2,365.80,1,9,47,2024-05-17,0.50755,0.89440,0.00044,-0.20157,1.47889,3.54779
NVDA250221P00610000,NVDA,2025-02-21,610.00,put,21.61,23.45,23.10,16,23.80,22,0,50,2024-05-17,0.48804,-0.09977,0.00044,-0.10690,1.41915,-0.88117
NVDA250221C00615000,NVDA,2025-02-21,615.00,call,278.25,360.48,359.10,6,361.85,2,0,47,2024-05-17,0.50755,0.89101,0.00045,-0.20476,1.51298,3.55272
NVDA250221P00615000,NVDA,2025-02-21,615.00,put,30.49,24.20,23.70,27,24.70,18,0,25,2024-05-17,0.48804,-0.10316,0.00045,-0.10935,1.45408,-0.91253
NVDA250221C00620000,NVDA,2025-02-21,620.00,call,354.50,356.57,355.20,11,357.95,2,0,70,2024-05-17,0.50755,0.88757,0.00046,-0.20793,1.54706,3.55709
NVDA250221P00620000,NVDA,2025-02-21,620.00,put,23.50,24.82,23.90,69,25.75,12,1,833,2024-05-17,0.48804,-0.10660,0.00047,-0.11179,1.48905,-0.94446
NVDA250221C00625000,NVDA,2025-02-21,625.00,call,313.35,352.68,351.30,2,354.05,2,0,72,2024-05-17,0.50755,0.88408,0.00047,-0.21109,1.58110,3.56093
NVDA250221P00625000,NVDA,2025-02-21,625.00,put,32.55,26.00,25.60,32,26.40,5,0,257,2024-05-17,0.48804,-0.11010,0.00048,-0.11422,1.52402,-0.97697
NVDA250221C00630000,NVDA,2025-02-21,630.00,call,354.00,348.82,347.45,2,350.20,2,0,92,2024-05-17,0.50755,0.88055,0.00049,-0.21423,1.61510,3.56423
NVDA250221P00630000,NVDA,2025-02-21,630.00,put,24.00,27.10,26.70,14,27.50,9,0,73,2024-05-17,0.48804,-0.11364,0.00049,-0.11664,1.55898,-1.01005
NVDA250221C00635000,NVDA,2025-02-21,635.00,call,275.50,345.00,343.65,5,346.35,4,0,66,2024-05-17,0.50755,0.87696,0.00050,-0.21736,1.64902,3.56699
NVDA250221P00635000,NVDA,2025-02-21,635.00,put,27.00,28.05,27.65,26,28.45,8,5,25,2024-05-17,0.48804,-0.11724,0.00050,-0.11904,1.59391,-1.04370
NVDA250221C00640000,NVDA,2025-02-21,640.00,call,348.75,341.20,339.85,2,342.55,2,5,159,2024-05-17,0.50755,0.87333,0.00051,-0.22047,1.68285,3.56924
NVDA250221P00640000,NVDA,2025-02-21,640.00,put,26.44,29.07,28.65,26,29.50,16,0,99,2024-05-17,0.48804,-0.12089,0.00051,-0.12143,1.62879,-1.07792
NVDA250221C00645000,NVDA,2025-02-21,645.00,call,300.10,337.48,336.15,2,338.80,2,0,85,2024-05-17,0.50755,0.86966,0.00052,-0.22356,1.71658,3.57096
NVDA250221P00645000,NVDA,2025-02-21,645.00,put,30.00,30.00,29.65,14,30.35,3,0,70,2024-05-17,0.48804,-0.12459,0.00052,-0.12380,1.66359,-1.11269
NVDA250221C00650000,NVDA,2025-02-21,650.00,call,354.00,333.70,332.70,2,334.70,2,0,112,2024-05-17,0.50755,0.86594,0.00053,-0.22662,1.75018,3.57217
NVDA250221P00650000,NVDA,2025-02-21,650.00,put,31.70,31.02,30.70,13,31.35,3,2,317,2024-05-17,0.48804,-0.12834,0.00053,-0.12615,1.69831,-1.14802
NVDA250221C00655000,NVDA,2025-02-21,655.00,call,288.40,330.00,328.75,1,331.25,2,0,35,2024-05-17,0.50755,0.86218,0.00054,-0.22967,1.78365,3.57287
NVDA250221P00655000,NVDA,2025-02-21,655.00,put,29.40,32.28,31.85,24,32.70,15,0,29,2024-05-17,0.48804,-0.13214,0.00054,-0.12849,1.73292,-1.18389
NVDA250221C00660000,NVDA,2025-02-21,660.00,call,346.15,326.33,325.05,1,327.60,2,0,112,2024-05-17,0.50755,0.85838,0.00055,-0.23269,1.81696,3.57306
NVDA250221P00660000,NVDA,2025-02-21,660.00,put,30.77,33.40,32.95,21,33.85,7,0,31,2024-05-17,0.48804,-0.13598,0.00055,-0.13080,1.76740,-1.22030
NVDA250221C00665000,NVDA,2025-02-21,665.00,call,286.10,322.57,321.25,4,323.90,4,0,30,2024-05-17,0.48804,0.86013,0.00056,-0.22631,1.80173,3.63975
NVDA250221P00665000,NVDA,2025-02-21,665.00,put,36.82,34.55,34.10,13,35.00,8,0,10,2024-05-17,0.48804,-0.13987,0.00056,-0.13309,1.80173,-1.25725
NVDA250221C00670000,NVDA,2025-02-21,670.00,call,335.57,319.05,317.85,12,320.25,4,1,108,2024-05-17,0.48804,0.85619,0.00057,-0.22927,1.83590,3.63909
NVDA250221P00670000,NVDA,2025-02-21,670.00,put,38.50,35.58,35.00,10,36.15,7,0,24,2024-05-17,0.48804,-0.14381,0.00057,-0.13535,1.83590,-1.29472
NVDA250221C00675000,NVDA,2025-02-21,675.00,call,334.85,315.33,314.05,13,316.60,2,0,66,2024-05-17,0.48804,0.85221,0.00058,-0.23221,1.86989,3.63792
NVDA250221P00675000,NVDA,2025-02-21,675.00,put,37.85,36.80,36.45,26,37.15,3,1,14,2024-05-17,0.48804,-0.14779,0.00058,-0.13759,1.86989,-1.33271
NVDA250221C00680000,NVDA,2025-02-21,680.00,call,222.60,311.73,310.40,2,313.05,2,0,97,2024-05-17,0.48804,0.84819,0.00059,-0.23512,1.90368,3.63623
NVDA250221P00680000,NVDA,2025-02-21,680.00,put,34.80,38.15,37.70,19,38.60,7,0,62,2024-05-17,0.48804,-0.15181,0.00059,-0.13980,1.90368,-1.37122
NVDA250221C00685000,NVDA,2025-02-21,685.00,call,316.09,308.15,306.85,2,309.45,2,10,61,2024-05-17,0.48804,0.84413,0.00061,-0.23801,1.93726,3.63403
NVDA250221P00685000,NVDA,2025-02-21,685.00,put,36.47,39.45,39.00,11,39.90,14,0,6,2024-05-17,0.48804,-0.15587,0.00061,-0.14199,1.93726,-1.41024
NVDA250221C00690000,NVDA,2025-02-21,690.00,call,277.80,304.65,303.35,6,305.95,2,0,115,2024-05-17,0.48804,0.84002,0.00062,-0.24086,1.97061,3.63133
NVDA250221P00690000,NVDA,2025-02-21,690.00,put,49.10,40.73,40.25,22,41.20,14,0,33,2024-05-17,0.48804,-0.15998,0.00062,-0.14414,1.97061,-1.44976
NVDA250221C00695000,NVDA,2025-02-21,695.00,call,252.05,301.20,299.95,1,302.45,2,0,83,2024-05-17,0.48804,0.83588,0.00063,-0.24369,2.00371,3.62814
NVDA250221P00695000,NVDA,2025-02-21,695.00,put,51.43,41.90,41.55,15,42.25,3,0,15,2024-05-17,0.48804,-0.16412,0.00063,-0.14626,2.00371,-1.48977
NVDA250221C00700000,NVDA,2025-02-21,700.00,call,314.10,297.60,296.60,2,298.60,2,0,165,2024-05-17,0.48804,0.83170,0.00064,-0.24648,2.03654,3.62447
NVDA250221P00700000,NVDA,2025-02-21,700.00,put,40.39,43.30,42.90,16,43.70,6,0,283,2024-05-17,0.48804,-0.16830,0.00064,-0.14835,2.03654,-1.53026
NVDA250221C00705000,NVDA,2025-02-21,705.00,call,271.50,294.20,292.85,2,295.55,2,0,55,2024-05-17,0.48804,0.82748,0.00065,-0.24924,2.06910,3.62031
NVDA250221P00705000,NVDA,2025-02-21,705.00,put,72.17,44.65,44.25,24,45.05,4,0,59,2024-05-17,0.48804,-0.17252,0.00065,-0.15041,2.06910,-1.57124
NVDA250221C00710000,NVDA,2025-02-21,710.00,call,236.70,290.80,289.50,2,292.10,2,0,93,2024-05-17,0.48804,0.82322,0.00066,-0.25196,2.10137,3.61568
NVDA250221P00710000,NVDA,2025-02-21,710.00,put,46.76,46.15,45.65,23,46.65,6,3,21,2024-05-17,0.48804,-0.17678,0.00066,-0.15243,2.10137,-1.61269
NVDA250221C00715000,NVDA,2025-02-21,715.00,call,289.90,287.38,286.05,2,288.70,2,0,99,2024-05-17,0.48804,0.81893,0.00067,-0.25465,2.13333,3.61059
NVDA250221P00715000,NVDA,2025-02-21,715.00,put,73.30,47.42,46.75,13,48.10,6,0,14,2024-05-17,0.48804,-0.18107,0.00067,-0.15442,2.13333,-1.65459
NVDA250221C00720000,NVDA,2025-02-21,720.00,call,270.45,284.02,282.70,7,285.35,2,0,38,2024-05-17,0.48804,0.81460,0.00068,-0.25730,2.16497,3.60505
NVDA250221P00720000,NVDA,2025-02-21,720.00,put,47.19,49.05,48.55,19,49.55,7,1,17,2024-05-17,0.48804,-0.18540,0.00068,-0.15637,2.16497,-1.69696
NVDA250221C00725000,NVDA,2025-02-21,725.00,call,288.25,280.73,279.45,13,282.00,2,2,58,2024-05-17,0.48804,0.81024,0.00069,-0.25992,2.19628,3.59905
NVDA250221P00725000,NVDA,2025-02-21,725.00,put,45.45,50.45,50.05,23,50.85,4,0,50,2024-05-17,0.48804,-0.18976,0.00069,-0.15829,2.19628,-1.73977
NVDA250221C00730000,NVDA,2025-02-21,730.00,call,207.03,277.40,276.10,7,278.70,2,0,21,2024-05-17,0.48804,0.80585,0.00070,-0.26249,2.22725,3.59262
NVDA250221P00730000,NVDA,2025-02-21,730.00,put,66.59,52.05,51.50,12,52.60,6,0,7,2024-05-17,0.48804,-0.19415,0.00070,-0.16016,2.22725,-1.78303
NVDA250221C00735000,NVDA,2025-02-21,735.00,call,296.00,274.12,272.80,2,275.45,6,0,37,2024-05-17,0.48804,0.80143,0.00071,-0.26503,2.25786,3.58575
NVDA250221P00735000,NVDA,2025-02-21,735.00,put,83.55,53.50,53.10,25,53.90,3,0,102,2024-05-17,0.48804,-0.19857,0.00071,-0.16200,2.25786,-1.82671
NVDA250221C00740000,NVDA,2025-02-21,740.00,call,236.24,270.88,269.55,11,272.20,2,0,49,2024-05-17,0.48804,0.79698,0.00071,-0.26753,2.28810,3.57846
NVDA250221P00740000,NVDA,2025-02-21,740.00,put,52.07,55.23,54.70,10,55.75,6,1,21,2024-05-17,0.48804,-0.20302,0.00071,-0.16379,2.28810,-1.87082
NVDA250221C00745000,NVDA,2025-02-21,745.00,call,196.35,267.65,266.35,18,268.95,2,0,72,2024-05-17,0.48804,0.79250,0.00072,-0.26998,2.31796,3.57076
NVDA250221P00745000,NVDA,2025-02-21,745.00,put,87.39,56.70,56.30,25,57.10,3,0,17,2024-05-17,0.48804,-0.20750,0.00072,-0.16555,2.31796,-1.91535
NVDA250221C00750000,NVDA,2025-02-21,750.00,call,259.85,264.38,263.35,2,265.40,2,1,126,2024-05-17,0.48804,0.78799,0.00073,-0.27239,2.34743,3.56264
NVDA250221P00750000,NVDA,2025-02-21,750.00,put,56.77,58.35,58.00,1,58.70,3,6,217,2024-05-17,0.48804,-0.21201,0.00073,-0.16726,2.34743,-1.96028
NVDA250221C00755000,NVDA,2025-02-21,755.00,call,210.00,261.27,259.95,8,262.60,2,0,104,2024-05-17,0.48804,0.78346,0.00074,-0.27477,2.37649,3.55413
NVDA250221P00755000,NVDA,2025-02-21,755.00,put,93.85,59.98,59.25,7,60.70,6,0,15,2024-05-17,0.48804,-0.21654,0.00074,-0.16893,2.37649,-2.00561
NVDA250221C00760000,NVDA,2025-02-21,760.00,call,278.99,258.12,256.80,8,259.45,4,0,37,2024-05-17,0.48804,0.77890,0.00075,-0.27709,2.40515,3.54523
NVDA250221P00760000,NVDA,2025-02-21,760.00,put,62.30,61.85,61.30,15,62.40,6,2,23,2024-05-17,0.48804,-0.22110,0.00075,-0.17056,2.40515,-2.05134
NVDA250221C00765000,NVDA,2025-02-21,765.00,call,262.25,255.05,253.75,14,256.35,4,2,93,2024-05-17,0.48804,0.77432,0.00076,-0.27938,2.43339,3.53594
NVDA250221P00765000,NVDA,2025-02-21,765.00,put,62.40,63.38,62.90,12,63.85,4,0,85,2024-05-17,0.48804,-0.22568,0.00076,-0.17214,2.43339,-2.09745
NVDA250221C00770000,NVDA,2025-02-21,770.00,call,258.05,251.90,250.80,2,253.00,1,6,47,2024-05-17,0.48804,0.76972,0.00077,-0.28162,2.46119,3.52627
NVDA250221P00770000,NVDA,2025-02-21,770.00,put,63.15,65.15,64.50,15,65.80,12,2,68,2024-05-17,0.48804,-0.23028,0.00077,-0.17368,2.46119,-2.14393
NVDA250221C00775000,NVDA,2025-02-21,775.00,call,270.80,248.85,247.50,2,250.20,2,0,149,2024-05-17,0.48804,0.76509,0.00078,-0.28381,2.48856,3.51624
NVDA250221P00775000,NVDA,2025-02-21,775.00,put,61.83,66.95,66.45,22,67.45,4,0,14,2024-05-17,0.48804,-0.23491,0.00078,-0.17517,2.48856,-2.19078
NVDA250221C00780000,NVDA,2025-02-21,780.00,call,252.50,245.95,244.70,2,247.20,2,13,54,2024-05-17,0.48804,0.76044,0.00079,-0.28596,2.51549,3.50585
NVDA250221P00780000,NVDA,2025-02-21,780.00,put,67.05,68.82,68.10,15,69.55,5,5,54,2024-05-17,0.48804,-0.23956,0.00079,-0.17662,2.51549,-2.23799
NVDA250221C00785000,NVDA,2025-02-21,785.00,call,249.85,242.85,241.55,2,244.15,2,4,32,2024-05-17,0.48804,0.75578,0.00079,-0.28806,2.54196,3.49511
NVDA250221P00785000,NVDA,2025-02-21,785.00,put,66.51,70.53,69.95,15,71.10,4,0,9,2024-05-17,0.48804,-0.24422,0.00079,-0.17802,2.54196,-2.28555
NVDA250221C00790000,NVDA,2025-02-21,790.00,call,245.40,239.85,238.65,9,241.05,2,4,145,2024-05-17,0.48804,0.75109,0.00080,-0.29012,2.56797,3.48403
NVDA250221P00790000,NVDA,2025-02-21,790.00,put,70.40,72.58,72.15,1,73.00,3,4,421,2024-05-17,0.48804,-0.24891,0.00080,-0.17938,2.56797,-2.33345
NVDA250221C00795000,NVDA,2025-02-21,795.00,call,243.50,237.00,235.70,5,238.30,2,6,66,2024-05-17,0.48804,0.74639,0.00081,-0.29213,2.59351,3.47261
NVDA250221P00795000,NVDA,2025-02-21,795.00,put,85.18,74.50,74.05,4,74.95,3,0,8,2024-05-17,0.48804,-0.25361,0.00081,-0.18069,2.59351,-2.38169
NVDA250221C00800000,NVDA,2025-02-21,800.00,call,250.70,234.00,233.00,12,235.00,2,0,216,2024-05-17,0.48804,0.74167,0.00082,-0.29409,2.61858,3.46086
NVDA250221P00800000,NVDA,2025-02-21,800.00,put,76.86,76.30,75.75,4,76.85,4,3,778,2024-05-17,0.48804,-0.25833,0.00082,-0.18195,2.61858,-2.43026
NVDA250221C00810000,NVDA,2025-02-21,810.00,call,234.85,228.30,227.15,6,229.45,2,14,85,2024-05-17,0.48804,0.73218,0.00083,-0.29787,2.66727,3.43643
NVDA250221P00810000,NVDA,2025-02-21,810.00,put,78.55,80.33,79.70,5,80.95,5,4,152,2024-05-17,0.48804,-0.26782,0.00083,-0.18432,2.66727,-2.52833
NVDA250221C00820000,NVDA,2025-02-21,820.00,call,228.90,222.75,221.45,2,224.05,6,16,79,2024-05-17,0.48804,0.72265,0.00085,-0.30145,2.71400,3.41079
NVDA250221P00820000,NVDA,2025-02-21,820.00,put,78.85,84.42,83.75,7,85.10,5,0,100,2024-05-17,0.48804,-0.27735,0.00085,-0.18651,2.71400,-2.62761
NVDA250221C00830000,NVDA,2025-02-21,830.00,call,222.05,217.18,216.05,2,218.30,2,18,124,2024-05-17,0.48804,0.71307,0.00086,-0.30484,2.75874,3.38401
NVDA250221P00830000,NVDA,2025-02-21,830.00,put,83.30,88.65,88.00,5,89.30,11,0,78,2024-05-17,0.48804,-0.28693,0.00086,-0.18849,2.75874,-2.72803
NVDA250221C00840000,NVDA,2025-02-21,840.00,call,210.65,211.68,210.40,2,212.95,7,15,82,2024-05-17,0.48804,0.70345,0.00087,-0.30803,2.80145,3.35614
NVDA250221P00840000,NVDA,2025-02-21,840.00,put,93.00,92.97,92.30,1,93.65,7,2,63,2024-05-17,0.48804,-0.29655,0.00087,-0.19028,2.80145,-2.82953
NVDA250221C00850000,NVDA,2025-02-21,850.00,call,219.77,206.43,205.40,4,207.45,2,1,235,2024-05-17,0.48804,0.69381,0.00089,-0.31103,2.84211,3.32726
NVDA250221P00850000,NVDA,2025-02-21,850.00,put,97.00,97.42,96.75,6,98.10,4,5,76,2024-05-17,0.48804,-0.30619,0.00089,-0.19188,2.84211,-2.93205
NVDA250221C00860000,NVDA,2025-02-21,860.00,call,220.90,201.23,200.05,5,202.40,7,0,127,2024-05-17,0.48804,0.68414,0.00090,-0.31382,2.88071,3.29743
NVDA250221P00860000,NVDA,2025-02-21,860.00,put,101.70,102.05,101.45,3,102.65,5,12,65,2024-05-17,0.48804,-0.31586,0.00090,-0.19327,2.88071,-3.03553
NVDA250221C00870000,NVDA,2025-02-21,870.00,call,201.25,196.25,194.95,5,197.55,2,2,104,2024-05-17,0.48804,0.67446,0.00091,-0.31642,2.91723,3.26670
NVDA250221P00870000,NVDA,2025-02-21,870.00,put,105.00,106.65,105.90,13,107.40,10,1,81,2024-05-17,0.48804,-0.32554,0.00091,-0.19447,2.91723,-3.13990
NVDA250221C00880000,NVDA,2025-02-21,880.00,call,212.72,191.25,189.95,19,192.55,24,0,122,2024-05-17,0.48804,0.66477,0.00092,-0.31882,2.95167,3.23513
NVDA250221P00880000,NVDA,2025-02-21,880.00,put,111.10,111.50,110.80,14,112.20,5,12,26,2024-05-17,0.48804,-0.33523,0.00092,-0.19546,2.95167,-3.24510
NVDA250221C00890000,NVDA,2025-02-21,890.00,call,186.40,186.35,185.30,26,187.40,5,57,292,2024-05-17,0.48804,0.65509,0.00093,-0.32102,2.98401,3.20279
NVDA250221P00890000,NVDA,2025-02-21,890.00,put,110.01,116.38,115.60,6,117.15,5,0,37,2024-05-17,0.48804,-0.34491,0.00093,-0.19626,2.98401,-3.35108
NVDA250221C00900000,NVDA,2025-02-21,900.00,call,182.12,181.65,180.70,5,182.60,2,3,310,2024-05-17,0.48804,0.64541,0.00094,-0.32303,3.01427,3.16972
NVDA250221P00900000,NVDA,2025-02-21,900.00,put,121.00,121.38,120.65,6,122.10,4,2,70,2024-05-17,0.48804,-0.35459,0.00094,-0.19687,3.01427,-3.45779
NVDA250221C00910000,NVDA,2025-02-21,910.00,call,185.55,177.00,175.70,3,178.30,5,0,352,2024-05-17,0.48804,0.63574,0.00095,-0.32484,3.04246,3.13599
NVDA250221P00910000,NVDA,2025-02-21,910.00,put,123.80,126.57,125.85,3,127.30,5,2,56,2024-05-17,0.48804,-0.36426,0.00095,-0.19728,3.04246,-3.56516
NVDA250221C00920000,NVDA,2025-02-21,920.00,call,169.50,172.35,171.60,10,173.10,8,4,244,2024-05-17,0.48804,0.62610,0.00096,-0.32647,3.06858,3.10165
NVDA250221P00920000,NVDA,2025-02-21,920.00,put,122.70,131.75,130.95,6,132.55,10,0,46,2024-05-17,0.48804,-0.37390,0.00096,-0.19750,3.06858,-3.67314
NVDA250221C00930000,NVDA,2025-02-21,930.00,call,169.00,167.93,167.25,10,168.60,4,3,220,2024-05-17,0.48804,0.61648,0.00097,-0.32790,3.09264,3.06675
NVDA250221P00930000,NVDA,2025-02-21,930.00,put,137.75,137.07,136.25,6,137.90,4,76,48,2024-05-17,0.48804,-0.38352,0.00097,-0.19754,3.09264,-3.78168
NVDA250221C00940000,NVDA,2025-02-21,940.00,call,169.00,163.62,162.95,6,164.30,2,12,243,2024-05-17,0.48804,0.60689,0.00097,-0.32915,3.11468,3.03134
NVDA250221P00940000,NVDA,2025-02-21,940.00,put,144.75,142.57,141.70,6,143.45,4,1,69,2024-05-17,0.48804,-0.39311,0.00097,-0.19738,3.11468,-3.89073
NVDA250221C00950000,NVDA,2025-02-21,950.00,call,160.00,159.32,158.70,4,159.95,4,2,245,2024-05-17,0.48804,0.59734,0.00098,-0.33021,3.13470,2.99547
NVDA250221P00950000,NVDA,2025-02-21,950.00,put,137.93,148.10,147.30,11,148.90,8,0,175,2024-05-17,0.48804,-0.40266,0.00098,-0.19704,3.13470,-4.00023
NVDA250221C00960000,NVDA,2025-02-21,960.00,call,169.50,155.20,154.50,11,155.90,9,0,120,2024-05-17,0.48804,0.58783,0.00098,-0.33109,3.15274,2.95920
NVDA250221P00960000,NVDA,2025-02-21,960.00,put,163.35,153.88,153.05,5,154.70,4,0,27,2024-05-17,0.48804,-0.41217,0.00098,-0.19652,3.15274,-4.11015
NVDA250221C00970000,NVDA,2025-02-21,970.00,call,157.60,151.12,150.45,25,151.80,5,2,196,2024-05-17,0.48804,0.57837,0.00099,-0.33179,3.16881,2.92255
NVDA250221P00970000,NVDA,2025-02-21,970.00,put,169.40,159.62,158.00,35,161.25,38,0,24,2024-05-17,0.48804,-0.42163,0.00099,-0.19582,3.16881,-4.22043
NVDA250221C00980000,NVDA,2025-02-21,980.00,call,151.55,147.15,146.45,16,147.85,7,49,114,2024-05-17,0.48804,0.56896,0.00099,-0.33232,3.18297,2.88559
NVDA250221P00980000,NVDA,2025-02-21,980.00,put,175.50,165.95,164.00,36,167.90,1,0,28,2024-05-17,0.48804,-0.43104,0.00099,-0.19495,3.18297,-4.33103
NVDA250221C00990000,NVDA,2025-02-21,990.00,call,142.25,143.30,142.65,6,143.95,4,1,223,2024-05-17,0.48804,0.55961,0.00100,-0.33268,3.19523,2.84836
NVDA250221P00990000,NVDA,2025-02-21,990.00,put,209.63,171.45,169.60,16,173.30,17,0,32,2024-05-17,0.48804,-0.44039,0.00100,-0.19391,3.19523,-4.44190
NVDA250221C01000000,NVDA,2025-02-21,1000.00,call,139.00,139.45,138.80,5,140.10,4,2,496,2024-05-17,0.48804,0.55032,0.00100,-0.33288,3.20563,2.81089
NVDA250221P01000000,NVDA,2025-02-21,1000.00,put,167.27,176.43,173.20,2,179.65,15,0,1386,2024-05-17,0.48804,-0.44968,0.00100,-0.19270,3.20563,-4.55301
NVDA250221C01010000,NVDA,2025-02-21,1010.00,call,137.50,135.82,135.15,11,136.50,4,10,119,2024-05-17,0.48804,0.54109,0.00100,-0.33291,3.21421,2.77322
NVDA250221P01010000,NVDA,2025-02-21,1010.00,put,212.75,183.85,182.15,41,185.55,41,0,37,2024-05-17,0.48804,-0.45891,0.00100,-0.19133,3.21421,-4.66432
NVDA250221C01020000,NVDA,2025-02-21,1020.00,call,142.52,132.20,131.50,29,132.90,4,0,166,2024-05-17,0.46853,0.52632,0.00105,-0.32199,3.22433,2.74381
NVDA250221P01020000,NVDA,2025-02-21,1020.00,put,181.00,187.75,183.20,1,192.30,15,0,25,2024-05-17,0.48804,-0.46807,0.00101,-0.18980,3.22100,-4.77578
NVDA250221C01030000,NVDA,2025-02-21,1030.00,call,126.45,128.68,128.00,12,129.35,4,61,168,2024-05-17,0.46853,0.51685,0.00105,-0.32157,3.22848,2.70320
NVDA250221P01030000,NVDA,2025-02-21,1030.00,put,183.45,198.05,192.10,2,204.00,12,0,19,2024-05-17,0.48804,-0.47715,0.00101,-0.18812,3.22606,-4.88736
NVDA250221C01040000,NVDA,2025-02-21,1040.00,call,129.50,125.25,124.55,14,125.95,4,5,264,2024-05-17,0.46853,0.50746,0.00105,-0.32099,3.23080,2.66251
NVDA250221P01040000,NVDA,2025-02-21,1040.00,put,192.60,203.30,198.55,2,208.05,1,0,20,2024-05-17,0.48804,-0.48616,0.00101,-0.18628,3.22942,-4.99902
NVDA250221C01050000,NVDA,2025-02-21,1050.00,call,122.00,121.95,120.15,5,123.75,16,9,2252,2024-05-17,0.46853,0.49816,0.00105,-0.32026,3.23133,2.62180
NVDA250221P01050000,NVDA,2025-02-21,1050.00,put,232.00,208.43,205.10,1,211.75,15,0,40,2024-05-17,0.48804,-0.49509,0.00101,-0.18430,3.23112,-5.11074
NVDA250221C01060000,NVDA,2025-02-21,1060.00,call,122.85,118.67,118.00,10,119.35,4,2,249,2024-05-17,0.46853,0.48895,0.00105,-0.31938,3.23012,2.58110
NVDA250221P01060000,NVDA,2025-02-21,1060.00,put,254.50,216.48,209.55,1,223.40,15,0,12,2024-05-17,0.48804,-0.50393,0.00101,-0.18218,3.23121,-5.22247
NVDA250221C01070000,NVDA,2025-02-21,1070.00,call,105.20,115.47,114.80,20,116.15,4,0,78,2024-05-17,0.46853,0.47982,0.00105,-0.31837,3.22723,2.54043
NVDA250221P01070000,NVDA,2025-02-21,1070.00,put,218.65,224.07,216.35,1,231.80,18,2,15,2024-05-17,0.48804,-0.51269,0.00101,-0.17993,3.22973,-5.33419
NVDA250221C01080000,NVDA,2025-02-21,1080.00,call,126.80,112.38,111.70,23,113.05,4,0,69,2024-05-17,0.46853,0.47080,0.00105,-0.31721,3.22270,2.49984
NVDA250221P01080000,NVDA,2025-02-21,1080.00,put,259.90,229.65,224.00,14,235.30,34,0,40,2024-05-17,0.48804,-0.52137,0.00101,-0.17754,3.22673,-5.44586
NVDA250221C01090000,NVDA,2025-02-21,1090.00,call,124.10,109.35,108.65,27,110.05,4,0,143,2024-05-17,0.46853,0.46187,0.00105,-0.31593,3.21659,2.45936
NVDA250221P01090000,NVDA,2025-02-21,1090.00,put,264.80,237.85,233.45,41,242.25,43,0,21,2024-05-17,0.50755,-0.52213,0.00097,-0.18677,3.22639,-5.55023
NVDA250221C01100000,NVDA,2025-02-21,1100.00,call,106.98,106.40,105.80,16,107.00,4,2,230,2024-05-17,0.46853,0.45304,0.00104,-0.31453,3.20895,2.41901
NVDA250221P01100000,NVDA,2025-02-21,1100.00,put,302.00,244.60,240.15,40,249.05,19,0,68,2024-05-17,0.50755,-0.53031,0.00097,-0.18429,3.22203,-5.65943
NVDA250221C01110000,NVDA,2025-02-21,1110.00,call,114.02,103.53,102.85,28,104.20,16,0,86,2024-05-17,0.46853,0.44432,0.00104,-0.31300,3.19984,2.37882
NVDA250221P01110000,NVDA,2025-02-21,1110.00,put,237.86,250.90,244.95,6,256.85,17,0,266,2024-05-17,0.48804,-0.54684,0.00100,-0.16964,3.20906,-5.78035
NVDA250221C01120000,NVDA,2025-02-21,1120.00,call,97.80,100.72,100.10,12,101.35,1,0,45,2024-05-17,0.46853,0.43570,0.00104,-0.31135,3.18930,2.33882
NVDA250221P01120000,NVDA,2025-02-21,1120.00,put,242.40,259.55,254.40,8,264.70,41,0,29,2024-05-17,0.50755,-0.54640,0.00096,-0.17900,3.20948,-5.87755
NVDA250221C01130000,NVDA,2025-02-21,1130.00,call,101.12,98.05,97.40,18,98.70,17,0,74,2024-05-17,0.46853,0.42718,0.00103,-0.30960,3.17739,2.29904
NVDA250221P01130000,NVDA,2025-02-21,1130.00,put,294.90,264.75,257.45,26,272.05,6,0,3,2024-05-17,0.50755,-0.55431,0.00096,-0.17620,3.20137,-5.98642
NVDA250221C01140000,NVDA,2025-02-21,1140.00,call,98.42,95.38,94.75,20,96.00,4,0,58,2024-05-17,0.46853,0.41878,0.00103,-0.30774,3.16416,2.25949
NVDA250221P01140000,NVDA,2025-02-21,1140.00,put,315.00,271.80,264.70,27,278.90,40,0,13,2024-05-17,0.50755,-0.56214,0.00096,-0.17329,3.19209,-6.09513
NVDA250221C01150000,NVDA,2025-02-21,1150.00,call,104.60,92.75,92.15,17,93.35,4,0,106,2024-05-17,0.46853,0.41048,0.00102,-0.30578,3.14967,2.22021
NVDA250221P01150000,NVDA,2025-02-21,1150.00,put,264.25,281.40,276.80,5,286.00,8,0,23,2024-05-17,0.50755,-0.56987,0.00096,-0.17028,3.18168,-6.20368
NVDA250221C01160000,NVDA,2025-02-21,1160.00,call,99.05,90.25,89.60,12,90.90,17,0,101,2024-05-17,0.46853,0.40230,0.00102,-0.30373,3.13397,2.18120
NVDA250221P01160000,NVDA,2025-02-21,1160.00,put,0.00,289.07,284.40,8,293.75,17,0,0,2024-05-17,0.50755,-0.57750,0.00095,-0.16717,3.17019,-6.31204
NVDA250221C01170000,NVDA,2025-02-21,1170.00,call,96.45,87.80,87.15,12,88.45,17,0,19,2024-05-17,0.46853,0.39423,0.00101,-0.30158,3.11711,2.14249
NVDA250221P01170000,NVDA,2025-02-21,1170.00,put,325.85,296.60,291.80,2,301.40,4,0,3,2024-05-17,0.50755,-0.58505,0.00095,-0.16398,3.15766,-6.42019
NVDA250221C01180000,NVDA,2025-02-21,1180.00,call,94.00,85.40,84.75,14,86.05,4,0,50,2024-05-17,0.46853,0.38627,0.00101,-0.29934,3.09915,2.10410
NVDA250221P01180000,NVDA,2025-02-21,1180.00,put,331.70,302.00,295.30,1,308.70,2,0,0,2024-05-17,0.50755,-0.59249,0.00094,-0.16070,3.14412,-6.52813
NVDA250221C01190000,NVDA,2025-02-21,1190.00,call,62.18,83.10,82.50,12,83.70,5,0,35,2024-05-17,0.46853,0.37842,0.00100,-0.29703,3.08013,2.06605
NVDA250221P01190000,NVDA,2025-02-21,1190.00,put,339.10,312.12,307.35,8,316.90,3,0,0,2024-05-17,0.50755,-0.59985,0.00094,-0.15733,3.12962,-6.63583
NVDA250221C01200000,NVDA,2025-02-21,1200.00,call,79.31,80.80,80.20,31,81.40,4,2,161,2024-05-17,0.46853,0.37069,0.00100,-0.29464,3.06011,2.02834
NVDA250221P01200000,NVDA,2025-02-21,1200.00,put,397.00,319.95,315.35,28,324.55,34,0,152,2024-05-17,0.50755,-0.60710,0.00094,-0.15389,3.11420,-6.74328
NVDA250221C01210000,NVDA,2025-02-21,1210.00,call,86.18,78.60,77.95,14,79.25,4,0,32,2024-05-17,0.46853,0.36308,0.00099,-0.29217,3.03913,1.99100
NVDA250221P01210000,NVDA,2025-02-21,1210.00,put,0.00,327.25,319.75,1,334.75,1,0,0,2024-05-17,0.50755,-0.61426,0.00093,-0.15037,3.09790,-6.85048
NVDA250221C01220000,NVDA,2025-02-21,1220.00,call,85.30,76.45,75.80,15,77.10,4,0,69,2024-05-17,0.46853,0.35558,0.00098,-0.28964,3.01725,1.95404
NVDA250221P01220000,NVDA,2025-02-21,1220.00,put,363.35,337.33,331.30,16,343.35,31,0,0,2024-05-17,0.52706,-0.61055,0.00090,-0.16051,3.10649,-6.92726
NVDA250221C01230000,NVDA,2025-02-21,1230.00,call,69.25,74.40,73.80,21,75.00,4,0,10,2024-05-17,0.46853,0.34820,0.00097,-0.28704,2.99451,1.91747
NVDA250221P01230000,NVDA,2025-02-21,1230.00,put,0.00,342.00,335.30,22,348.70,3,0,0,2024-05-17,0.50755,-0.62829,0.00092,-0.14313,3.06281,-7.06403
NVDA250221C01240000,NVDA,2025-02-21,1240.00,call,83.00,72.38,71.80,24,72.95,4,0,19,2024-05-17,0.46853,0.34093,0.00097,-0.28438,2.97097,1.88130
NVDA250221P01240000,NVDA,2025-02-21,1240.00,put,0.00,349.48,342.45,24,356.50,36,0,0,2024-05-17,0.50755,-0.63515,0.00091,-0.13941,3.04410,-7.17038
NVDA250221C01250000,NVDA,2025-02-21,1250.00,call,69.30,70.38,69.85,14,70.90,5,2,77,2024-05-17,0.46853,0.33378,0.00096,-0.28166,2.94666,1.84554
NVDA250221P01250000,NVDA,2025-02-21,1250.00,put,371.23,359.20,351.75,24,366.65,28,0,21,2024-05-17,0.52706,-0.63057,0.00088,-0.14984,3.05670,-7.24141
NVDA250221C01260000,NVDA,2025-02-21,1260.00,call,76.70,68.47,67.90,21,69.05,5,0,78,2024-05-17,0.46853,0.32675,0.00095,-0.27890,2.92164,1.81020
NVDA250221P01260000,NVDA,2025-02-21,1260.00,put,0.00,366.30,359.70,23,372.90,1,0,0,2024-05-17,0.52706,-0.63707,0.00088,-0.14617,3.03871,-7.34561
NVDA250221C01270000,NVDA,2025-02-21,1270.00,call,72.85,66.58,66.00,10,67.15,5,0,15,2024-05-17,0.46853,0.31983,0.00094,-0.27608,2.89594,1.77529
NVDA250221P01270000,NVDA,2025-02-21,1270.00,put,392.22,376.73,372.00,39,381.45,13,0,1,2024-05-17,0.52706,-0.64347,0.00087,-0.14244,3.02007,-7.44952
NVDA250221C01280000,NVDA,2025-02-21,1280.00,call,40.20,64.80,64.25,11,65.35,5,0,14,2024-05-17,0.46853,0.31303,0.00093,-0.27323,2.86962,1.74082
NVDA250221P01280000,NVDA,2025-02-21,1280.00,put,0.00,384.02,378.30,50,389.75,45,0,0,2024-05-17,0.52706,-0.64979,0.00087,-0.13865,3.00083,-7.55316
NVDA250221C01290000,NVDA,2025-02-21,1290.00,call,71.71,62.95,62.30,6,63.60,5,0,60,2024-05-17,0.46853,0.30634,0.00092,-0.27033,2.84271,1.70679
NVDA250221P01290000,NVDA,2025-02-21,1290.00,put,416.50,393.35,388.60,50,398.10,51,0,1,2024-05-17,0.52706,-0.65601,0.00086,-0.13482,2.98101,-7.65650
NVDA250221C01300000,NVDA,2025-02-21,1300.00,call,63.74,61.27,60.75,23,61.80,5,2,403,2024-05-17,0.46853,0.29977,0.00092,-0.26739,2.81526,1.67322
NVDA250221P01300000,NVDA,2025-02-21,1300.00,put,394.35,400.98,397.40,25,404.55,16,2,11,2024-05-17,0.52706,-0.66215,0.00086,-0.13094,2.96063,-7.75955
NVDA250221C01310000,NVDA,2025-02-21,1310.00,call,56.40,59.62,59.05,21,60.20,5,0,48,2024-05-17,0.46853,0.29331,0.00091,-0.26442,2.78731,1.64009
NVDA250221P01310000,NVDA,2025-02-21,1310.00,put,458.55,409.50,403.85,15,415.15,30,0,0,2024-05-17,0.52706,-0.66819,0.00085,-0.12702,2.93974,-7.86229
NVDA250221C01320000,NVDA,2025-02-21,1320.00,call,57.75,58.00,57.45,21,58.55,5,2,16,2024-05-17,0.46853,0.28697,0.00090,-0.26142,2.75889,1.60743
NVDA250221P01320000,NVDA,2025-02-21,1320.00,put,440.06,420.42,412.95,9,427.90,81,0,1,2024-05-17,0.54657,-0.66221,0.00083,-0.13810,2.96042,-7.92403
NVDA250221C01330000,NVDA,2025-02-21,1330.00,call,53.10,56.40,55.85,23,56.95,5,0,56,2024-05-17,0.46853,0.28073,0.00089,-0.25840,2.73005,1.57523
NVDA250221P01330000,NVDA,2025-02-21,1330.00,put,0.00,427.65,422.90,35,432.40,4,0,0,2024-05-17,0.54657,-0.66795,0.00082,-0.13425,2.94058,-8.02496
NVDA250221C01340000,NVDA,2025-02-21,1340.00,call,52.35,54.90,54.35,18,55.45,5,0,13,2024-05-17,0.46853,0.27461,0.00088,-0.25535,2.70081,1.54350
NVDA250221P01340000,NVDA,2025-02-21,1340.00,put,413.00,435.25,430.00,42,440.50,34,0,26,2024-05-17,0.54657,-0.67362,0.00081,-0.13035,2.92031,-8.12561
NVDA250221C01350000,NVDA,2025-02-21,1350.00,call,54.30,53.40,52.90,17,53.90,5,2,82,2024-05-17,0.46853,0.26861,0.00087,-0.25228,2.67122,1.51223
NVDA250221P01350000,NVDA,2025-02-21,1350.00,put,0.00,444.05,438.20,19,449.90,34,0,0,2024-05-17,0.54657,-0.67920,0.00081,-0.12642,2.89963,-8.22598
NVDA250221C01360000,NVDA,2025-02-21,1360.00,call,55.00,51.95,51.40,21,52.50,5,1,18,2024-05-17,0.46853,0.26271,0.00086,-0.24919,2.64132,1.48144
NVDA250221P01360000,NVDA,2025-02-21,1360.00,put,523.06,454.27,446.80,53,461.75,32,0,1,2024-05-17,0.54657,-0.68469,0.00080,-0.12246,2.87855,-8.32607
NVDA250221C01370000,NVDA,2025-02-21,1370.00,call,43.90,50.55,50.00,27,51.10,5,0,15,2024-05-17,0.46853,0.25692,0.00085,-0.24608,2.61113,1.45111
NVDA250221P01370000,NVDA,2025-02-21,1370.00,put,473.75,461.80,456.05,53,467.55,68,0,19,2024-05-17,0.54657,-0.69011,0.00080,-0.11847,2.85711,-8.42587
NVDA250221C01380000,NVDA,2025-02-21,1380.00,call,46.30,49.20,48.65,25,49.75,5,0,90,2024-05-17,0.46853,0.25124,0.00084,-0.24297,2.58068,1.42126
NVDA250221P01380000,NVDA,2025-02-21,1380.00,put,0.00,470.67,465.40,41,475.95,6,0,0,2024-05-17,0.54657,-0.69545,0.00079,-0.11445,2.83533,-8.52539
NVDA250221C01390000,NVDA,2025-02-21,1390.00,call,53.10,47.85,47.30,32,48.40,5,0,24,2024-05-17,0.46853,0.24567,0.00083,-0.23984,2.55002,1.39188
NVDA250221P01390000,NVDA,2025-02-21,1390.00,put,0.00,479.75,474.10,31,485.40,13,0,0,2024-05-17,0.56608,-0.68847,0.00077,-0.12615,2.86370,-8.58023
NVDA250221C01400000,NVDA,2025-02-21,1400.00,call,52.72,46.58,46.10,30,47.05,5,0,103,2024-05-17,0.46853,0.24020,0.00082,-0.23671,2.51916,1.36298
NVDA250221P01400000,NVDA,2025-02-21,1400.00,put,558.32,488.85,483.35,37,494.35,10,0,5,2024-05-17,0.56608,-0.69356,0.00077,-0.12221,2.84313,-8.67822
NVDA250221C01410000,NVDA,2025-02-21,1410.00,call,26.10,45.33,44.80,23,45.85,5,0,12,2024-05-17,0.46853,0.23484,0.00081,-0.23358,2.48814,1.33454
NVDA250221P01410000,NVDA,2025-02-21,1410.00,put,522.77,498.70,493.20,20,504.20,21,0,2,2024-05-17,0.56608,-0.69858,0.00076,-0.11824,2.82226,-8.77595
NVDA250221C01420000,NVDA,2025-02-21,1420.00,call,52.70,44.12,43.60,22,44.65,5,0,47,2024-05-17,0.46853,0.22958,0.00080,-0.23044,2.45699,1.30658
NVDA250221P01420000,NVDA,2025-02-21,1420.00,put,0.00,507.50,501.85,31,513.15,19,0,0,2024-05-17,0.56608,-0.70353,0.00075,-0.11424,2.80112,-8.87342
NVDA250221C01430000,NVDA,2025-02-21,1430.00,call,40.52,42.95,42.40,5,43.50,5,0,5,2024-05-17,0.46853,0.22443,0.00079,-0.22730,2.42573,1.27909
NVDA250221P01430000,NVDA,2025-02-21,1430.00,put,565.53,516.30,510.80,33,521.80,31,0,10,2024-05-17,0.56608,-0.70840,0.00075,-0.11023,2.77973,-8.97063
NVDA250221C01440000,NVDA,2025-02-21,1440.00,call,37.75,41.85,41.25,28,42.45,5,0,134,2024-05-17,0.46853,0.21937,0.00078,-0.22416,2.39439,1.25206
NVDA250221P01440000,NVDA,2025-02-21,1440.00,put,592.38,525.52,520.00,32,531.05,25,0,16,2024-05-17,0.58560,-0.70098,0.00073,-0.12231,2.81207,-9.02252
NVDA250221C01450000,NVDA,2025-02-21,1450.00,call,40.30,40.67,40.20,21,41.15,5,6,234,2024-05-17,0.46853,0.21442,0.00077,-0.22103,2.36299,1.22550
NVDA250221P01450000,NVDA,2025-02-21,1450.00,put,551.70,535.08,529.45,37,540.70,25,0,22,2024-05-17,0.58560,-0.70565,0.00073,-0.11837,2.79188,-9.11840
NVDA250221C01460000,NVDA,2025-02-21,1460.00,call,28.80,39.67,39.10,22,40.25,5,0,29,2024-05-17,0.46853,0.20957,0.00076,-0.21790,2.33155,1.19940
NVDA250221P01460000,NVDA,2025-02-21,1460.00,put,587.82,544.03,538.45,38,549.60,14,0,11,2024-05-17,0.58560,-0.71025,0.00072,-0.11442,2.77148,-9.21405
NVDA250221C01470000,NVDA,2025-02-21,1470.00,call,35.45,38.52,38.05,29,39.00,6,0,6,2024-05-17,0.46853,0.20481,0.00075,-0.21478,2.30011,1.17376
NVDA250221P01470000,NVDA,2025-02-21,1470.00,put,589.96,553.98,550.35,2,557.60,6,0,1,2024-05-17,0.58560,-0.71479,0.00072,-0.11045,2.75087,-9.30945
NVDA250221C01480000,NVDA,2025-02-21,1480.00,call,21.27,37.62,37.05,16,38.20,5,0,24,2024-05-17,0.48804,0.21456,0.00074,-0.22916,2.36387,1.21609
NVDA250221P01480000,NVDA,2025-02-21,1480.00,put,584.30,562.95,558.20,31,567.70,34,0,1,2024-05-17,0.58560,-0.71926,0.00071,-0.10646,2.73008,-9.40462
NVDA250221C01490000,NVDA,2025-02-21,1490.00,call,41.80,36.60,36.00,6,37.20,17,0,8,2024-05-17,0.48804,0.20999,0.00073,-0.22612,2.33431,1.19179
NVDA250221P01490000,NVDA,2025-02-21,1490.00,put,593.75,572.35,567.30,43,577.40,34,0,1,2024-05-17,0.60511,-0.71151,0.00070,-0.11889,2.76579,-9.45430
NVDA250221C01500000,NVDA,2025-02-21,1500.00,call,36.15,35.60,35.10,2,36.10,5,11,148,2024-05-17,0.48804,0.20551,0.00072,-0.22309,2.30476,1.16789
NVDA250221P01500000,NVDA,2025-02-21,1500.00,put,562.90,581.67,575.50,40,587.85,37,0,0,2024-05-17,0.60511,-0.71581,0.00069,-0.11498,2.74617,-9.54832
NVDA250221C01510000,NVDA,2025-02-21,1510.00,call,39.90,34.67,34.25,28,35.10,15,0,21,2024-05-17,0.48804,0.20111,0.00071,-0.22007,2.27522,1.14439
NVDA250221P01510000,NVDA,2025-02-21,1510.00,put,634.95,590.92,584.35,40,597.50,38,0,0,2024-05-17,0.60511,-0.72004,0.00069,-0.11105,2.72638,-9.64212
NVDA250221C01520000,NVDA,2025-02-21,1520.00,call,39.64,33.90,33.35,27,34.45,6,0,27,2024-05-17,0.48804,0.19680,0.00070,-0.21706,2.24571,1.12130
NVDA250221P01520000,NVDA,2025-02-21,1520.00,put,621.90,600.88,593.90,40,607.85,40,0,1,2024-05-17,0.60511,-0.72422,0.00068,-0.10712,2.70645,-9.73570
NVDA250221C01530000,NVDA,2025-02-21,1530.00,call,30.95,32.88,32.45,13,33.30,6,0,16,2024-05-17,0.48804,0.19258,0.00069,-0.21406,2.21625,1.09860
NVDA250221P01530000,NVDA,2025-02-21,1530.00,put,630.95,610.38,603.30,40,617.45,40,0,1,2024-05-17,0.62462,-0.71634,0.00067,-0.11978,2.74373,-9.78456
NVDA250221C01540000,NVDA,2025-02-21,1540.00,call,18.35,32.17,31.65,17,32.70,7,0,21,2024-05-17,0.48804,0.18844,0.00068,-0.21107,2.18685,1.07629
NVDA250221P01540000,NVDA,2025-02-21,1540.00,put,661.90,619.60,612.80,40,626.40,40,0,0,2024-05-17,0.62462,-0.72036,0.00066,-0.11592,2.72491,-9.87712
NVDA250221C01550000,NVDA,2025-02-21,1550.00,call,32.84,31.23,30.85,18,31.60,5,4,34,2024-05-17,0.48804,0.18438,0.00067,-0.20810,2.15754,1.05438
NVDA250221P01550000,NVDA,2025-02-21,1550.00,put,642.80,629.38,622.40,41,636.35,41,0,0,2024-05-17,0.62462,-0.72432,0.00066,-0.11204,2.70596,-9.96949
NVDA250221C01560000,NVDA,2025-02-21,1560.00,call,30.33,30.40,30.00,20,30.80,16,0,110,2024-05-17,0.48804,0.18039,0.00066,-0.20514,2.12832,1.03285
NVDA250221P01560000,NVDA,2025-02-21,1560.00,put,679.28,639.00,632.00,40,646.00,40,0,0,2024-05-17,0.62462,-0.72824,0.00066,-0.10816,2.68689,-10.06166
NVDA250221C01570000,NVDA,2025-02-21,1570.00,call,29.25,29.77,29.25,23,30.30,6,1,61,2024-05-17,0.48804,0.17649,0.00066,-0.20220,2.09921,1.01171
NVDA250221P01570000,NVDA,2025-02-21,1570.00,put,664.70,648.52,641.65,41,655.40,41,0,1,2024-05-17,0.62462,-0.73210,0.00065,-0.10427,2.66771,-10.15363
NVDA250221C01580000,NVDA,2025-02-21,1580.00,call,36.69,28.93,28.50,16,29.35,17,0,116,2024-05-17,0.48804,0.17267,0.00065,-0.19928,2.07022,0.99095
NVDA250221P01580000,NVDA,2025-02-21,1580.00,put,678.60,658.50,651.30,40,665.70,40,0,1,2024-05-17,0.64413,-0.72402,0.00064,-0.11723,2.70741,-10.20120
NVDA250221C01590000,NVDA,2025-02-21,1590.00,call,29.18,28.33,27.85,21,28.80,7,0,26,2024-05-17,0.48804,0.16892,0.00064,-0.19638,2.04136,0.97056
NVDA250221P01590000,NVDA,2025-02-21,1590.00,put,0.00,668.12,660.95,40,675.30,40,0,0,2024-05-17,0.64413,-0.72775,0.00064,-0.11341,2.68929,-10.29228
NVDA250221C01600000,NVDA,2025-02-21,1600.00,call,31.16,27.52,27.10,17,27.95,14,0,222,2024-05-17,0.48804,0.16525,0.00063,-0.19350,2.01265,0.95054
NVDA250221P01600000,NVDA,2025-02-21,1600.00,put,738.25,677.88,670.70,40,685.05,40,0,0,2024-05-17,0.64413,-0.73143,0.00063,-0.10958,2.67107,-10.38318
NVDA250221C01610000,NVDA,2025-02-21,1610.00,call,26.65,26.75,26.40,16,27.10,14,0,29,2024-05-17,0.48804,0.16166,0.00062,-0.19063,1.98409,0.93089
NVDA250221P01610000,NVDA,2025-02-21,1610.00,put,700.30,687.30,680.45,40,694.15,40,0,0,2024-05-17,0.64413,-0.73505,0.00063,-0.10575,2.65277,-10.47391
NVDA250221C01620000,NVDA,2025-02-21,1620.00,call,30.29,26.12,25.75,16,26.50,27,0,109,2024-05-17,0.48804,0.15813,0.00061,-0.18779,1.95570,0.91160
NVDA250221P01620000,NVDA,2025-02-21,1620.00,put,709.65,697.08,690.15,40,704.00,40,0,0,2024-05-17,0.66364,-0.72692,0.00062,-0.11890,2.69335,-10.52120
NVDA250221C01630000,NVDA,2025-02-21,1630.00,call,26.23,25.43,25.10,20,25.75,14,0,44,2024-05-17,0.48804,0.15468,0.00060,-0.18497,1.92749,0.89267
NVDA250221P01630000,NVDA,2025-02-21,1630.00,put,719.95,707.08,700.05,40,714.10,40,0,0,2024-05-17,0.66364,-0.73043,0.00061,-0.11514,2.67605,-10.61111
NVDA250221C01640000,NVDA,2025-02-21,1640.00,call,23.70,24.77,24.45,17,25.10,15,0,243,2024-05-17,0.48804,0.15130,0.00059,-0.18218,1.89946,0.87409
NVDA250221P01640000,NVDA,2025-02-21,1640.00,put,764.85,716.58,709.70,40,723.45,40,0,0,2024-05-17,0.66364,-0.73389,0.00061,-0.11137,2.65866,-10.70087
NVDA250221C01650000,NVDA,2025-02-21,1650.00,call,23.80,24.17,23.90,5,24.45,18,3,188,2024-05-17,0.48804,0.14799,0.00058,-0.17940,1.87163,0.85586
NVDA250221P01650000,NVDA,2025-02-21,1650.00,put,775.13,726.42,719.50,40,733.35,40,0,0,2024-05-17,0.66364,-0.73731,0.00061,-0.10760,2.64121,-10.79047
NVDA250221C01660000,NVDA,2025-02-21,1660.00,call,24.57,23.60,23.20,5,24.00,23,0,6,2024-05-17,0.48804,0.14475,0.00058,-0.17665,1.84400,0.83798
NVDA250221P01660000,NVDA,2025-02-21,1660.00,put,714.62,736.42,729.30,40,743.55,40,0,0,2024-05-17,0.68315,-0.72914,0.00060,-0.12094,2.68245,-10.83763
NVDA250221C01670000,NVDA,2025-02-21,1670.00,call,26.40,22.98,22.60,6,23.35,17,0,26,2024-05-17,0.48804,0.14158,0.00057,-0.17393,1.81658,0.82044
NVDA250221P01670000,NVDA,2025-02-21,1670.00,put,794.69,746.25,739.15,40,753.35,40,0,0,2024-05-17,0.68315,-0.73245,0.00059,-0.11723,2.66594,-10.92650
NVDA250221C01680000,NVDA,2025-02-21,1680.00,call,23.90,22.40,22.05,4,22.75,12,1,20,2024-05-17,0.48804,0.13847,0.00056,-0.17123,1.78937,0.80323
NVDA250221P01680000,NVDA,2025-02-21,1680.00,put,803.82,756.05,749.05,40,763.05,40,0,0,2024-05-17,0.68315,-0.73572,0.00059,-0.11352,2.64936,-11.01523
NVDA250221C01690000,NVDA,2025-02-21,1690.00,call,12.00,21.90,21.55,4,22.25,17,0,4,2024-05-17,0.48804,0.13542,0.00055,-0.16856,1.76240,0.78635
NVDA250221P01690000,NVDA,2025-02-21,1690.00,put,781.70,766.05,758.90,40,773.20,40,0,0,2024-05-17,0.68315,-0.73896,0.00059,-0.10980,2.63272,-11.10380
NVDA250221C01700000,NVDA,2025-02-21,1700.00,call,25.02,21.38,21.00,7,21.75,16,0,46,2024-05-17,0.48804,0.13244,0.00054,-0.16591,1.73565,0.76979
NVDA250221P01700000,NVDA,2025-02-21,1700.00,put,789.90,775.77,768.80,40,782.75,40,0,0,2024-05-17,0.70267,-0.73075,0.00058,-0.12331,2.67442,-11.15097
NVDA250221C01710000,NVDA,2025-02-21,1710.00,call,19.87,21.02,20.55,5,21.50,15,0,15,2024-05-17,0.48804,0.12952,0.00053,-0.16330,1.70914,0.75356
NVDA250221P01710000,NVDA,2025-02-21,1710.00,put,840.80,785.83,778.65,40,793.00,40,0,0,2024-05-17,0.70267,-0.73389,0.00058,-0.11966,2.65867,-11.23889
NVDA250221C01720000,NVDA,2025-02-21,1720.00,call,20.17,20.35,20.05,5,20.65,15,21,5,2024-05-17,0.48804,0.12667,0.00053,-0.16070,1.68287,0.73765
NVDA250221P01720000,NVDA,2025-02-21,1720.00,put,834.70,795.85,789.05,40,802.65,40,0,0,2024-05-17,0.70267,-0.73699,0.00057,-0.11601,2.64287,-11.32668
NVDA250221C01730000,NVDA,2025-02-21,1730.00,call,23.25,19.85,19.55,11,20.15,13,0,25,2024-05-17,0.48804,0.12387,0.00052,-0.15814,1.65685,0.72204
NVDA250221P01730000,NVDA,2025-02-21,1730.00,put,850.46,806.00,798.50,40,813.50,40,0,0,2024-05-17,0.70267,-0.74006,0.00057,-0.11235,2.62701,-11.41433
NVDA250221C01740000,NVDA,2025-02-21,1740.00,call,19.16,19.45,19.10,31,19.80,15,0,13,2024-05-17,0.48804,0.12114,0.00051,-0.15560,1.63108,0.70674
NVDA250221P01740000,NVDA,2025-02-21,1740.00,put,869.65,815.95,808.45,40,823.45,40,0,0,2024-05-17,0.72218,-0.73184,0.00056,-0.12602,2.66900,-11.46160
NVDA250221C01750000,NVDA,2025-02-21,1750.00,call,21.80,18.95,18.65,4,19.25,16,1,82,2024-05-17,0.48804,0.11846,0.00050,-0.15309,1.60556,0.69175
NVDA250221P01750000,NVDA,2025-02-21,1750.00,put,828.60,825.80,818.30,40,833.30,40,0,0,2024-05-17,0.72218,-0.73482,0.00056,-0.12242,2.65398,-11.54865
NVDA250221C01760000,NVDA,2025-02-21,1760.00,call,17.05,18.55,18.20,5,18.90,16,0,57,2024-05-17,0.48804,0.11584,0.00049,-0.15061,1.58031,0.67705
NVDA250221P01760000,NVDA,2025-02-21,1760.00,put,884.57,835.90,828.40,40,843.40,40,0,0,2024-05-17,0.72218,-0.73776,0.00056,-0.11882,2.63891,-11.63558
NVDA250221C01770000,NVDA,2025-02-21,1770.00,call,19.32,18.05,17.60,9,18.50,27,0,62,2024-05-17,0.48804,0.11327,0.00049,-0.14816,1.55531,0.66265
NVDA250221P01770000,NVDA,2025-02-21,1770.00,put,873.35,845.58,838.10,40,853.05,40,0,0,2024-05-17,0.72218,-0.74067,0.00055,-0.11522,2.62381,-11.72240
NVDA250221C01780000,NVDA,2025-02-21,1780.00,call,19.25,17.62,17.35,8,17.90,10,0,119,2024-05-17,0.48804,0.11076,0.00048,-0.14574,1.53059,0.64853
NVDA250221P01780000,NVDA,2025-02-21,1780.00,put,858.95,855.90,848.40,40,863.40,40,0,0,2024-05-17,0.74169,-0.73245,0.00055,-0.12904,2.66594,-11.76985
NVDA250221C01790000,NVDA,2025-02-21,1790.00,call,16.30,17.38,17.00,5,17.75,18,0,369,2024-05-17,0.48804,0.10830,0.00047,-0.14334,1.50613,0.63469
NVDA250221P01790000,NVDA,2025-02-21,1790.00,put,868.95,866.10,858.60,40,873.60,40,0,0,2024-05-17,0.74169,-0.73528,0.00054,-0.12550,2.65162,-11.85612
NVDA250221C01800000,NVDA,2025-02-21,1800.00,call,17.84,16.88,16.60,3,17.15,15,2,560,2024-05-17,0.48804,0.10590,0.00046,-0.14097,1.48194,0.62114
NVDA250221P01800000,NVDA,2025-02-21,1800.00,put,0.00,874.95,866.75,1,883.15,40,0,0,2024-05-17,0.74169,-0.73808,0.00054,-0.12196,2.63726,-11.94227
NVDA250221C01810000,NVDA,2025-02-21,1810.00,call,17.80,16.50,16.20,6,16.80,1,0,38,2024-05-17,0.48804,0.10355,0.00046,-0.13864,1.45803,0.60785
NVDA250221P01810000,NVDA,2025-02-21,1810.00,put,0.00,885.65,878.15,40,893.15,40,0,0,2024-05-17,0.76120,-0.72991,0.00054,-0.13586,2.67862,-11.99038
NVDA250221C01820000,NVDA,2025-02-21,1820.00,call,17.85,16.02,15.65,8,16.40,18,0,34,2024-05-17,0.48804,0.10125,0.00045,-0.13633,1.43439,0.59484
NVDA250221P01820000,NVDA,2025-02-21,1820.00,put,0.00,895.55,888.05,40,903.05,40,0,0,2024-05-17,0.76120,-0.73264,0.00053,-0.13238,2.66500,-12.07602
NVDA250221C01830000,NVDA,2025-02-21,1830.00,call,16.00,15.77,15.40,9,16.15,17,0,0,2024-05-17,0.48804,0.09899,0.00044,-0.13405,1.41103,0.58209
NVDA250221P01830000,NVDA,2025-02-21,1830.00,put,0.00,905.95,898.45,40,913.45,40,0,0,2024-05-17,0.76120,-0.73533,0.00053,-0.12889,2.65135,-12.16156
NVDA250221C01840000,NVDA,2025-02-21,1840.00,call,16.19,15.40,15.10,5,15.70,15,0,15,2024-05-17,0.48804,0.09679,0.00043,-0.13180,1.38795,0.56960
NVDA250221P01840000,NVDA,2025-02-21,1840.00,put,0.00,915.75,908.25,40,923.25,40,0,0,2024-05-17,0.76120,-0.73800,0.00053,-0.12540,2.63767,-12.24700
NVDA250221C01850000,NVDA,2025-02-21,1850.00,call,11.90,15.12,14.75,8,15.50,8,0,26,2024-05-17,0.48804,0.09464,0.00043,-0.12958,1.36515,0.55737
NVDA250221P01850000,NVDA,2025-02-21,1850.00,put,0.00,925.52,918.05,40,933.00,40,0,0,2024-05-17,0.78071,-0.72984,0.00052,-0.13943,2.67898,-12.29539
NVDA250221C01860000,NVDA,2025-02-21,1860.00,call,16.30,15.07,14.40,5,15.75,5,0,32,2024-05-17,0.48804,0.09253,0.00042,-0.12739,1.34263,0.54538
NVDA250221P01860000,NVDA,2025-02-21,1860.00,put,0.00,935.40,927.90,40,942.90,40,0,0,2024-05-17,0.78071,-0.73244,0.00052,-0.13601,2.66599,-12.38035
NVDA250221C01870000,NVDA,2025-02-21,1870.00,call,17.15,14.45,13.30,12,15.60,12,0,22,2024-05-17,0.48804,0.09047,0.00041,-0.12523,1.32039,0.53365
NVDA250221P01870000,NVDA,2025-02-21,1870.00,put,0.00,945.75,938.25,40,953.25,40,0,0,2024-05-17,0.78071,-0.73501,0.00052,-0.13258,2.65298,-12.46523
NVDA250221C01880000,NVDA,2025-02-21,1880.00,call,8.65,14.10,12.95,12,15.25,51,0,9,2024-05-17,0.48804,0.08845,0.00041,-0.12310,1.29843,0.52215
NVDA250221P01880000,NVDA,2025-02-21,1880.00,put,0.00,955.65,948.15,40,963.15,40,0,0,2024-05-17,0.78071,-0.73756,0.00052,-0.12914,2.63993,-12.55001
NVDA250221C01890000,NVDA,2025-02-21,1890.00,call,15.21,14.18,13.40,19,14.95,10,0,15,2024-05-17,0.48804,0.08648,0.00040,-0.12099,1.27675,0.51090
NVDA250221P01890000,NVDA,2025-02-21,1890.00,put,0.00,965.80,958.30,40,973.30,40,0,0,2024-05-17,0.80022,-0.72941,0.00051,-0.14330,2.68109,-12.59872
NVDA250221C01900000,NVDA,2025-02-21,1900.00,call,15.10,13.43,13.10,17,13.75,19,2,651,2024-05-17,0.48804,0.08455,0.00039,-0.11892,1.25535,0.49988
NVDA250221P01900000,NVDA,2025-02-21,1900.00,put,0.00,975.80,968.30,40,983.30,40,0,0,2024-05-17,0.80022,-0.73190,0.00051,-0.13992,2.66871,-12.68306
NVDA250221C01910000,NVDA,2025-02-21,1910.00,call,8.00,13.60,12.85,22,14.35,17,0,46,2024-05-17,0.48804,0.08266,0.00039,-0.11687,1.23424,0.48908
NVDA250221P01910000,NVDA,2025-02-21,1910.00,put,1010.20,985.60,978.10,40,993.10,40,0,0,2024-05-17,0.80022,-0.73436,0.00051,-0.13654,2.65630,-12.76733
NVDA250221C01920000,NVDA,2025-02-21,1920.00,call,12.90,12.43,11.65,9,13.20,17,31,143,2024-05-17,0.48804,0.08081,0.00038,-0.11486,1.21341,0.47851
NVDA250221P01920000,NVDA,2025-02-21,1920.00,put,1020.60,995.42,987.95,40,1002.90,40,0,0,2024-05-17,0.80022,-0.73680,0.00050,-0.13316,2.64387,-12.85151
NVDA250221C01930000,NVDA,2025-02-21,1930.00,call,13.40,12.73,12.30,22,13.15,9,0,101,2024-05-17,0.48804,0.07901,0.00037,-0.11287,1.19285,0.46817
NVDA250221P01930000,NVDA,2025-02-21,1930.00,put,0.00,1005.90,998.40,40,1013.40,40,0,0,2024-05-17,0.81974,-0.72866,0.00050,-0.14743,2.68479,-12.90057
NVDA250221C01940000,NVDA,2025-02-21,1940.00,call,12.60,12.45,12.10,2,12.80,14,8,447,2024-05-17,0.48804,0.07724,0.00037,-0.11091,1.17258,0.45804
NVDA250221P01940000,NVDA,2025-02-21,1940.00,put,0.00,1015.60,1008.10,40,1023.10,40,0,0,2024-05-17,0.81974,-0.73104,0.00050,-0.14411,2.67298,-12.98435
NVDA250321C00320000,NVDA,2025-03-21,320.00,call,560.65,622.38,618.45,63,626.30,56,0,5,2024-05-17,0.64413,0.98482,0.00007,-0.07608,0.32500,2.43236
NVDA250321P00320000,NVDA,2025-03-21,320.00,put,1.95,2.09,1.52,72,2.66,64,0,963,2024-05-17,0.58560,-0.01003,0.00005,-0.01992,0.22691,-0.09534
NVDA250321C00330000,NVDA,2025-03-21,330.00,call,0.00,612.95,609.30,61,616.60,50,0,0,2024-05-17,0.62462,0.98466,0.00007,-0.07673,0.32796,2.51256
NVDA250321P00330000,NVDA,2025-03-21,330.00,put,2.45,2.33,1.75,30,2.92,78,0,450,2024-05-17,0.58560,-0.01166,0.00006,-0.02267,0.25877,-0.11126
NVDA250321C00340000,NVDA,2025-03-21,340.00,call,0.00,603.58,599.60,40,607.55,54,0,0,2024-05-17,0.62462,0.98254,0.00008,-0.08167,0.36649,2.57187
NVDA250321P00340000,NVDA,2025-03-21,340.00,put,4.55,2.60,1.99,24,3.20,56,0,11,2024-05-17,0.58560,-0.01346,0.00007,-0.02563,0.29303,-0.12889
NVDA250321C00350000,NVDA,2025-03-21,350.00,call,544.90,594.40,590.75,40,598.05,55,0,3,2024-05-17,0.60511,0.98243,0.00008,-0.08209,0.36831,2.65284
NVDA250321P00350000,NVDA,2025-03-21,350.00,put,2.75,2.88,2.30,49,3.45,87,1,118,2024-05-17,0.56608,-0.01338,0.00007,-0.02459,0.29155,-0.12717
NVDA250321C00360000,NVDA,2025-03-21,360.00,call,567.50,585.42,581.45,68,589.40,40,0,31,2024-05-17,0.60511,0.98012,0.00009,-0.08711,0.40929,2.71030
NVDA250321P00360000,NVDA,2025-03-21,360.00,put,3.25,3.17,2.55,34,3.80,73,0,21,2024-05-17,0.56608,-0.01535,0.00008,-0.02763,0.32824,-0.14642
NVDA250321C00370000,NVDA,2025-03-21,370.00,call,544.55,575.98,572.00,70,579.95,58,0,7,2024-05-17,0.60511,0.97762,0.00010,-0.09230,0.45239,2.76582
NVDA250321P00370000,NVDA,2025-03-21,370.00,put,5.30,3.50,2.86,18,4.15,77,0,11,2024-05-17,0.56608,-0.01751,0.00009,-0.03086,0.36731,-0.16754
NVDA250321C00380000,NVDA,2025-03-21,380.00,call,0.00,566.88,562.70,40,571.05,61,0,0,2024-05-17,0.58560,0.97757,0.00011,-0.09237,0.45324,2.84774
NVDA250321P00380000,NVDA,2025-03-21,380.00,put,3.49,3.85,3.20,12,4.50,74,0,21,2024-05-17,0.56608,-0.01985,0.00010,-0.03426,0.40871,-0.19057
NVDA250321C00390000,NVDA,2025-03-21,390.00,call,524.62,557.52,553.55,70,561.50,56,0,1,2024-05-17,0.58560,0.97486,0.00012,-0.09762,0.49876,2.90131
NVDA250321P00390000,NVDA,2025-03-21,390.00,put,4.45,4.22,3.55,51,4.90,75,0,415,2024-05-17,0.54657,-0.01969,0.00010,-0.03276,0.40582,-0.18749
NVDA250321C00400000,NVDA,2025-03-21,400.00,call,577.50,548.42,544.80,66,552.05,52,0,118,2024-05-17,0.58560,0.97197,0.00013,-0.10303,0.54629,2.95283
NVDA250321P00400000,NVDA,2025-03-21,400.00,put,4.65,4.62,4.35,121,4.90,109,1,325,2024-05-17,0.54657,-0.02222,0.00011,-0.03622,0.44968,-0.21235
NVDA250321C00410000,NVDA,2025-03-21,410.00,call,448.82,539.35,535.35,65,543.35,57,0,2,2024-05-17,0.56608,0.97198,0.00013,-0.10272,0.54615,3.03583
NVDA250321P00410000,NVDA,2025-03-21,410.00,put,4.65,5.10,4.40,37,5.80,66,0,25,2024-05-17,0.54657,-0.02496,0.00013,-0.03985,0.49580,-0.23926
NVDA250321C00420000,NVDA,2025-03-21,420.00,call,480.00,529.92,526.65,60,533.20,25,0,2,2024-05-17,0.56608,0.96887,0.00015,-0.10817,0.59607,3.08528
NVDA250321P00420000,NVDA,2025-03-21,420.00,put,5.38,5.57,4.85,33,6.30,69,0,30,2024-05-17,0.54657,-0.02789,0.00014,-0.04363,0.54409,-0.26828
NVDA250321C00430000,NVDA,2025-03-21,430.00,call,549.28,521.58,517.90,50,525.25,54,0,19,2024-05-17,0.56608,0.96555,0.00016,-0.11375,0.64787,3.13260
NVDA250321P00430000,NVDA,2025-03-21,430.00,put,5.80,6.12,5.40,52,6.85,79,5,25,2024-05-17,0.52706,-0.02764,0.00014,-0.04164,0.53999,-0.26365
NVDA250321C00440000,NVDA,2025-03-21,440.00,call,494.17,512.33,508.35,63,516.30,56,0,8,2024-05-17,0.54657,0.96562,0.00016,-0.11306,0.64680,3.21678
NVDA250321P00440000,NVDA,2025-03-21,440.00,put,6.30,6.68,5.95,47,7.40,66,2,24,2024-05-17,0.52706,-0.03080,0.00016,-0.04545,0.59077,-0.29471
NVDA250321C00450000,NVDA,2025-03-21,450.00,call,524.00,503.62,499.75,35,507.50,56,0,2,2024-05-17,0.54657,0.96207,0.00018,-0.11865,0.70100,3.26188
NVDA250321P00450000,NVDA,2025-03-21,450.00,put,7.14,7.25,7.05,14,7.45,16,15,85,2024-05-17,0.52706,-0.03417,0.00017,-0.04939,0.64362,-0.32800
NVDA250321C00460000,NVDA,2025-03-21,460.00,call,462.70,494.60,491.00,45,498.20,44,0,5,2024-05-17,0.54657,0.95832,0.00019,-0.12435,0.75692,3.30474
NVDA250321P00460000,NVDA,2025-03-21,460.00,put,7.30,7.95,7.20,42,8.70,76,0,27,2024-05-17,0.52706,-0.03776,0.00018,-0.05347,0.69843,-0.36357
NVDA250321C00470000,NVDA,2025-03-21,470.00,call,455.27,486.05,484.35,5,487.75,2,0,24,2024-05-17,0.54657,0.95436,0.00021,-0.13016,0.81445,3.34535
NVDA250321P00470000,NVDA,2025-03-21,470.00,put,8.55,8.65,8.35,4,8.95,47,1,66,2024-05-17,0.52706,-0.04155,0.00020,-0.05766,0.75506,-0.40144
NVDA250321C00480000,NVDA,2025-03-21,480.00,call,446.37,478.25,475.30,1,481.20,30,0,17,2024-05-17,0.54657,0.95019,0.00022,-0.13606,0.87344,3.38369
NVDA250321P00480000,NVDA,2025-03-21,480.00,put,8.60,9.43,8.65,27,10.20,27,0,46,2024-05-17,0.52706,-0.04557,0.00021,-0.06195,0.81338,-0.44162
NVDA250321C00490000,NVDA,2025-03-21,490.00,call,508.84,469.57,466.70,1,472.45,27,0,7,2024-05-17,0.54657,0.94583,0.00024,-0.14203,0.93376,3.41975
NVDA250321P00490000,NVDA,2025-03-21,490.00,put,11.29,10.25,9.45,45,11.05,59,0,32,2024-05-17,0.50755,-0.04533,0.00022,-0.05920,0.81001,-0.43547
NVDA250321C00500000,NVDA,2025-03-21,500.00,call,479.46,459.77,458.45,2,461.10,2,0,51,2024-05-17,0.52706,0.94577,0.00025,-0.14061,0.93458,3.50461
NVDA250321P00500000,NVDA,2025-03-21,500.00,put,10.97,11.05,10.85,5,11.25,17,8,402,2024-05-17,0.50755,-0.04962,0.00024,-0.06348,0.87081,-0.47813
NVDA250321C00520000,NVDA,2025-03-21,520.00,call,464.30,443.83,441.10,5,446.55,21,0,7,2024-05-17,0.52706,0.93626,0.00028,-0.15253,1.06086,3.56916
NVDA250321P00520000,NVDA,2025-03-21,520.00,put,11.84,12.80,12.30,12,13.30,4,0,371,2024-05-17,0.50755,-0.05886,0.00027,-0.07226,0.99682,-0.57075
NVDA250321C00540000,NVDA,2025-03-21,540.00,call,394.00,425.95,424.30,10,427.60,4,0,26,2024-05-17,0.52706,0.92594,0.00031,-0.16463,1.19107,3.62435
NVDA250321P00540000,NVDA,2025-03-21,540.00,put,14.88,15.02,14.45,21,15.60,8,0,530,2024-05-17,0.50755,-0.06897,0.00031,-0.08127,1.12769,-0.67311
NVDA250321C00560000,NVDA,2025-03-21,560.00,call,396.30,409.43,407.80,5,411.05,2,0,8,2024-05-17,0.50755,0.92006,0.00034,-0.16859,1.26219,3.73249
NVDA250321P00560000,NVDA,2025-03-21,560.00,put,18.12,17.68,17.05,20,18.30,19,2,288,2024-05-17,0.48804,-0.07445,0.00034,-0.08225,1.19584,-0.72213
NVDA250321C00580000,NVDA,2025-03-21,580.00,call,357.51,393.23,391.60,6,394.85,2,0,59,2024-05-17,0.50755,0.90828,0.00038,-0.18055,1.39906,3.77223
NVDA250321P00580000,NVDA,2025-03-21,580.00,put,18.80,20.62,19.95,33,21.30,14,0,184,2024-05-17,0.48804,-0.08611,0.00038,-0.09121,1.33478,-0.84044
NVDA250321C00600000,NVDA,2025-03-21,600.00,call,380.01,377.33,376.05,2,378.60,2,11,130,2024-05-17,0.50755,0.89572,0.00042,-0.19245,1.53708,3.80262
NVDA250321P00600000,NVDA,2025-03-21,600.00,put,24.30,24.35,24.05,22,24.65,28,18,864,2024-05-17,0.48804,-0.09861,0.00042,-0.10015,1.47571,-0.96864
NVDA250321C00620000,NVDA,2025-03-21,620.00,call,341.60,361.80,360.50,14,363.10,1,0,106,2024-05-17,0.50755,0.88242,0.00046,-0.20419,1.67506,3.82394
NVDA250321P00620000,NVDA,2025-03-21,620.00,put,27.10,28.10,27.75,24,28.45,32,1,289,2024-05-17,0.48804,-0.11192,0.00046,-0.10899,1.61733,-1.10650
NVDA250321C00640000,NVDA,2025-03-21,640.00,call,297.00,346.90,345.50,2,348.30,2,0,88,2024-05-17,0.50755,0.86845,0.00049,-0.21568,1.81189,3.83653
NVDA250321P00640000,NVDA,2025-03-21,640.00,put,32.40,32.33,32.00,1,32.65,30,3,168,2024-05-17,0.48804,-0.12599,0.00050,-0.11762,1.75841,-1.25372
NVDA250321C00660000,NVDA,2025-03-21,660.00,call,351.10,332.30,330.95,2,333.65,2,0,97,2024-05-17,0.48804,0.85924,0.00054,-0.21810,1.89778,3.91446
NVDA250321P00660000,NVDA,2025-03-21,660.00,put,37.60,36.90,36.55,2,37.25,41,4,751,2024-05-17,0.48804,-0.14076,0.00054,-0.12596,1.89778,-1.40992
NVDA250321C00680000,NVDA,2025-03-21,680.00,call,296.10,318.10,316.75,2,319.45,2,0,72,2024-05-17,0.48804,0.84383,0.00058,-0.22886,2.03436,3.91102
NVDA250321P00680000,NVDA,2025-03-21,680.00,put,42.60,41.90,41.55,17,42.25,15,2,436,2024-05-17,0.48804,-0.15617,0.00058,-0.13393,2.03436,-1.57470
NVDA250321C00700000,NVDA,2025-03-21,700.00,call,305.21,304.25,303.20,2,305.30,2,1,241,2024-05-17,0.48804,0.82784,0.00062,-0.23918,2.16716,3.89947
NVDA250321P00700000,NVDA,2025-03-21,700.00,put,47.00,47.03,45.95,31,48.10,17,2,2192,2024-05-17,0.48804,-0.17216,0.00062,-0.14145,2.16716,-1.74760
NVDA250321C00710000,NVDA,2025-03-21,710.00,call,306.60,297.55,296.15,5,298.95,2,1,66,2024-05-17,0.48804,0.81965,0.00063,-0.24415,2.23186,3.89079
NVDA250321P00710000,NVDA,2025-03-21,710.00,put,49.45,50.27,49.90,29,50.65,27,2,125,2024-05-17,0.48804,-0.18035,0.00063,-0.14503,2.23186,-1.83694
NVDA250321C00720000,NVDA,2025-03-21,720.00,call,298.30,290.93,289.60,3,292.25,17,2,80,2024-05-17,0.48804,0.81134,0.00065,-0.24900,2.29530,3.88027
NVDA250321P00720000,NVDA,2025-03-21,720.00,put,51.32,53.30,52.90,17,53.70,26,1,184,2024-05-17,0.48804,-0.18866,0.00065,-0.14848,2.29530,-1.92814
NVDA250321C00730000,NVDA,2025-03-21,730.00,call,267.55,284.43,283.05,1,285.80,18,0,105,2024-05-17,0.48804,0.80291,0.00067,-0.25370,2.35739,3.86796
NVDA250321P00730000,NVDA,2025-03-21,730.00,put,54.75,56.40,56.00,24,56.80,23,1,418,2024-05-17,0.48804,-0.19709,0.00067,-0.15179,2.35739,-2.02113
NVDA250321C00740000,NVDA,2025-03-21,740.00,call,285.25,278.02,276.60,3,279.45,2,1,96,2024-05-17,0.48804,0.79438,0.00069,-0.25827,2.41803,3.85392
NVDA250321P00740000,NVDA,2025-03-21,740.00,put,56.73,59.65,59.25,15,60.05,28,1,397,2024-05-17,0.48804,-0.20562,0.00069,-0.15496,2.41803,-2.11583
NVDA250321C00750000,NVDA,2025-03-21,750.00,call,292.65,271.73,270.70,2,272.75,2,0,158,2024-05-17,0.48804,0.78575,0.00070,-0.26268,2.47715,3.83823
NVDA250321P00750000,NVDA,2025-03-21,750.00,put,63.05,63.05,62.60,12,63.50,6,4,660,2024-05-17,0.48804,-0.21425,0.00070,-0.15797,2.47715,-2.21220
NVDA250321C00760000,NVDA,2025-03-21,760.00,call,272.15,265.40,264.25,6,266.55,1,2,185,2024-05-17,0.48804,0.77704,0.00072,-0.26694,2.53467,3.82095
NVDA250321P00760000,NVDA,2025-03-21,760.00,put,61.25,66.55,66.05,19,67.05,7,0,374,2024-05-17,0.48804,-0.22296,0.00072,-0.16084,2.53467,-2.31016
NVDA250321C00770000,NVDA,2025-03-21,770.00,call,276.50,259.23,258.05,3,260.40,2,0,119,2024-05-17,0.48804,0.76824,0.00074,-0.27104,2.59053,3.80213
NVDA250321P00770000,NVDA,2025-03-21,770.00,put,71.03,70.08,69.65,13,70.50,3,851,352,2024-05-17,0.48804,-0.23176,0.00074,-0.16354,2.59053,-2.40964
NVDA250321C00780000,NVDA,2025-03-21,780.00,call,265.10,253.45,252.10,3,254.80,16,1,104,2024-05-17,0.48804,0.75937,0.00075,-0.27497,2.64468,3.78185
NVDA250321P00780000,NVDA,2025-03-21,780.00,put,70.55,73.80,73.35,5,74.25,15,2,225,2024-05-17,0.48804,-0.24063,0.00075,-0.16608,2.64468,-2.51059
NVDA250321C00790000,NVDA,2025-03-21,790.00,call,266.60,247.70,246.40,14,249.00,15,0,149,2024-05-17,0.48804,0.75044,0.00077,-0.27875,2.69705,3.76017
NVDA250321P00790000,NVDA,2025-03-21,790.00,put,84.10,77.70,77.15,3,78.25,13,0,150,2024-05-17,0.48804,-0.24956,0.00077,-0.16846,2.69705,-2.61294
NVDA250321C00800000,NVDA,2025-03-21,800.00,call,237.40,241.85,240.85,2,242.85,1,6,478,2024-05-17,0.48804,0.74145,0.00078,-0.28236,2.74760,3.73716
NVDA250321P00800000,NVDA,2025-03-21,800.00,put,82.00,81.75,79.80,5,83.70,12,12,1205,2024-05-17,0.48804,-0.25855,0.00078,-0.17067,2.74760,-2.71663
NVDA250321C00810000,NVDA,2025-03-21,810.00,call,251.42,236.32,234.95,2,237.70,5,0,289,2024-05-17,0.48804,0.73241,0.00079,-0.28579,2.79629,3.71288
NVDA250321P00810000,NVDA,2025-03-21,810.00,put,85.53,85.68,85.15,1,86.20,6,0,100,2024-05-17,0.48804,-0.26759,0.00079,-0.17271,2.79629,-2.82159
NVDA250321C00820000,NVDA,2025-03-21,820.00,call,250.25,230.50,229.35,3,231.65,1,0,299,2024-05-17,0.48804,0.72332,0.00081,-0.28906,2.84309,3.68738
NVDA250321P00820000,NVDA,2025-03-21,820.00,put,84.45,89.75,89.15,1,90.35,6,0,492,2024-05-17,0.48804,-0.27668,0.00081,-0.17458,2.84309,-2.92775
NVDA250321C00830000,NVDA,2025-03-21,830.00,call,233.90,225.12,224.05,3,226.20,1,0,333,2024-05-17,0.48804,0.71420,0.00082,-0.29215,2.88797,3.66075
NVDA250321P00830000,NVDA,2025-03-21,830.00,put,100.30,93.95,93.25,8,94.65,16,0,393,2024-05-17,0.48804,-0.28580,0.00082,-0.17628,2.88797,-3.03506
NVDA250321C00840000,NVDA,2025-03-21,840.00,call,219.55,220.00,218.85,3,221.15,15,54,572,2024-05-17,0.48804,0.70505,0.00083,-0.29508,2.93089,3.63302
NVDA250321P00840000,NVDA,2025-03-21,840.00,put,93.83,98.42,97.80,8,99.05,6,0,80,2024-05-17,0.48804,-0.29495,0.00083,-0.17781,2.93089,-3.14345
NVDA250321C00850000,NVDA,2025-03-21,850.00,call,215.30,214.68,213.70,2,215.65,2,5,729,2024-05-17,0.48804,0.69588,0.00084,-0.29782,2.97186,3.60428
NVDA250321P00850000,NVDA,2025-03-21,850.00,put,100.95,102.82,102.10,8,103.55,17,1,150,2024-05-17,0.48804,-0.30412,0.00084,-0.17916,2.97186,-3.25287
NVDA250321C00860000,NVDA,2025-03-21,860.00,call,220.90,209.43,208.35,5,210.50,8,1,290,2024-05-17,0.48804,0.68669,0.00085,-0.30040,3.01084,3.57457
NVDA250321P00860000,NVDA,2025-03-21,860.00,put,107.38,107.55,106.90,15,108.20,16,2,133,2024-05-17,0.48804,-0.31331,0.00085,-0.18034,3.01084,-3.36325
NVDA250321C00880000,NVDA,2025-03-21,880.00,call,215.00,199.75,198.65,29,200.85,4,0,451,2024-05-17,0.48804,0.66830,0.00088,-0.30503,3.08284,3.51249
NVDA250321P00880000,NVDA,2025-03-21,880.00,put,117.37,117.10,116.45,22,117.75,12,1,257,2024-05-17,0.48804,-0.33170,0.00088,-0.18218,3.08284,-3.58667
NVDA250321C00900000,NVDA,2025-03-21,900.00,call,190.00,190.25,189.30,6,191.20,6,31,945,2024-05-17,0.48804,0.64991,0.00089,-0.30897,3.14688,3.44725
NVDA250321P00900000,NVDA,2025-03-21,900.00,put,129.36,127.12,126.50,17,127.75,10,6,220,2024-05-17,0.48804,-0.35009,0.00089,-0.18333,3.14688,-3.81326
NVDA250321C00920000,NVDA,2025-03-21,920.00,call,182.65,181.15,180.30,6,182.00,5,13,226,2024-05-17,0.48804,0.63159,0.00091,-0.31224,3.20301,3.37927
NVDA250321P00920000,NVDA,2025-03-21,920.00,put,136.00,137.52,136.85,1,138.20,5,753,58,2024-05-17,0.48804,-0.36841,0.00091,-0.18381,3.20301,-4.04259
NVDA250321C00940000,NVDA,2025-03-21,940.00,call,169.80,172.43,171.75,3,173.10,6,4,290,2024-05-17,0.48804,0.61336,0.00092,-0.31485,3.25132,3.30896
NVDA250321P00940000,NVDA,2025-03-21,940.00,put,138.22,148.40,147.65,11,149.15,5,0,143,2024-05-17,0.48804,-0.38664,0.00092,-0.18362,3.25132,-4.27425
NVDA250321C00960000,NVDA,2025-03-21,960.00,call,163.39,164.02,163.35,12,164.70,18,13,189,2024-05-17,0.48804,0.59527,0.00093,-0.31682,3.29197,3.23671
NVDA250321P00960000,NVDA,2025-03-21,960.00,put,149.10,159.52,158.70,4,160.35,11,0,138,2024-05-17,0.48804,-0.40473,0.00093,-0.18280,3.29197,-4.50784
NVDA250321C00980000,NVDA,2025-03-21,980.00,call,156.76,156.05,155.40,6,156.70,15,6,186,2024-05-17,0.48804,0.57736,0.00094,-0.31818,3.32517,3.16288
NVDA250321P00980000,NVDA,2025-03-21,980.00,put,163.25,171.18,169.45,54,172.90,36,2,58,2024-05-17,0.48804,-0.42264,0.00094,-0.18136,3.32517,-4.74301
NVDA250321C01000000,NVDA,2025-03-21,1000.00,call,149.52,148.30,147.65,1,148.95,17,53,994,2024-05-17,0.46853,0.55489,0.00099,-0.30908,3.35695,3.10592
NVDA250321P01000000,NVDA,2025-03-21,1000.00,put,175.50,183.43,181.50,49,185.35,46,0,510,2024-05-17,0.48804,-0.44035,0.00095,-0.17933,3.35113,-4.97942
NVDA250321C01020000,NVDA,2025-03-21,1020.00,call,154.50,141.07,140.35,16,141.80,19,0,133,2024-05-17,0.46853,0.53666,0.00100,-0.30902,3.37476,3.02434
NVDA250321P01020000,NVDA,2025-03-21,1020.00,put,182.65,195.90,193.95,2,197.85,43,0,37,2024-05-17,0.48804,-0.45783,0.00096,-0.17673,3.37013,-5.21675
NVDA250321C01040000,NVDA,2025-03-21,1040.00,call,134.00,134.07,133.45,2,134.70,21,20,187,2024-05-17,0.46853,0.51870,0.00100,-0.30840,3.38536,2.94216
NVDA250321P01040000,NVDA,2025-03-21,1040.00,put,206.00,208.70,206.40,14,211.00,22,6,49,2024-05-17,0.48804,-0.47505,0.00096,-0.17359,3.38245,-5.45471
NVDA250321C01060000,NVDA,2025-03-21,1060.00,call,138.53,127.47,126.80,1,128.15,17,1,180,2024-05-17,0.46853,0.50105,0.00100,-0.30726,3.38907,2.85969
NVDA250321P01060000,NVDA,2025-03-21,1060.00,put,208.75,220.65,217.20,10,224.10,7,0,66,2024-05-17,0.48804,-0.49198,0.00096,-0.16993,3.38840,-5.69303
NVDA250321C01080000,NVDA,2025-03-21,1080.00,call,138.60,120.97,120.40,6,121.55,5,0,177,2024-05-17,0.46853,0.48373,0.00100,-0.30562,3.38626,2.77720
NVDA250321P01080000,NVDA,2025-03-21,1080.00,put,224.65,234.25,230.80,9,237.70,7,0,25,2024-05-17,0.48804,-0.50861,0.00096,-0.16580,3.38829,-5.93146
NVDA250321C01100000,NVDA,2025-03-21,1100.00,call,121.00,114.35,113.00,12,115.70,7,10,817,2024-05-17,0.46853,0.46676,0.00100,-0.30351,3.37731,2.69494
NVDA250321P01100000,NVDA,2025-03-21,1100.00,put,234.65,248.70,242.25,45,255.15,10,0,31,2024-05-17,0.48804,-0.52493,0.00096,-0.16121,3.38246,-6.16977
NVDA250321C01120000,NVDA,2025-03-21,1120.00,call,125.60,109.20,108.60,6,109.80,2,0,191,2024-05-17,0.46853,0.45015,0.00099,-0.30098,3.36259,2.61315
NVDA250321P01120000,NVDA,2025-03-21,1120.00,put,247.25,262.38,256.80,41,267.95,15,0,20,2024-05-17,0.48804,-0.54091,0.00096,-0.15621,3.37125,-6.40777
NVDA250321C01140000,NVDA,2025-03-21,1140.00,call,119.75,103.85,103.15,18,104.55,17,0,220,2024-05-17,0.46853,0.43392,0.00099,-0.29804,3.34248,2.53202
NVDA250321P01140000,NVDA,2025-03-21,1140.00,put,262.60,277.77,271.45,21,284.10,41,0,390,2024-05-17,0.50755,-0.54742,0.00092,-0.16254,3.36511,-6.62946
NVDA250321C01160000,NVDA,2025-03-21,1160.00,call,113.85,98.60,97.95,17,99.25,21,0,100,2024-05-17,0.46853,0.41807,0.00098,-0.29474,3.31737,2.45173
NVDA250321P01160000,NVDA,2025-03-21,1160.00,put,279.55,292.33,285.85,23,298.80,30,0,4,2024-05-17,0.50755,-0.56216,0.00091,-0.15710,3.34786,-6.86180
NVDA250321C01180000,NVDA,2025-03-21,1180.00,call,92.05,93.67,93.00,14,94.35,10,7,316,2024-05-17,0.46853,0.40263,0.00097,-0.29111,3.28763,2.37246
NVDA250321P01180000,NVDA,2025-03-21,1180.00,put,367.10,307.82,301.45,20,314.20,11,0,2,2024-05-17,0.50755,-0.57657,0.00091,-0.15133,3.32647,-7.09349
NVDA250321C01200000,NVDA,2025-03-21,1200.00,call,87.93,88.95,88.35,6,89.55,18,11,456,2024-05-17,0.46853,0.38760,0.00096,-0.28717,3.25365,2.29433
NVDA250321P01200000,NVDA,2025-03-21,1200.00,put,380.49,323.12,316.65,35,329.60,15,0,2,2024-05-17,0.50755,-0.59063,0.00090,-0.14525,3.30125,-7.32439
NVDA250321C01220000,NVDA,2025-03-21,1220.00,call,98.45,84.45,83.80,17,85.10,16,0,58,2024-05-17,0.46853,0.37297,0.00095,-0.28296,3.21579,2.21749
NVDA250321P01220000,NVDA,2025-03-21,1220.00,put,362.73,340.15,332.30,40,348.00,26,0,50,2024-05-17,0.52706,-0.59376,0.00087,-0.15169,3.29505,-7.52586
NVDA250321C01240000,NVDA,2025-03-21,1240.00,call,81.38,80.12,79.55,13,80.70,6,0,41,2024-05-17,0.46853,0.35876,0.00094,-0.27851,3.17440,2.14204
NVDA250321P01240000,NVDA,2025-03-21,1240.00,put,367.35,354.25,348.50,44,360.00,21,0,1,2024-05-17,0.50755,-0.61772,0.00088,-0.13230,3.24045,-7.78344
NVDA250321C01260000,NVDA,2025-03-21,1260.00,call,75.12,76.10,75.55,5,76.65,15,10,193,2024-05-17,0.46853,0.34496,0.00093,-0.27384,3.12982,2.06806
NVDA250321P01260000,NVDA,2025-03-21,1260.00,put,352.10,370.95,364.45,38,377.45,12,0,47,2024-05-17,0.52706,-0.61938,0.00085,-0.13887,3.23618,-7.97583
NVDA250321C01280000,NVDA,2025-03-21,1280.00,call,71.71,72.35,71.70,7,73.00,6,3,30,2024-05-17,0.46853,0.33158,0.00091,-0.26898,3.08240,1.99564
NVDA250321P01280000,NVDA,2025-03-21,1280.00,put,412.55,386.77,381.05,24,392.50,18,0,0,2024-05-17,0.52706,-0.63171,0.00084,-0.13213,3.20266,-8.19940
NVDA250321C01300000,NVDA,2025-03-21,1300.00,call,67.55,68.65,68.10,5,69.20,5,2,442,2024-05-17,0.46853,0.31862,0.00090,-0.26396,3.03245,1.92485
NVDA250321P01300000,NVDA,2025-03-21,1300.00,put,398.00,404.10,397.90,24,410.30,43,2,22,2024-05-17,0.52706,-0.64372,0.00083,-0.12521,3.16672,-8.42193
NVDA250321C01320000,NVDA,2025-03-21,1320.00,call,70.30,65.12,64.55,7,65.70,1,1,43,2024-05-17,0.46853,0.30606,0.00088,-0.25879,2.98027,1.85574
NVDA250321P01320000,NVDA,2025-03-21,1320.00,put,0.00,421.15,415.05,31,427.25,8,0,0,2024-05-17,0.52706,-0.65540,0.00082,-0.11811,3.12858,-8.64339
NVDA250321C01340000,NVDA,2025-03-21,1340.00,call,64.24,61.92,61.30,16,62.55,6,1,125,2024-05-17,0.46853,0.29392,0.00087,-0.25351,2.92615,1.78834
NVDA250321P01340000,NVDA,2025-03-21,1340.00,put,0.00,438.02,432.50,23,443.55,40,0,0,2024-05-17,0.54657,-0.65469,0.00079,-0.12517,3.13099,-8.82068
NVDA250321C01360000,NVDA,2025-03-21,1360.00,call,57.50,58.83,58.35,22,59.30,6,1,152,2024-05-17,0.46853,0.28217,0.00085,-0.24813,2.87036,1.72270
NVDA250321P01360000,NVDA,2025-03-21,1360.00,put,481.50,455.98,449.60,66,462.35,34,0,1,2024-05-17,0.54657,-0.66550,0.00078,-0.11806,3.09309,-9.03732
NVDA250321C01370000,NVDA,2025-03-21,1370.00,call,53.62,57.38,56.85,32,57.90,1,0,12,2024-05-17,0.46853,0.27645,0.00084,-0.24541,2.84192,1.69054
NVDA250321P01370000,NVDA,2025-03-21,1370.00,put,484.40,464.30,458.65,26,469.95,7,0,7,2024-05-17,0.54657,-0.67080,0.00078,-0.11445,3.07353,-9.14525
NVDA250321C01380000,NVDA,2025-03-21,1380.00,call,67.00,55.97,55.40,26,56.55,6,0,23,2024-05-17,0.46853,0.27082,0.00083,-0.24267,2.81317,1.65883
NVDA250321P01380000,NVDA,2025-03-21,1380.00,put,0.00,473.75,467.75,47,479.75,27,0,0,2024-05-17,0.54657,-0.67602,0.00077,-0.11082,3.05359,-9.25292
NVDA250321C01390000,NVDA,2025-03-21,1390.00,call,59.50,54.58,54.00,12,55.15,6,0,11,2024-05-17,0.46853,0.26530,0.00082,-0.23992,2.78412,1.62756
NVDA250321P01390000,NVDA,2025-03-21,1390.00,put,506.65,482.60,476.60,45,488.60,31,0,0,2024-05-17,0.56608,-0.66899,0.00075,-0.12186,3.08027,-9.31560
NVDA250321C01400000,NVDA,2025-03-21,1400.00,call,58.25,53.15,52.60,5,53.70,5,6,169,2024-05-17,0.46853,0.25987,0.00081,-0.23716,2.75481,1.59675
NVDA250321P01400000,NVDA,2025-03-21,1400.00,put,555.18,491.50,485.15,37,497.85,32,0,4,2024-05-17,0.56608,-0.67398,0.00075,-0.11830,3.06147,-9.42165
NVDA250321C01410000,NVDA,2025-03-21,1410.00,call,48.05,51.85,51.30,22,52.40,6,0,18,2024-05-17,0.46853,0.25453,0.00081,-0.23439,2.72526,1.56638
NVDA250321P01410000,NVDA,2025-03-21,1410.00,put,539.12,500.52,494.05,36,507.00,24,0,1,2024-05-17,0.56608,-0.67889,0.00074,-0.11471,3.04235,-9.52745
NVDA250321C01420000,NVDA,2025-03-21,1420.00,call,50.00,50.55,50.00,33,51.10,6,0,31,2024-05-17,0.46853,0.24929,0.00080,-0.23161,2.69551,1.53646
NVDA250321P01420000,NVDA,2025-03-21,1420.00,put,526.95,509.40,503.10,40,515.70,32,0,22,2024-05-17,0.56608,-0.68374,0.00074,-0.11110,3.02292,-9.63302
NVDA250321C01430000,NVDA,2025-03-21,1430.00,call,45.90,49.30,48.75,22,49.85,6,0,4,2024-05-17,0.46853,0.24415,0.00079,-0.22882,2.66558,1.50699
NVDA250321P01430000,NVDA,2025-03-21,1430.00,put,588.77,518.65,512.30,46,525.00,30,0,27,2024-05-17,0.56608,-0.68853,0.00074,-0.10746,3.00320,-9.73834
NVDA250321C01440000,NVDA,2025-03-21,1440.00,call,57.10,48.02,47.55,16,48.50,1,0,6,2024-05-17,0.46853,0.23910,0.00078,-0.22603,2.63549,1.47796
NVDA250321P01440000,NVDA,2025-03-21,1440.00,put,517.90,527.77,521.65,37,533.90,33,2,29,2024-05-17,0.56608,-0.69325,0.00073,-0.10381,2.98321,-9.84342
NVDA250321C01450000,NVDA,2025-03-21,1450.00,call,42.75,46.88,46.35,17,47.40,6,0,37,2024-05-17,0.46853,0.23414,0.00077,-0.22324,2.60527,1.44939
NVDA250321P01450000,NVDA,2025-03-21,1450.00,put,593.70,537.15,530.80,41,543.50,32,0,3,2024-05-17,0.58560,-0.68563,0.00071,-0.11529,3.01522,-9.90164
NVDA250321C01460000,NVDA,2025-03-21,1460.00,call,51.15,45.67,45.20,22,46.15,1,0,26,2024-05-17,0.46853,0.22927,0.00076,-0.22044,2.57494,1.42126
NVDA250321P01460000,NVDA,2025-03-21,1460.00,put,594.20,546.33,540.25,38,552.40,36,0,27,2024-05-17,0.58560,-0.69015,0.00071,-0.11171,2.99640,-10.00533
NVDA250321C01470000,NVDA,2025-03-21,1470.00,call,49.93,44.62,44.10,9,45.15,12,0,76,2024-05-17,0.46853,0.22449,0.00075,-0.21765,2.54452,1.39357
NVDA250321P01470000,NVDA,2025-03-21,1470.00,put,586.73,555.35,549.20,40,561.50,31,0,8,2024-05-17,0.58560,-0.69461,0.00070,-0.10811,2.97735,-10.10879
NVDA250321C01480000,NVDA,2025-03-21,1480.00,call,45.95,43.58,43.00,22,44.15,20,3,3,2024-05-17,0.46853,0.21980,0.00074,-0.21486,2.51405,1.36633
NVDA250321P01480000,NVDA,2025-03-21,1480.00,put,612.46,564.65,558.65,46,570.65,37,0,6,2024-05-17,0.58560,-0.69902,0.00070,-0.10449,2.95808,-10.21204
NVDA250321C01490000,NVDA,2025-03-21,1490.00,call,25.74,42.50,41.90,23,43.10,6,0,27,2024-05-17,0.46853,0.21520,0.00073,-0.21208,2.48352,1.33952
NVDA250321P01490000,NVDA,2025-03-21,1490.00,put,602.20,573.83,567.95,46,579.70,29,0,4,2024-05-17,0.58560,-0.70336,0.00070,-0.10085,2.93860,-10.31506
NVDA250321C01500000,NVDA,2025-03-21,1500.00,call,40.45,41.35,40.90,23,41.80,1,1,499,2024-05-17,0.46853,0.21068,0.00073,-0.20930,2.45298,1.31316
NVDA250321P01500000,NVDA,2025-03-21,1500.00,put,608.25,583.38,577.20,46,589.55,45,0,0,2024-05-17,0.60511,-0.69542,0.00068,-0.11266,2.97387,-10.37094
NVDA250321C01510000,NVDA,2025-03-21,1510.00,call,37.50,40.30,39.60,29,41.00,10,0,43,2024-05-17,0.46853,0.20625,0.00072,-0.20652,2.42243,1.28722
NVDA250321P01510000,NVDA,2025-03-21,1510.00,put,691.11,592.78,586.85,41,598.70,39,0,0,2024-05-17,0.60511,-0.69959,0.00068,-0.10909,2.95553,-10.47274
NVDA250321C01520000,NVDA,2025-03-21,1520.00,call,41.65,39.38,38.95,27,39.80,3,3,55,2024-05-17,0.46853,0.20191,0.00071,-0.20376,2.39189,1.26172
NVDA250321P01520000,NVDA,2025-03-21,1520.00,put,616.55,602.15,595.90,42,608.40,46,0,0,2024-05-17,0.60511,-0.70371,0.00067,-0.10552,2.93702,-10.57434
NVDA250321C01530000,NVDA,2025-03-21,1530.00,call,40.25,38.40,37.95,16,38.85,6,1,457,2024-05-17,0.46853,0.19764,0.00070,-0.20101,2.36139,1.23665
NVDA250321P01530000,NVDA,2025-03-21,1530.00,put,627.60,612.05,604.70,41,619.40,41,0,0,2024-05-17,0.60511,-0.70777,0.00067,-0.10193,2.91834,-10.67574
NVDA250321C01540000,NVDA,2025-03-21,1540.00,call,26.90,37.47,37.05,15,37.90,3,0,19,2024-05-17,0.46853,0.19346,0.00069,-0.19826,2.33093,1.21200
NVDA250321P01540000,NVDA,2025-03-21,1540.00,put,638.10,621.70,614.30,40,629.10,40,0,0,2024-05-17,0.60511,-0.71179,0.00066,-0.09833,2.89949,-10.77694
NVDA250321C01550000,NVDA,2025-03-21,1550.00,call,41.23,36.58,36.15,32,37.00,3,0,62,2024-05-17,0.46853,0.18936,0.00068,-0.19553,2.30054,1.18778
NVDA250321P01550000,NVDA,2025-03-21,1550.00,put,647.60,631.15,623.70,40,638.60,40,0,1,2024-05-17,0.62462,-0.70361,0.00065,-0.11042,2.93749,-10.83108
NVDA250321C01560000,NVDA,2025-03-21,1560.00,call,39.15,35.75,35.25,16,36.25,15,1,505,2024-05-17,0.48804,0.19994,0.00068,-0.20984,2.37790,1.23961
NVDA250321P01560000,NVDA,2025-03-21,1560.00,put,657.00,640.70,633.15,40,648.25,40,0,1,2024-05-17,0.62462,-0.70747,0.00065,-0.10689,2.91975,-10.93120
NVDA250321C01570000,NVDA,2025-03-21,1570.00,call,40.00,34.95,34.40,12,35.50,21,0,4,2024-05-17,0.48804,0.19597,0.00067,-0.20718,2.34930,1.21651
NVDA250321P01570000,NVDA,2025-03-21,1570.00,put,666.55,650.08,642.80,40,657.35,40,0,1,2024-05-17,0.62462,-0.71129,0.00064,-0.10335,2.90187,-11.03115
NVDA250321C01580000,NVDA,2025-03-21,1580.00,call,31.85,34.00,33.60,19,34.40,5,0,21,2024-05-17,0.48804,0.19208,0.00066,-0.20452,2.32075,1.19378
NVDA250321P01580000,NVDA,2025-03-21,1580.00,put,658.80,659.92,652.40,40,667.45,40,0,0,2024-05-17,0.62462,-0.71505,0.00064,-0.09980,2.88386,-11.13091
NVDA250321C01590000,NVDA,2025-03-21,1590.00,call,34.20,33.20,32.80,21,33.60,14,0,30,2024-05-17,0.48804,0.18826,0.00065,-0.20188,2.29228,1.17143
NVDA250321P01590000,NVDA,2025-03-21,1590.00,put,729.80,669.58,662.05,40,677.10,40,0,0,2024-05-17,0.64413,-0.70678,0.00063,-0.11209,2.92293,-11.18456
NVDA250321C01600000,NVDA,2025-03-21,1600.00,call,32.10,32.42,32.05,22,32.80,3,1,50,2024-05-17,0.48804,0.18451,0.00064,-0.19925,2.26388,1.14944
NVDA250321P01600000,NVDA,2025-03-21,1600.00,put,686.42,678.30,671.60,40,685.00,40,0,0,2024-05-17,0.64413,-0.71042,0.00063,-0.10861,2.90597,-11.28336
NVDA250321C01610000,NVDA,2025-03-21,1610.00,call,33.40,31.62,31.25,38,32.00,17,0,21,2024-05-17,0.48804,0.18083,0.00063,-0.19663,2.23558,1.12781
NVDA250321P01610000,NVDA,2025-03-21,1610.00,put,790.98,688.88,681.30,40,696.45,40,0,0,2024-05-17,0.64413,-0.71401,0.00062,-0.10511,2.88889,-11.38200
NVDA250321C01620000,NVDA,2025-03-21,1620.00,call,29.30,30.88,30.45,18,31.30,18,0,29,2024-05-17,0.48804,0.17722,0.00063,-0.19403,2.20738,1.10654
NVDA250321P01620000,NVDA,2025-03-21,1620.00,put,712.40,698.53,690.95,40,706.10,40,0,0,2024-05-17,0.64413,-0.71756,0.00062,-0.10161,2.87170,-11.48047
NVDA250321C01630000,NVDA,2025-03-21,1630.00,call,33.90,30.18,29.80,22,30.55,12,0,65,2024-05-17,0.48804,0.17367,0.00062,-0.19145,2.17929,1.08563
NVDA250321P01630000,NVDA,2025-03-21,1630.00,put,0.00,708.27,700.75,40,715.80,40,0,0,2024-05-17,0.66364,-0.70922,0.00061,-0.11408,2.91159,-11.53384
NVDA250321C01640000,NVDA,2025-03-21,1640.00,call,33.50,29.48,29.10,19,29.85,16,0,138,2024-05-17,0.48804,0.17020,0.00061,-0.18887,2.15133,1.06507
NVDA250321P01640000,NVDA,2025-03-21,1640.00,put,0.00,717.88,710.25,40,725.50,40,0,0,2024-05-17,0.66364,-0.71265,0.00060,-0.11065,2.89539,-11.63144
NVDA250321C01650000,NVDA,2025-03-21,1650.00,call,34.68,28.80,28.45,7,29.15,16,0,336,2024-05-17,0.48804,0.16679,0.00060,-0.18632,2.12350,1.04486
NVDA250321P01650000,NVDA,2025-03-21,1650.00,put,751.60,727.67,720.15,40,735.20,40,0,0,2024-05-17,0.66364,-0.71604,0.00060,-0.10721,2.87909,-11.72890
NVDA250321C01660000,NVDA,2025-03-21,1660.00,call,33.22,28.10,27.75,24,28.45,16,0,43,2024-05-17,0.48804,0.16344,0.00060,-0.18378,2.09582,1.02499
NVDA250321P01660000,NVDA,2025-03-21,1660.00,put,782.95,737.45,729.90,40,745.00,40,0,0,2024-05-17,0.66364,-0.71939,0.00060,-0.10376,2.86270,-11.82620
NVDA250321C01670000,NVDA,2025-03-21,1670.00,call,19.24,27.45,27.10,18,27.80,17,0,52,2024-05-17,0.48804,0.16016,0.00059,-0.18126,2.06828,1.00547
NVDA250321P01670000,NVDA,2025-03-21,1670.00,put,0.00,747.23,739.70,40,754.75,40,0,0,2024-05-17,0.66364,-0.72270,0.00059,-0.10030,2.84622,-11.92335
NVDA250321C01680000,NVDA,2025-03-21,1680.00,call,25.45,26.82,26.50,22,27.15,4,0,45,2024-05-17,0.48804,0.15693,0.00058,-0.17876,2.04091,0.98628
NVDA250321P01680000,NVDA,2025-03-21,1680.00,put,808.22,757.05,749.60,40,764.50,40,0,0,2024-05-17,0.68315,-0.71425,0.00059,-0.11301,2.88772,-11.97598
NVDA250321C01690000,NVDA,2025-03-21,1690.00,call,25.35,26.25,25.85,34,26.65,16,0,29,2024-05-17,0.48804,0.15378,0.00057,-0.17628,2.01370,0.96742
NVDA250321P01690000,NVDA,2025-03-21,1690.00,put,812.60,766.80,759.30,40,774.30,40,0,0,2024-05-17,0.68315,-0.71746,0.00058,-0.10962,2.87218,-12.07236
NVDA250321C01700000,NVDA,2025-03-21,1700.00,call,25.75,25.60,25.30,23,25.90,4,1,176,2024-05-17,0.48804,0.15068,0.00056,-0.17382,1.98667,0.94890
NVDA250321P01700000,NVDA,2025-03-21,1700.00,put,831.22,776.70,769.20,40,784.20,40,0,0,2024-05-17,0.68315,-0.72063,0.00058,-0.10622,2.85656,-12.16860
NVDA250321C01710000,NVDA,2025-03-21,1710.00,call,24.86,25.07,24.70,24,25.45,30,0,13,2024-05-17,0.48804,0.14764,0.00056,-0.17138,1.95982,0.93069
NVDA250321P01710000,NVDA,2025-03-21,1710.00,put,846.80,786.52,779.00,40,794.05,40,0,0,2024-05-17,0.68315,-0.72376,0.00058,-0.10281,2.84087,-12.26471
NVDA250321C01720000,NVDA,2025-03-21,1720.00,call,24.15,24.50,24.20,5,24.80,17,0,31,2024-05-17,0.48804,0.14466,0.00055,-0.16895,1.93316,0.91281
NVDA250321P01720000,NVDA,2025-03-21,1720.00,put,808.35,796.42,788.95,40,803.90,40,0,0,2024-05-17,0.70267,-0.71529,0.00057,-0.11567,2.88270,-12.31741
NVDA250321C01730000,NVDA,2025-03-21,1730.00,call,28.60,23.88,23.45,5,24.30,18,0,46,2024-05-17,0.48804,0.14174,0.00054,-0.16655,1.90670,0.89525
NVDA250321P01730000,NVDA,2025-03-21,1730.00,put,0.00,806.27,798.80,40,813.75,40,0,0,2024-05-17,0.70267,-0.71833,0.00057,-0.11233,2.86789,-12.41282
NVDA250321C01740000,NVDA,2025-03-21,1740.00,call,27.00,23.35,22.95,15,23.75,15,0,114,2024-05-17,0.48804,0.13887,0.00053,-0.16417,1.88043,0.87799
NVDA250321P01740000,NVDA,2025-03-21,1740.00,put,837.65,816.17,808.75,40,823.60,40,0,0,2024-05-17,0.70267,-0.72134,0.00056,-0.10899,2.85302,-12.50810
NVDA250321C01750000,NVDA,2025-03-21,1750.00,call,23.60,22.88,22.55,24,23.20,17,2,1461,2024-05-17,0.48804,0.13606,0.00053,-0.16182,1.85437,0.86105
NVDA250321P01750000,NVDA,2025-03-21,1750.00,put,0.00,826.02,818.55,40,833.50,40,0,0,2024-05-17,0.70267,-0.72431,0.00056,-0.10564,2.83808,-12.60326
NVDA250321C01760000,NVDA,2025-03-21,1760.00,call,25.68,22.38,22.05,5,22.70,13,0,70,2024-05-17,0.48804,0.13330,0.00052,-0.15948,1.82852,0.84441
NVDA250321P01760000,NVDA,2025-03-21,1760.00,put,847.50,835.33,828.50,41,842.15,41,0,0,2024-05-17,0.72218,-0.71584,0.00055,-0.11863,2.88007,-12.65615
NVDA250321C01770000,NVDA,2025-03-21,1770.00,call,20.45,21.82,21.45,12,22.20,17,0,43,2024-05-17,0.48804,0.13060,0.00051,-0.15717,1.80288,0.82807
NVDA250321P01770000,NVDA,2025-03-21,1770.00,put,0.00,845.35,836.00,40,854.70,40,0,0,2024-05-17,0.72218,-0.71872,0.00055,-0.11534,2.86597,-12.75066
NVDA250321C01780000,NVDA,2025-03-21,1780.00,call,20.00,21.50,21.10,5,21.90,31,0,84,2024-05-17,0.48804,0.12796,0.00050,-0.15487,1.77746,0.81202
NVDA250321P01780000,NVDA,2025-03-21,1780.00,put,862.17,855.25,846.00,41,864.50,40,0,0,2024-05-17,0.72218,-0.72158,0.00055,-0.11205,2.85180,-12.84506
NVDA250321C01790000,NVDA,2025-03-21,1790.00,call,22.00,20.95,20.60,5,21.30,25,1,604,2024-05-17,0.48804,0.12536,0.00050,-0.15261,1.75227,0.79627
NVDA250321P01790000,NVDA,2025-03-21,1790.00,put,912.50,865.80,856.00,41,875.60,40,0,0,2024-05-17,0.72218,-0.72441,0.00054,-0.10875,2.83759,-12.93936
NVDA250321C01800000,NVDA,2025-03-21,1800.00,call,22.65,20.50,20.20,5,20.80,15,1,155,2024-05-17,0.48804,0.12281,0.00049,-0.15036,1.72730,0.78080
NVDA250321P01800000,NVDA,2025-03-21,1800.00,put,931.18,876.02,866.05,41,886.00,41,0,0,2024-05-17,0.74169,-0.71593,0.00054,-0.12188,2.87960,-12.99251
NVDA250321C01810000,NVDA,2025-03-21,1810.00,call,20.50,20.00,19.70,22,20.30,1,219,106,2024-05-17,0.48804,0.12032,0.00048,-0.14814,1.70257,0.76562
NVDA250321P01810000,NVDA,2025-03-21,1810.00,put,856.35,886.00,876.00,42,896.00,40,0,0,2024-05-17,0.74169,-0.71868,0.00054,-0.11864,2.86617,-13.08621
NVDA250321C01820000,NVDA,2025-03-21,1820.00,call,24.50,19.58,19.30,5,19.85,10,0,66,2024-05-17,0.48804,0.11787,0.00048,-0.14594,1.67806,0.75071
NVDA250321P01820000,NVDA,2025-03-21,1820.00,put,0.00,895.15,886.00,40,904.30,40,0,0,2024-05-17,0.74169,-0.72141,0.00053,-0.11540,2.85269,-13.17981
NVDA250321C01830000,NVDA,2025-03-21,1830.00,call,22.25,19.20,18.85,5,19.55,21,0,106,2024-05-17,0.48804,0.11548,0.00047,-0.14376,1.65380,0.73608
NVDA250321P01830000,NVDA,2025-03-21,1830.00,put,908.95,906.00,896.00,40,916.00,42,0,0,2024-05-17,0.74169,-0.72410,0.00053,-0.11215,2.83916,-13.27331
NVDA250321C01840000,NVDA,2025-03-21,1840.00,call,21.60,18.73,18.45,5,19.00,5,0,26,2024-05-17,0.48804,0.11313,0.00046,-0.14161,1.62977,0.72172
NVDA250321P01840000,NVDA,2025-03-21,1840.00,put,0.00,915.00,906.00,41,924.00,40,0,0,2024-05-17,0.76120,-0.71563,0.00052,-0.12539,2.88106,-13.32679
NVDA250321C01850000,NVDA,2025-03-21,1850.00,call,21.35,18.33,18.10,3,18.55,1,0,111,2024-05-17,0.48804,0.11083,0.00046,-0.13948,1.60598,0.70763
NVDA250321P01850000,NVDA,2025-03-21,1850.00,put,0.00,926.02,916.05,41,936.00,41,0,0,2024-05-17,0.76120,-0.71825,0.00052,-0.12221,2.86828,-13.41975
NVDA250321C01860000,NVDA,2025-03-21,1860.00,call,10.55,17.95,17.70,4,18.20,5,0,11,2024-05-17,0.48804,0.10857,0.00045,-0.13738,1.58244,0.69379
NVDA250321P01860000,NVDA,2025-03-21,1860.00,put,0.00,936.02,926.05,41,946.00,41,0,0,2024-05-17,0.76120,-0.72085,0.00052,-0.11901,2.85545,-13.51261
NVDA250321C01870000,NVDA,2025-03-21,1870.00,call,20.15,17.58,17.30,5,17.85,15,0,33,2024-05-17,0.48804,0.10636,0.00044,-0.13530,1.55914,0.68022
NVDA250321P01870000,NVDA,2025-03-21,1870.00,put,0.00,945.92,936.00,41,955.85,40,0,0,2024-05-17,0.76120,-0.72342,0.00052,-0.11582,2.84258,-13.60538
NVDA250321C01880000,NVDA,2025-03-21,1880.00,call,20.10,17.20,16.90,1,17.50,14,0,380,2024-05-17,0.48804,0.10419,0.00044,-0.13324,1.53609,0.66690
NVDA250321P01880000,NVDA,2025-03-21,1880.00,put,1007.98,955.95,946.00,41,965.90,1,0,0,2024-05-17,0.78071,-0.71497,0.00051,-0.12917,2.88427,-13.65925
NVDA250321C01890000,NVDA,2025-03-21,1890.00,call,17.65,16.85,16.60,1,17.10,16,102,790,2024-05-17,0.48804,0.10207,0.00043,-0.13121,1.51329,0.65383
NVDA250321P01890000,NVDA,2025-03-21,1890.00,put,0.00,965.95,956.00,41,975.90,40,0,0,2024-05-17,0.78071,-0.71747,0.00051,-0.12603,2.87210,-13.75152
NVDA250321C01900000,NVDA,2025-03-21,1900.00,call,16.65,16.60,16.25,3,16.95,10,202,257,2024-05-17,0.48804,0.09999,0.00042,-0.12920,1.49073,0.64100
NVDA250321P01900000,NVDA,2025-03-21,1900.00,put,1028.20,975.17,966.00,41,984.35,40,0,0,2024-05-17,0.78071,-0.71996,0.00051,-0.12289,2.85989,-13.84370
NVDA250321C01910000,NVDA,2025-03-21,1910.00,call,19.10,16.20,15.90,5,16.50,15,0,113,2024-05-17,0.48804,0.09795,0.00042,-0.12721,1.46843,0.62842
NVDA250321P01910000,NVDA,2025-03-21,1910.00,put,0.00,985.20,976.00,40,994.40,40,0,0,2024-05-17,0.78071,-0.72242,0.00051,-0.11975,2.84764,-13.93580
NVDA250321C01920000,NVDA,2025-03-21,1920.00,call,18.85,15.85,15.55,6,16.15,15,0,196,2024-05-17,0.48804,0.09595,0.00041,-0.12525,1.44637,0.61608
NVDA250321P01920000,NVDA,2025-03-21,1920.00,put,0.00,996.02,986.05,41,1006.00,41,0,0,2024-05-17,0.80022,-0.71398,0.00050,-0.13320,2.88903,-13.99010
NVDA250321C01930000,NVDA,2025-03-21,1930.00,call,15.50,15.60,15.25,7,15.95,28,11,279,2024-05-17,0.48804,0.09399,0.00040,-0.12332,1.42457,0.60397
NVDA250321P01930000,NVDA,2025-03-21,1930.00,put,0.00,1006.00,996.00,42,1016.00,40,0,0,2024-05-17,0.80022,-0.71638,0.00050,-0.13011,2.87745,-14.08173
NVDA250321C01940000,NVDA,2025-03-21,1940.00,call,16.13,15.25,14.90,25,15.60,1,4,909,2024-05-17,0.48804,0.09207,0.00040,-0.12140,1.40302,0.59209
NVDA250321P01940000,NVDA,2025-03-21,1940.00,put,0.00,1016.02,1006.05,41,1026.00,41,0,0,2024-05-17,0.80022,-0.71875,0.00050,-0.12702,2.86583,-14.17329
NVDA250620C00005000,NVDA,2025-06-20,5.00,call,920.26,922.00,915.40,40,928.60,40,75,1629,2024-05-17,3.16114,0.99942,0.00000,-0.00811,0.01964,0.02464
NVDA250620P00005000,NVDA,2025-06-20,5.00,put,0.01,0.01,0.00,0,0.01,1,0,2998,2024-05-17,1.52216,-0.00002,0.00000,-0.00015,0.00082,-0.00030
NVDA250620C00010000,NVDA,2025-06-20,10.00,call,857.53,917.23,913.20,5,921.25,5,0,43,2024-05-17,2.43921,0.99894,0.00000,-0.01146,0.03432,0.07213
NVDA250620P00010000,NVDA,2025-06-20,10.00,put,0.01,0.01,0.00,0,0.01,5,0,711,2024-05-17,1.30753,-0.00003,0.00000,-0.00018,0.00111,-0.00039
NVDA250620C00015000,NVDA,2025-06-20,15.00,call,0.00,912.55,908.45,11,916.65,5,0,0,2024-05-17,2.14653,0.99858,0.00000,-0.01366,0.04488,0.11918
NVDA250620P00015000,NVDA,2025-06-20,15.00,put,0.01,0.01,0.00,0,0.39,70,0,114,2024-05-17,1.17095,-0.00003,0.00000,-0.00017,0.00116,-0.00039
NVDA250620C00020000,NVDA,2025-06-20,20.00,call,557.00,907.78,903.60,5,911.95,5,0,75,2024-05-17,1.93190,0.99834,0.00000,-0.01477,0.05169,0.16922
NVDA250620P00020000,NVDA,2025-06-20,20.00,put,0.07,0.01,0.00,0,0.31,1,0,184,2024-05-17,1.09290,-0.00003,0.00000,-0.00019,0.00142,-0.00047
NVDA250620C00025000,NVDA,2025-06-20,25.00,call,475.83,902.98,898.85,5,907.10,5,0,9,2024-05-17,1.77581,0.99816,0.00000,-0.01558,0.05682,0.21982
NVDA250620P00025000,NVDA,2025-06-20,25.00,put,0.02,0.01,0.00,0,0.20,1,0,2222,2024-05-17,1.01485,-0.00003,0.00000,-0.00017,0.00136,-0.00044
NVDA250620C00030000,NVDA,2025-06-20,30.00,call,865.00,898.45,894.35,5,902.55,5,0,340,2024-05-17,1.69776,0.99783,0.00000,-0.01762,0.06612,0.26582
NVDA250620P00030000,NVDA,2025-06-20,30.00,put,0.07,0.10,0.01,1,0.18,1,0,245,2024-05-17,1.15144,-0.00023,0.00000,-0.00118,0.00849,-0.00337
NVDA250620C00035000,NVDA,2025-06-20,35.00,call,786.35,893.65,889.45,5,897.85,5,0,19,2024-05-17,1.60021,0.99766,0.00000,-0.01839,0.07066,0.31620
NVDA250620P00035000,NVDA,2025-06-20,35.00,put,0.63,0.01,0.00,0,0.41,70,0,92,2024-05-17,0.91729,-0.00004,0.00000,-0.00017,0.00155,-0.00050
NVDA250620C00040000,NVDA,2025-06-20,40.00,call,908.00,888.98,884.85,5,893.10,5,0,2,2024-05-17,1.52216,0.99749,0.00001,-0.01926,0.07530,0.36618
NVDA250620P00040000,NVDA,2025-06-20,40.00,put,0.06,0.01,0.00,0,0.42,70,0,230,2024-05-17,0.87827,-0.00004,0.00000,-0.00017,0.00162,-0.00051
NVDA250620C00045000,NVDA,2025-06-20,45.00,call,227.75,884.27,880.15,5,888.40,5,0,0,2024-05-17,1.46362,0.99727,0.00001,-0.02044,0.08124,0.41490
NVDA250620P00045000,NVDA,2025-06-20,45.00,put,0.19,0.22,0.01,3,0.43,70,0,226,2024-05-17,1.09290,-0.00054,0.00000,-0.00243,0.01851,-0.00779
NVDA250620C00050000,NVDA,2025-06-20,50.00,call,816.17,879.52,875.80,5,883.25,5,0,10,2024-05-17,1.40509,0.99711,0.00001,-0.02126,0.08550,0.46493
NVDA250620P00050000,NVDA,2025-06-20,50.00,put,0.02,0.01,0.00,0,0.08,2,0,3441,2024-05-17,0.81974,-0.00005,0.00000,-0.00019,0.00192,-0.00060
NVDA250620C00055000,NVDA,2025-06-20,55.00,call,0.00,874.83,870.65,5,879.00,5,0,0,2024-05-17,1.34655,0.99702,0.00001,-0.02174,0.08794,0.51627
NVDA250620P00055000,NVDA,2025-06-20,55.00,put,0.10,0.01,0.00,0,0.10,1,0,986,2024-05-17,0.78071,-0.00004,0.00000,-0.00016,0.00166,-0.00051
NVDA250620C00060000,NVDA,2025-06-20,60.00,call,524.83,870.17,866.05,5,874.30,5,0,28,2024-05-17,1.30753,0.99680,0.00001,-0.02289,0.09366,0.56497
NVDA250620P00060000,NVDA,2025-06-20,60.00,put,0.10,0.01,0.00,0,0.11,1,0,599,2024-05-17,0.76120,-0.00005,0.00000,-0.00017,0.00186,-0.00057
NVDA250620C00065000,NVDA,2025-06-20,65.00,call,776.18,865.50,861.35,5,869.65,5,0,24,2024-05-17,1.26851,0.99663,0.00001,-0.02384,0.09832,0.61445
NVDA250620P00065000,NVDA,2025-06-20,65.00,put,0.05,0.01,0.00,0,0.12,1,0,37,2024-05-17,0.74169,-0.00005,0.00000,-0.00018,0.00202,-0.00062
NVDA250620C00070000,NVDA,2025-06-20,70.00,call,561.58,860.70,856.65,11,864.75,5,0,88,2024-05-17,1.22948,0.99649,0.00001,-0.02457,0.10187,0.66472
NVDA250620P00070000,NVDA,2025-06-20,70.00,put,0.17,0.14,0.01,2,0.26,200,0,448,2024-05-17,0.89778,-0.00052,0.00000,-0.00190,0.01772,-0.00691
NVDA250620C00075000,NVDA,2025-06-20,75.00,call,832.31,856.02,852.00,5,860.05,5,0,22,2024-05-17,1.19046,0.99640,0.00001,-0.02511,0.10423,0.71580
NVDA250620P00075000,NVDA,2025-06-20,75.00,put,0.17,0.15,0.01,200,0.30,2,0,119,2024-05-17,0.87827,-0.00056,0.00000,-0.00200,0.01910,-0.00746
NVDA250620C00080000,NVDA,2025-06-20,80.00,call,525.48,851.33,847.10,5,855.55,5,0,51,2024-05-17,1.17095,0.99608,0.00001,-0.02669,0.11249,0.76257
NVDA250620P00080000,NVDA,2025-06-20,80.00,put,0.21,0.26,0.01,3,0.51,70,0,153,2024-05-17,0.89778,-0.00085,0.00000,-0.00299,0.02798,-0.01146
NVDA250620C00085000,NVDA,2025-06-20,85.00,call,641.55,846.70,842.60,5,850.80,5,0,107,2024-05-17,1.13192,0.99607,0.00001,-0.02689,0.11281,0.81506
NVDA250620P00085000,NVDA,2025-06-20,85.00,put,0.20,0.01,0.00,0,0.51,1,0,94,2024-05-17,0.66364,-0.00005,0.00000,-0.00017,0.00215,-0.00065
NVDA250620C00090000,NVDA,2025-06-20,90.00,call,787.00,842.00,837.90,5,846.10,11,0,81,2024-05-17,1.11241,0.99579,0.00001,-0.02824,0.11992,0.86267
NVDA250620P00090000,NVDA,2025-06-20,90.00,put,0.24,0.01,0.00,0,0.53,48,0,106,2024-05-17,0.64413,-0.00005,0.00000,-0.00016,0.00206,-0.00062
NVDA250620C00095000,NVDA,2025-06-20,95.00,call,345.78,837.28,833.20,5,841.35,5,0,188,2024-05-17,1.09290,0.99552,0.00001,-0.02951,0.12667,0.91053
NVDA250620P00095000,NVDA,2025-06-20,95.00,put,0.18,0.01,0.00,0,0.54,54,0,82,2024-05-17,0.64413,-0.00007,0.00000,-0.00021,0.00280,-0.00086
NVDA250620C00100000,NVDA,2025-06-20,100.00,call,780.00,832.55,828.85,5,836.25,5,0,472,2024-05-17,1.05388,0.99564,0.00001,-0.02924,0.12382,0.96510
NVDA250620P00100000,NVDA,2025-06-20,100.00,put,0.14,0.25,0.10,1,0.40,20,0,1071,2024-05-17,0.81974,-0.00099,0.00000,-0.00315,0.03239,-0.01311
NVDA250620C00105000,NVDA,2025-06-20,105.00,call,775.55,827.90,823.80,5,832.00,5,0,33,2024-05-17,1.03437,0.99542,0.00001,-0.03029,0.12919,1.01392
NVDA250620P00105000,NVDA,2025-06-20,105.00,put,0.25,0.01,0.00,0,0.56,37,0,315,2024-05-17,0.60511,-0.00006,0.00000,-0.00017,0.00236,-0.00071
NVDA250620C00110000,NVDA,2025-06-20,110.00,call,719.31,823.12,819.10,5,827.15,5,0,100,2024-05-17,1.01485,0.99523,0.00001,-0.03125,0.13409,1.06306
NVDA250620P00110000,NVDA,2025-06-20,110.00,put,0.51,0.01,0.00,0,0.59,49,0,151,2024-05-17,0.58560,-0.00005,0.00000,-0.00014,0.00209,-0.00062
NVDA250620C00115000,NVDA,2025-06-20,115.00,call,712.00,818.50,814.35,5,822.65,5,0,22,2024-05-17,0.99534,0.99505,0.00001,-0.03214,0.13850,1.11253
NVDA250620P00115000,NVDA,2025-06-20,115.00,put,0.20,0.01,0.00,0,0.61,47,0,250,2024-05-17,0.58560,-0.00007,0.00000,-0.00019,0.00276,-0.00083
NVDA250620C00120000,NVDA,2025-06-20,120.00,call,722.00,813.83,809.70,11,817.95,11,0,253,2024-05-17,0.97583,0.99490,0.00002,-0.03294,0.14238,1.16235
NVDA250620P00120000,NVDA,2025-06-20,120.00,put,0.15,0.24,0.08,201,0.40,201,0,584,2024-05-17,0.74169,-0.00098,0.00000,-0.00280,0.03196,-0.01256
NVDA250620C00125000,NVDA,2025-06-20,125.00,call,756.55,809.08,805.00,11,813.15,5,0,13,2024-05-17,0.95632,0.99476,0.00002,-0.03366,0.14571,1.21253
NVDA250620P00125000,NVDA,2025-06-20,125.00,put,0.50,0.26,0.10,214,0.42,46,0,664,2024-05-17,0.74169,-0.00117,0.00001,-0.00329,0.03756,-0.01503
NVDA250620C00130000,NVDA,2025-06-20,130.00,call,757.41,804.38,800.25,5,808.50,5,0,37,2024-05-17,0.93681,0.99465,0.00002,-0.03430,0.14848,1.26308
NVDA250620P00130000,NVDA,2025-06-20,130.00,put,0.22,0.39,0.10,1,0.68,10,0,77,2024-05-17,0.74169,-0.00138,0.00001,-0.00383,0.04376,-0.01782
NVDA250620C00135000,NVDA,2025-06-20,135.00,call,720.50,799.70,795.60,11,803.80,5,0,125,2024-05-17,0.91729,0.99456,0.00002,-0.03487,0.15064,1.31400
NVDA250620P00135000,NVDA,2025-06-20,135.00,put,0.37,0.41,0.13,1,0.69,46,0,257,2024-05-17,0.74169,-0.00162,0.00001,-0.00442,0.05056,-0.02095
NVDA250620C00140000,NVDA,2025-06-20,140.00,call,767.00,795.05,790.95,5,799.15,11,0,109,2024-05-17,0.91729,0.99394,0.00002,-0.03718,0.16579,1.35629
NVDA250620P00140000,NVDA,2025-06-20,140.00,put,0.34,0.32,0.15,1,0.48,5,0,221,2024-05-17,0.70267,-0.00128,0.00001,-0.00337,0.04079,-0.01625
NVDA250620C00145000,NVDA,2025-06-20,145.00,call,675.90,790.38,786.30,11,794.45,11,0,140,2024-05-17,0.89778,0.99388,0.00002,-0.03762,0.16725,1.40773
NVDA250620P00145000,NVDA,2025-06-20,145.00,put,0.39,0.27,0.05,10,0.48,5,0,196,2024-05-17,0.68315,-0.00121,0.00001,-0.00312,0.03882,-0.01527
NVDA250620C00150000,NVDA,2025-06-20,150.00,call,762.50,784.98,778.00,40,791.95,40,0,950,2024-05-17,0.83925,0.99503,0.00002,-0.03436,0.13901,1.47807
NVDA250620P00150000,NVDA,2025-06-20,150.00,put,0.34,0.32,0.28,155,0.35,10,12,703,2024-05-17,0.68315,-0.00142,0.00001,-0.00359,0.04478,-0.01790
NVDA250620C00155000,NVDA,2025-06-20,155.00,call,718.50,780.95,776.85,11,785.05,5,0,219,2024-05-17,0.85876,0.99385,0.00002,-0.03829,0.16815,1.51182
NVDA250620P00155000,NVDA,2025-06-20,155.00,put,0.39,0.42,0.28,10,0.57,45,0,497,2024-05-17,0.68315,-0.00164,0.00001,-0.00411,0.05130,-0.02084
NVDA250620C00160000,NVDA,2025-06-20,160.00,call,739.21,776.30,772.20,5,780.40,11,0,186,2024-05-17,0.85876,0.99320,0.00002,-0.04052,0.18360,1.55398
NVDA250620P00160000,NVDA,2025-06-20,160.00,put,0.39,0.34,0.28,5,0.41,10,20,120,2024-05-17,0.66364,-0.00154,0.00001,-0.00376,0.04837,-0.01937
NVDA250620C00165000,NVDA,2025-06-20,165.00,call,790.00,771.55,767.35,5,775.75,5,1,108,2024-05-17,0.83925,0.99323,0.00002,-0.04069,0.18285,1.60684
NVDA250620P00165000,NVDA,2025-06-20,165.00,put,0.42,0.41,0.37,14,0.44,10,25,350,2024-05-17,0.66364,-0.00178,0.00001,-0.00428,0.05510,-0.02241
NVDA250620C00170000,NVDA,2025-06-20,170.00,call,739.59,766.92,762.85,5,771.00,5,0,70,2024-05-17,0.83925,0.99256,0.00003,-0.04293,0.19876,1.64865
NVDA250620P00170000,NVDA,2025-06-20,170.00,put,0.61,0.55,0.20,2,0.89,9,0,357,2024-05-17,0.68315,-0.00248,0.00001,-0.00595,0.07441,-0.03165
NVDA250620C00175000,NVDA,2025-06-20,175.00,call,625.22,762.25,758.15,11,766.35,5,0,203,2024-05-17,0.81974,0.99263,0.00003,-0.04298,0.19707,1.70216
NVDA250620P00175000,NVDA,2025-06-20,175.00,put,0.90,0.60,0.25,1,0.96,58,0,137,2024-05-17,0.66364,-0.00233,0.00001,-0.00545,0.07030,-0.02946
NVDA250620C00180000,NVDA,2025-06-20,180.00,call,730.23,757.58,753.50,5,761.65,5,0,228,2024-05-17,0.80022,0.99274,0.00003,-0.04297,0.19461,1.75610
NVDA250620P00180000,NVDA,2025-06-20,180.00,put,0.55,0.54,0.51,1,0.56,10,10,356,2024-05-17,0.64413,-0.00216,0.00001,-0.00495,0.06581,-0.02716
NVDA250620C00185000,NVDA,2025-06-20,185.00,call,707.93,752.85,748.75,5,756.95,5,0,154,2024-05-17,0.80022,0.99205,0.00003,-0.04515,0.21071,1.79785
NVDA250620P00185000,NVDA,2025-06-20,185.00,put,1.05,0.54,0.25,63,0.84,27,0,99,2024-05-17,0.64413,-0.00246,0.00001,-0.00555,0.07385,-0.03092
NVDA250620C00190000,NVDA,2025-06-20,190.00,call,741.37,748.17,744.00,5,752.35,5,0,154,2024-05-17,0.78071,0.99220,0.00003,-0.04502,0.20721,1.85249
NVDA250620P00190000,NVDA,2025-06-20,190.00,put,1.17,0.68,0.52,201,0.84,196,0,428,2024-05-17,0.64413,-0.00278,0.00001,-0.00619,0.08249,-0.03504
NVDA250620C00195000,NVDA,2025-06-20,195.00,call,600.00,743.58,739.50,5,747.65,5,0,126,2024-05-17,0.78071,0.99149,0.00003,-0.04718,0.22367,1.89398
NVDA250620P00195000,NVDA,2025-06-20,195.00,put,1.42,0.71,0.52,10,0.89,23,0,384,2024-05-17,0.64413,-0.00312,0.00002,-0.00688,0.09174,-0.03951
NVDA250620C00200000,NVDA,2025-06-20,200.00,call,647.86,738.92,735.20,5,742.65,5,0,575,2024-05-17,0.76120,0.99169,0.00003,-0.04694,0.21907,1.94937
NVDA250620P00200000,NVDA,2025-06-20,200.00,put,0.80,0.71,0.52,10,0.89,22,6,831,2024-05-17,0.62462,-0.00289,0.00001,-0.00620,0.08543,-0.03618
NVDA250620C00205000,NVDA,2025-06-20,205.00,call,630.00,734.25,730.15,11,738.35,5,0,93,2024-05-17,0.76120,0.99096,0.00003,-0.04909,0.23585,1.99063
NVDA250620P00205000,NVDA,2025-06-20,205.00,put,1.69,0.82,0.52,31,1.13,19,0,326,2024-05-17,0.62462,-0.00324,0.00002,-0.00687,0.09476,-0.04069
NVDA250620C00210000,NVDA,2025-06-20,210.00,call,693.09,729.62,725.50,11,733.75,11,0,102,2024-05-17,0.74169,0.99122,0.00003,-0.04873,0.23009,2.04679
NVDA250620P00210000,NVDA,2025-06-20,210.00,put,0.80,0.81,0.50,56,1.13,19,0,1074,2024-05-17,0.62462,-0.00362,0.00002,-0.00759,0.10470,-0.04557
NVDA250620C00215000,NVDA,2025-06-20,215.00,call,718.80,724.92,720.85,6,729.00,6,0,139,2024-05-17,0.74169,0.99047,0.00004,-0.05086,0.24716,2.08787
NVDA250620P00215000,NVDA,2025-06-20,215.00,put,1.71,0.96,0.79,190,1.13,165,0,633,2024-05-17,0.62462,-0.00403,0.00002,-0.00834,0.11526,-0.05084
NVDA250620C00220000,NVDA,2025-06-20,220.00,call,697.40,720.20,716.05,6,724.35,6,0,92,2024-05-17,0.72218,0.99077,0.00004,-0.05039,0.24017,2.14483
NVDA250620P00220000,NVDA,2025-06-20,220.00,put,0.78,1.13,0.79,5,1.47,46,0,1862,2024-05-17,0.62462,-0.00447,0.00002,-0.00914,0.12645,-0.05652
NVDA250620C00225000,NVDA,2025-06-20,225.00,call,738.00,715.65,711.60,6,719.70,6,0,129,2024-05-17,0.72218,0.99001,0.00004,-0.05250,0.25750,2.18575
NVDA250620P00225000,NVDA,2025-06-20,225.00,put,1.58,1.16,0.79,19,1.52,26,0,396,2024-05-17,0.62462,-0.00494,0.00002,-0.00999,0.13828,-0.06262
NVDA250620C00230000,NVDA,2025-06-20,230.00,call,738.88,711.05,707.05,12,715.05,6,0,269,2024-05-17,0.72218,0.98921,0.00004,-0.05466,0.27543,2.22612
NVDA250620P00230000,NVDA,2025-06-20,230.00,put,2.00,1.20,0.79,66,1.60,30,0,383,2024-05-17,0.62462,-0.00544,0.00003,-0.01087,0.15073,-0.06915
NVDA250620C00235000,NVDA,2025-06-20,235.00,call,671.11,706.30,702.30,24,710.30,24,0,421,2024-05-17,0.70267,0.98959,0.00004,-0.05401,0.26678,2.28433
NVDA250620P00235000,NVDA,2025-06-20,235.00,put,2.45,1.28,0.87,51,1.69,19,0,91,2024-05-17,0.60511,-0.00503,0.00002,-0.00981,0.14053,-0.06330
NVDA250620C00240000,NVDA,2025-06-20,240.00,call,673.88,701.67,697.70,6,705.65,24,0,445,2024-05-17,0.70267,0.98878,0.00004,-0.05614,0.28493,2.32458
NVDA250620P00240000,NVDA,2025-06-20,240.00,put,1.44,1.36,0.95,50,1.78,34,0,183,2024-05-17,0.60511,-0.00553,0.00003,-0.01067,0.15301,-0.06980
NVDA250620C00245000,NVDA,2025-06-20,245.00,call,640.00,697.05,693.10,12,701.00,24,0,71,2024-05-17,0.68315,0.98923,0.00004,-0.05538,0.27491,2.38367
NVDA250620P00245000,NVDA,2025-06-20,245.00,put,2.42,1.46,1.04,28,1.88,46,0,142,2024-05-17,0.60511,-0.00607,0.00003,-0.01157,0.16613,-0.07675
NVDA250620C00250000,NVDA,2025-06-20,250.00,call,660.95,692.42,688.80,24,696.05,24,0,569,2024-05-17,0.68315,0.98840,0.00005,-0.05748,0.29326,2.42383
NVDA250620P00250000,NVDA,2025-06-20,250.00,put,1.51,1.52,1.13,31,1.92,12,1,1192,2024-05-17,0.60511,-0.00664,0.00003,-0.01252,0.17989,-0.08414
NVDA250620C00255000,NVDA,2025-06-20,255.00,call,579.32,687.80,683.80,24,691.80,24,0,116,2024-05-17,0.68315,0.98753,0.00005,-0.05963,0.31219,2.46345
NVDA250620P00255000,NVDA,2025-06-20,255.00,put,2.61,1.65,1.22,30,2.08,11,0,271,2024-05-17,0.60511,-0.00725,0.00003,-0.01350,0.19429,-0.09201
NVDA250620C00260000,NVDA,2025-06-20,260.00,call,630.54,683.17,679.20,24,687.15,24,0,133,2024-05-17,0.66364,0.98808,0.00005,-0.05869,0.30030,2.52392
NVDA250620P00260000,NVDA,2025-06-20,260.00,put,2.70,1.76,1.32,16,2.20,30,0,359,2024-05-17,0.60511,-0.00789,0.00004,-0.01453,0.20933,-0.10035
NVDA250620C00265000,NVDA,2025-06-20,265.00,call,675.00,678.58,674.60,24,682.55,24,0,356,2024-05-17,0.66364,0.98720,0.00005,-0.06081,0.31940,2.56349
NVDA250620P00265000,NVDA,2025-06-20,265.00,put,2.23,1.88,1.43,14,2.32,25,0,76,2024-05-17,0.60511,-0.00856,0.00004,-0.01560,0.22501,-0.10918
NVDA250620C00270000,NVDA,2025-06-20,270.00,call,596.00,673.98,670.00,24,677.95,24,0,410,2024-05-17,0.66364,0.98628,0.00005,-0.06296,0.33907,2.60250
NVDA250620P00270000,NVDA,2025-06-20,270.00,put,3.25,1.99,1.54,12,2.44,17,0,125,2024-05-17,0.58560,-0.00793,0.00004,-0.01410,0.21032,-0.10008
NVDA250620C00275000,NVDA,2025-06-20,275.00,call,656.40,669.38,665.40,24,673.35,24,0,171,2024-05-17,0.66364,0.98533,0.00006,-0.06516,0.35931,2.64095
NVDA250620P00275000,NVDA,2025-06-20,275.00,put,2.90,2.10,1.65,12,2.55,5,0,247,2024-05-17,0.58560,-0.00861,0.00004,-0.01513,0.22598,-0.10883
NVDA250620C00280000,NVDA,2025-06-20,280.00,call,638.51,664.73,660.70,6,668.75,24,0,192,2024-05-17,0.64413,0.98600,0.00006,-0.06396,0.34503,2.70343
NVDA250620P00280000,NVDA,2025-06-20,280.00,put,2.83,2.27,2.00,1,2.55,5,0,104,2024-05-17,0.58560,-0.00932,0.00004,-0.01620,0.24229,-0.11807
NVDA250620C00285000,NVDA,2025-06-20,285.00,call,680.05,660.25,656.20,24,664.30,6,0,65,2024-05-17,0.64413,0.98504,0.00006,-0.06612,0.36541,2.74186
NVDA250620P00285000,NVDA,2025-06-20,285.00,put,3.75,2.22,1.90,9,2.55,15,0,56,2024-05-17,0.58560,-0.01007,0.00005,-0.01732,0.25923,-0.12783
NVDA250620C00290000,NVDA,2025-06-20,290.00,call,633.00,655.72,651.65,24,659.80,40,0,154,2024-05-17,0.64413,0.98403,0.00006,-0.06832,0.38636,2.77973
NVDA250620P00290000,NVDA,2025-06-20,290.00,put,2.35,2.27,2.00,68,2.55,1,24,73,2024-05-17,0.56608,-0.00929,0.00005,-0.01559,0.24169,-0.11677
NVDA250620C00295000,NVDA,2025-06-20,295.00,call,631.49,651.05,647.05,12,655.05,24,0,215,2024-05-17,0.64413,0.98299,0.00007,-0.07055,0.40785,2.81703
NVDA250620P00295000,NVDA,2025-06-20,295.00,put,3.58,2.58,2.16,8,2.99,10,0,180,2024-05-17,0.58560,-0.01168,0.00005,-0.01966,0.29502,-0.14889
NVDA250620C00300000,NVDA,2025-06-20,300.00,call,611.00,646.23,639.85,40,652.60,40,0,1058,2024-05-17,0.62462,0.98381,0.00007,-0.06910,0.39104,2.88170
NVDA250620P00300000,NVDA,2025-06-20,300.00,put,2.70,2.79,2.60,1,2.99,5,3,914,2024-05-17,0.58560,-0.01254,0.00006,-0.02089,0.31384,-0.16022
NVDA250620C00305000,NVDA,2025-06-20,305.00,call,497.17,641.98,637.95,24,646.00,40,0,147,2024-05-17,0.62462,0.98275,0.00007,-0.07129,0.41266,2.91900
NVDA250620P00305000,NVDA,2025-06-20,305.00,put,5.75,2.91,2.67,40,3.15,34,0,114,2024-05-17,0.56608,-0.01165,0.00006,-0.01891,0.29430,-0.14721
NVDA250620C00310000,NVDA,2025-06-20,310.00,call,644.30,637.33,633.35,24,641.30,24,1,133,2024-05-17,0.62462,0.98166,0.00007,-0.07352,0.43483,2.95574
NVDA250620P00310000,NVDA,2025-06-20,310.00,put,3.90,3.06,2.82,41,3.30,33,0,54,2024-05-17,0.56608,-0.01251,0.00006,-0.02009,0.31310,-0.15842
NVDA250620C00315000,NVDA,2025-06-20,315.00,call,219.43,632.77,628.80,6,636.75,24,0,122,2024-05-17,0.62462,0.98053,0.00008,-0.07578,0.45754,2.99189
NVDA250620P00315000,NVDA,2025-06-20,315.00,put,3.00,3.24,2.98,37,3.50,32,0,31,2024-05-17,0.56608,-0.01341,0.00006,-0.02132,0.33254,-0.17017
NVDA250620C00320000,NVDA,2025-06-20,320.00,call,607.95,628.20,624.30,1,632.10,64,0,160,2024-05-17,0.60511,0.98150,0.00008,-0.07408,0.43806,3.05890
NVDA250620P00320000,NVDA,2025-06-20,320.00,put,4.00,3.40,3.15,11,3.65,34,0,202,2024-05-17,0.56608,-0.01436,0.00007,-0.02257,0.35259,-0.18247
NVDA250620C00325000,NVDA,2025-06-20,325.00,call,632.82,623.40,619.75,6,627.05,2,0,85,2024-05-17,0.60511,0.98036,0.00008,-0.07629,0.46090,3.09509
NVDA250620P00325000,NVDA,2025-06-20,325.00,put,3.21,3.45,3.15,14,3.75,1,0,1133,2024-05-17,0.56608,-0.01534,0.00007,-0.02387,0.37326,-0.19533
NVDA250620C00330000,NVDA,2025-06-20,330.00,call,643.96,618.95,615.20,28,622.70,5,0,264,2024-05-17,0.60511,0.97919,0.00009,-0.07854,0.48426,3.13070
NVDA250620P00330000,NVDA,2025-06-20,330.00,put,3.52,3.75,3.60,73,3.90,36,0,372,2024-05-17,0.56608,-0.01636,0.00007,-0.02520,0.39453,-0.20877
NVDA250620C00335000,NVDA,2025-06-20,335.00,call,625.30,614.35,610.65,27,618.05,1,1,84,2024-05-17,0.60511,0.97797,0.00009,-0.08082,0.50814,3.16571
NVDA250620P00335000,NVDA,2025-06-20,335.00,put,3.80,3.88,3.70,134,4.05,1,0,187,2024-05-17,0.56608,-0.01743,0.00008,-0.02656,0.41639,-0.22278
NVDA250620C00340000,NVDA,2025-06-20,340.00,call,629.74,609.85,606.20,4,613.50,1,0,202,2024-05-17,0.58560,0.97910,0.00009,-0.07887,0.48586,3.23524
NVDA250620P00340000,NVDA,2025-06-20,340.00,put,3.90,4.08,3.90,133,4.25,1,0,185,2024-05-17,0.54657,-0.01623,0.00008,-0.02409,0.39181,-0.20524
NVDA250620C00345000,NVDA,2025-06-20,345.00,call,499.67,605.35,601.65,27,609.05,1,0,57,2024-05-17,0.58560,0.97788,0.00009,-0.08110,0.50988,3.27031
NVDA250620P00345000,NVDA,2025-06-20,345.00,put,6.50,4.33,4.15,23,4.50,21,0,168,2024-05-17,0.54657,-0.01730,0.00008,-0.02541,0.41368,-0.21909
NVDA250620C00350000,NVDA,2025-06-20,350.00,call,620.76,601.10,597.50,27,604.70,28,0,248,2024-05-17,0.58560,0.97661,0.00010,-0.08336,0.53442,3.30479
NVDA250620P00350000,NVDA,2025-06-20,350.00,put,4.60,4.72,4.35,1,5.10,36,6,1397,2024-05-17,0.54657,-0.01840,0.00009,-0.02675,0.43615,-0.23353
NVDA250620C00355000,NVDA,2025-06-20,355.00,call,565.93,596.30,592.65,27,599.95,1,0,82,2024-05-17,0.58560,0.97530,0.00010,-0.08565,0.55946,3.33866
NVDA250620P00355000,NVDA,2025-06-20,355.00,put,4.70,4.75,4.55,130,4.95,20,0,177,2024-05-17,0.54657,-0.01955,0.00009,-0.02813,0.45921,-0.24856
NVDA250620C00360000,NVDA,2025-06-20,360.00,call,561.47,591.95,588.15,12,595.75,5,0,353,2024-05-17,0.58560,0.97395,0.00011,-0.08797,0.58499,3.37192
NVDA250620P00360000,NVDA,2025-06-20,360.00,put,4.80,4.78,4.55,77,5.00,1,0,4398,2024-05-17,0.54657,-0.02074,0.00009,-0.02954,0.48285,-0.26420
NVDA250620C00365000,NVDA,2025-06-20,365.00,call,558.37,587.10,583.70,12,590.50,3,0,71,2024-05-17,0.56608,0.97530,0.00011,-0.08570,0.55941,3.44483
NVDA250620P00365000,NVDA,2025-06-20,365.00,put,5.10,5.28,5.10,1,5.45,98,3,170,2024-05-17,0.54657,-0.02198,0.00010,-0.03098,0.50705,-0.28044
NVDA250620C00370000,NVDA,2025-06-20,370.00,call,435.78,582.92,579.25,24,586.60,1,0,280,2024-05-17,0.56608,0.97394,0.00011,-0.08797,0.58511,3.47818
NVDA250620P00370000,NVDA,2025-06-20,370.00,put,6.05,5.55,5.30,44,5.80,106,0,244,2024-05-17,0.54657,-0.02326,0.00010,-0.03245,0.53181,-0.29730
NVDA250620C00375000,NVDA,2025-06-20,375.00,call,525.17,578.42,574.80,6,582.05,1,0,272,2024-05-17,0.56608,0.97254,0.00012,-0.09026,0.61130,3.51090
NVDA250620P00375000,NVDA,2025-06-20,375.00,put,6.42,5.80,5.30,75,6.30,101,0,1239,2024-05-17,0.54657,-0.02458,0.00011,-0.03395,0.55712,-0.31478
NVDA250620C00380000,NVDA,2025-06-20,380.00,call,548.88,574.10,570.35,34,577.85,22,0,385,2024-05-17,0.56608,0.97109,0.00012,-0.09258,0.63797,3.54300
NVDA250620P00380000,NVDA,2025-06-20,380.00,put,6.05,6.05,5.80,120,6.30,106,0,167,2024-05-17,0.54657,-0.02595,0.00011,-0.03548,0.58295,-0.33288
NVDA250620C00385000,NVDA,2025-06-20,385.00,call,586.00,570.00,566.10,6,573.90,37,1,318,2024-05-17,0.56608,0.96960,0.00013,-0.09493,0.66510,3.57448
NVDA250620P00385000,NVDA,2025-06-20,385.00,put,5.90,6.35,6.10,43,6.60,106,0,241,2024-05-17,0.54657,-0.02736,0.00012,-0.03704,0.60930,-0.35160
NVDA250620C00390000,NVDA,2025-06-20,390.00,call,548.00,565.12,561.45,29,568.80,1,0,136,2024-05-17,0.56608,0.96807,0.00013,-0.09730,0.69269,3.60533
NVDA250620P00390000,NVDA,2025-06-20,390.00,put,6.15,6.60,6.10,77,7.10,61,0,866,2024-05-17,0.52706,-0.02570,0.00012,-0.03384,0.57837,-0.32659
NVDA250620C00395000,NVDA,2025-06-20,395.00,call,472.92,560.67,557.05,25,564.30,6,0,189,2024-05-17,0.56608,0.96650,0.00014,-0.09969,0.72071,3.63555
NVDA250620P00395000,NVDA,2025-06-20,395.00,put,7.00,6.90,6.70,15,7.10,94,6,185,2024-05-17,0.52706,-0.02712,0.00012,-0.03534,0.60485,-0.34517
NVDA250620C00400000,NVDA,2025-06-20,400.00,call,581.00,556.40,552.55,33,560.25,32,0,1497,2024-05-17,0.56608,0.96488,0.00014,-0.10210,0.74915,3.66514
NVDA250620P00400000,NVDA,2025-06-20,400.00,put,7.30,7.22,7.05,21,7.40,8,12,2290,2024-05-17,0.52706,-0.02858,0.00013,-0.03686,0.63186,-0.36439
NVDA250620C00405000,NVDA,2025-06-20,405.00,call,521.68,552.00,548.30,24,555.70,4,0,181,2024-05-17,0.54657,0.96656,0.00014,-0.09930,0.71956,3.74381
NVDA250620P00405000,NVDA,2025-06-20,405.00,put,9.15,7.55,7.30,118,7.80,106,0,187,2024-05-17,0.52706,-0.03008,0.00013,-0.03842,0.65937,-0.38425
NVDA250620C00410000,NVDA,2025-06-20,410.00,call,492.25,547.52,543.90,55,551.15,1,0,226,2024-05-17,0.54657,0.96494,0.00015,-0.10166,0.74826,3.77345
NVDA250620P00410000,NVDA,2025-06-20,410.00,put,7.70,7.90,7.30,86,8.50,97,15,754,2024-05-17,0.52706,-0.03163,0.00014,-0.03999,0.68738,-0.40477
NVDA250620C00415000,NVDA,2025-06-20,415.00,call,509.57,543.38,539.55,54,547.20,57,0,71,2024-05-17,0.54657,0.96326,0.00015,-0.10404,0.77739,3.80245
NVDA250620P00415000,NVDA,2025-06-20,415.00,put,7.70,8.25,8.00,35,8.50,106,0,124,2024-05-17,0.52706,-0.03323,0.00015,-0.04159,0.71587,-0.42593
NVDA250620C00420000,NVDA,2025-06-20,420.00,call,558.48,538.80,535.15,24,542.45,6,0,67,2024-05-17,0.54657,0.96154,0.00016,-0.10644,0.80693,3.83080
NVDA250620P00420000,NVDA,2025-06-20,420.00,put,8.10,8.60,8.35,44,8.85,106,0,238,2024-05-17,0.52706,-0.03487,0.00015,-0.04321,0.74483,-0.44776
NVDA250620C00425000,NVDA,2025-06-20,425.00,call,566.17,534.15,530.85,25,537.45,6,0,207,2024-05-17,0.54657,0.95978,0.00016,-0.10886,0.83686,3.85851
NVDA250620P00425000,NVDA,2025-06-20,425.00,put,8.75,9.00,8.75,43,9.25,106,1,248,2024-05-17,0.52706,-0.03656,0.00016,-0.04485,0.77423,-0.47024
NVDA250620C00430000,NVDA,2025-06-20,430.00,call,418.00,529.48,526.50,51,532.45,8,0,349,2024-05-17,0.52706,0.96171,0.00016,-0.10575,0.80407,3.94111
NVDA250620P00430000,NVDA,2025-06-20,430.00,put,8.85,9.38,9.20,11,9.55,89,0,366,2024-05-17,0.52706,-0.03829,0.00016,-0.04652,0.80407,-0.49339
NVDA250620C00435000,NVDA,2025-06-20,435.00,call,506.50,526.10,524.80,4,527.40,2,0,64,2024-05-17,0.54657,0.95614,0.00018,-0.11375,0.89782,3.91197
NVDA250620P00435000,NVDA,2025-06-20,435.00,put,10.15,9.77,9.60,33,9.95,87,0,361,2024-05-17,0.52706,-0.04007,0.00017,-0.04820,0.83432,-0.51720
NVDA250620C00440000,NVDA,2025-06-20,440.00,call,502.20,521.78,520.45,2,523.10,2,0,560,2024-05-17,0.54657,0.95425,0.00018,-0.11622,0.92883,3.93774
NVDA250620P00440000,NVDA,2025-06-20,440.00,put,12.25,10.20,9.95,42,10.45,102,0,276,2024-05-17,0.52706,-0.04189,0.00018,-0.04989,0.86497,-0.54167
NVDA250620C00445000,NVDA,2025-06-20,445.00,call,368.80,517.55,516.30,4,518.80,2,0,120,2024-05-17,0.54657,0.95231,0.00019,-0.11870,0.96015,3.96285
NVDA250620P00445000,NVDA,2025-06-20,445.00,put,11.98,10.62,10.35,109,10.90,102,0,105,2024-05-17,0.52706,-0.04375,0.00018,-0.05161,0.89600,-0.56681
NVDA250620C00450000,NVDA,2025-06-20,450.00,call,531.00,513.35,511.30,8,515.40,6,0,961,2024-05-17,0.54657,0.95034,0.00019,-0.12119,0.99179,3.98731
NVDA250620P00450000,NVDA,2025-06-20,450.00,put,11.00,11.07,10.90,6,11.25,7,9,882,2024-05-17,0.50755,-0.04159,0.00018,-0.04759,0.85999,-0.53233
NVDA250620C00455000,NVDA,2025-06-20,455.00,call,487.66,508.95,507.65,2,510.25,2,0,709,2024-05-17,0.52706,0.95238,0.00019,-0.11776,0.95914,4.07324
NVDA250620P00455000,NVDA,2025-06-20,455.00,put,10.80,11.55,11.30,28,11.80,12,0,79,2024-05-17,0.50755,-0.04348,0.00019,-0.04925,0.89139,-0.55742
NVDA250620C00460000,NVDA,2025-06-20,460.00,call,526.25,504.73,503.45,2,506.00,2,0,749,2024-05-17,0.52706,0.95038,0.00020,-0.12021,0.99121,4.09767
NVDA250620P00460000,NVDA,2025-06-20,460.00,put,13.85,12.00,11.30,75,12.70,32,0,948,2024-05-17,0.50755,-0.04541,0.00019,-0.05093,0.92318,-0.58318
NVDA250620C00465000,NVDA,2025-06-20,465.00,call,471.00,500.52,499.30,4,501.75,2,0,182,2024-05-17,0.52706,0.94833,0.00021,-0.12266,1.02359,4.12144
NVDA250620P00465000,NVDA,2025-06-20,465.00,put,11.68,12.53,12.25,30,12.80,99,0,153,2024-05-17,0.50755,-0.04739,0.00020,-0.05262,0.95534,-0.60963
NVDA250620C00470000,NVDA,2025-06-20,470.00,call,469.35,496.33,495.10,4,497.55,2,0,156,2024-05-17,0.52706,0.94625,0.00021,-0.12513,1.05627,4.14454
NVDA250620P00470000,NVDA,2025-06-20,470.00,put,12.65,13.02,12.85,31,13.20,69,1,639,2024-05-17,0.50755,-0.04941,0.00021,-0.05432,0.98786,-0.63677
NVDA250620C00475000,NVDA,2025-06-20,475.00,call,438.38,492.05,490.75,2,493.35,2,0,211,2024-05-17,0.52706,0.94412,0.00022,-0.12761,1.08923,4.16698
NVDA250620P00475000,NVDA,2025-06-20,475.00,put,16.64,13.60,13.35,31,13.85,95,0,223,2024-05-17,0.50755,-0.05148,0.00022,-0.05604,1.02071,-0.66459
NVDA250620C00480000,NVDA,2025-06-20,480.00,call,442.33,487.88,486.60,2,489.15,2,0,385,2024-05-17,0.52706,0.94194,0.00023,-0.13009,1.12244,4.18876
NVDA250620P00480000,NVDA,2025-06-20,480.00,put,13.28,14.10,13.90,30,14.30,8,0,318,2024-05-17,0.50755,-0.05360,0.00022,-0.05777,1.05388,-0.69310
NVDA250620C00485000,NVDA,2025-06-20,485.00,call,400.00,483.80,482.60,4,485.00,2,0,145,2024-05-17,0.52706,0.93973,0.00023,-0.13258,1.15590,4.20988
NVDA250620P00485000,NVDA,2025-06-20,485.00,put,14.02,14.65,14.35,31,14.95,11,0,143,2024-05-17,0.50755,-0.05576,0.00023,-0.05951,1.08735,-0.72229
NVDA250620C00490000,NVDA,2025-06-20,490.00,call,446.10,479.65,478.45,2,480.85,2,0,298,2024-05-17,0.52706,0.93747,0.00024,-0.13508,1.18958,4.23034
NVDA250620P00490000,NVDA,2025-06-20,490.00,put,14.50,15.23,14.90,29,15.55,11,0,251,2024-05-17,0.50755,-0.05797,0.00024,-0.06126,1.12111,-0.75217
NVDA250620C00495000,NVDA,2025-06-20,495.00,call,448.38,475.45,474.20,2,476.70,1,0,330,2024-05-17,0.52706,0.93517,0.00025,-0.13758,1.22347,4.25015
NVDA250620P00495000,NVDA,2025-06-20,495.00,put,14.87,15.88,15.60,32,16.15,11,0,120,2024-05-17,0.50755,-0.06022,0.00024,-0.06301,1.15513,-0.78272
NVDA250620C00500000,NVDA,2025-06-20,500.00,call,481.15,470.83,467.80,19,473.85,2,20,1061,2024-05-17,0.50755,0.93748,0.00025,-0.13366,1.18939,4.34244
NVDA250620P00500000,NVDA,2025-06-20,500.00,put,16.50,16.32,15.70,27,16.95,5,4,1213,2024-05-17,0.50755,-0.06252,0.00025,-0.06478,1.18939,-0.81396
NVDA250620C00505000,NVDA,2025-06-20,505.00,call,455.00,467.20,465.15,12,469.25,13,0,1174,2024-05-17,0.52706,0.93045,0.00026,-0.14260,1.29180,4.28782
NVDA250620P00505000,NVDA,2025-06-20,505.00,put,16.00,17.15,16.85,28,17.45,11,0,201,2024-05-17,0.50755,-0.06486,0.00026,-0.06654,1.22389,-0.84587
NVDA250620C00510000,NVDA,2025-06-20,510.00,call,390.52,463.17,461.90,2,464.45,2,0,218,2024-05-17,0.52706,0.92803,0.00027,-0.14511,1.32620,4.30568
NVDA250620P00510000,NVDA,2025-06-20,510.00,put,17.10,17.85,17.60,8,18.10,10,1,234,2024-05-17,0.50755,-0.06724,0.00027,-0.06831,1.25859,-0.87845
NVDA250620C00515000,NVDA,2025-06-20,515.00,call,444.02,459.12,457.85,2,460.40,2,0,294,2024-05-17,0.50755,0.93033,0.00027,-0.14104,1.29348,4.39937
NVDA250620P00515000,NVDA,2025-06-20,515.00,put,18.04,18.45,18.10,31,18.80,26,2,144,2024-05-17,0.50755,-0.06967,0.00027,-0.07009,1.29348,-0.91171
NVDA250620C00520000,NVDA,2025-06-20,520.00,call,482.04,455.12,453.90,2,456.35,2,0,155,2024-05-17,0.50755,0.92786,0.00028,-0.14350,1.32855,4.41701
NVDA250620P00520000,NVDA,2025-06-20,520.00,put,17.85,19.17,18.95,16,19.40,7,0,384,2024-05-17,0.50755,-0.07214,0.00028,-0.07187,1.32855,-0.94564
NVDA250620C00525000,NVDA,2025-06-20,525.00,call,456.70,451.08,449.80,2,452.35,2,1,137,2024-05-17,0.50755,0.92535,0.00029,-0.14597,1.36377,4.43398
NVDA250620P00525000,NVDA,2025-06-20,525.00,put,18.80,19.93,19.60,34,20.25,10,2,218,2024-05-17,0.50755,-0.07465,0.00029,-0.07365,1.36377,-0.98024
NVDA250620C00530000,NVDA,2025-06-20,530.00,call,452.60,447.10,445.85,2,448.35,2,1,124,2024-05-17,0.50755,0.92280,0.00029,-0.14844,1.39913,4.45028
NVDA250620P00530000,NVDA,2025-06-20,530.00,put,19.50,20.65,20.40,24,20.90,14,2,518,2024-05-17,0.50755,-0.07720,0.00029,-0.07542,1.39913,-1.01549
NVDA250620C00535000,NVDA,2025-06-20,535.00,call,352.56,443.12,441.85,2,444.40,2,0,169,2024-05-17,0.50755,0.92021,0.00030,-0.15090,1.43461,4.46593
NVDA250620P00535000,NVDA,2025-06-20,535.00,put,20.35,21.43,21.10,30,21.75,24,2,88,2024-05-17,0.50755,-0.07979,0.00030,-0.07720,1.43461,-1.05141
NVDA250620C00540000,NVDA,2025-06-20,540.00,call,423.93,439.17,437.90,2,440.45,2,0,141,2024-05-17,0.50755,0.91758,0.00031,-0.15337,1.47020,4.48093
NVDA250620P00540000,NVDA,2025-06-20,540.00,put,21.25,22.25,21.95,17,22.55,9,2,62,2024-05-17,0.50755,-0.08242,0.00031,-0.07897,1.47020,-1.08798
NVDA250620C00545000,NVDA,2025-06-20,545.00,call,428.89,435.68,432.80,3,438.55,7,0,1254,2024-05-17,0.50755,0.91490,0.00032,-0.15583,1.50587,4.49527
NVDA250620P00545000,NVDA,2025-06-20,545.00,put,32.75,22.95,22.55,34,23.35,9,0,283,2024-05-17,0.50755,-0.08510,0.00032,-0.08075,1.50587,-1.12520
NVDA250620C00550000,NVDA,2025-06-20,550.00,call,454.80,430.75,427.95,13,433.55,17,0,769,2024-05-17,0.50755,0.91219,0.00032,-0.15828,1.54161,4.50897
NVDA250620P00550000,NVDA,2025-06-20,550.00,put,23.90,23.77,23.50,12,24.05,8,5,941,2024-05-17,0.50755,-0.08781,0.00032,-0.08251,1.54161,-1.16306
NVDA250620C00555000,NVDA,2025-06-20,555.00,call,435.34,427.45,426.20,2,428.70,2,15,175,2024-05-17,0.50755,0.90944,0.00033,-0.16073,1.57740,4.52203
NVDA250620P00555000,NVDA,2025-06-20,555.00,put,25.24,24.70,24.35,26,25.05,22,0,157,2024-05-17,0.50755,-0.09056,0.00033,-0.08428,1.57740,-1.20156
NVDA250620C00560000,NVDA,2025-06-20,560.00,call,442.52,423.62,422.40,8,424.85,2,0,506,2024-05-17,0.50755,0.90665,0.00034,-0.16318,1.61323,4.53445
NVDA250620P00560000,NVDA,2025-06-20,560.00,put,24.54,25.52,25.25,16,25.80,1,1,621,2024-05-17,0.48804,-0.08812,0.00034,-0.07911,1.54573,-1.15419
NVDA250620C00565000,NVDA,2025-06-20,565.00,call,363.14,419.75,418.50,2,421.00,2,0,103,2024-05-17,0.50755,0.90383,0.00035,-0.16562,1.64908,4.54625
NVDA250620P00565000,NVDA,2025-06-20,565.00,put,25.35,26.43,26.10,36,26.75,5,0,71,2024-05-17,0.48804,-0.09094,0.00035,-0.08083,1.58234,-1.19311
NVDA250620C00570000,NVDA,2025-06-20,570.00,call,405.10,415.90,414.65,2,417.15,2,0,135,2024-05-17,0.50755,0.90096,0.00036,-0.16805,1.68493,4.55741
NVDA250620P00570000,NVDA,2025-06-20,570.00,put,25.99,27.38,27.10,22,27.65,18,0,452,2024-05-17,0.48804,-0.09380,0.00035,-0.08255,1.61899,-1.23269
NVDA250620C00575000,NVDA,2025-06-20,575.00,call,435.40,412.10,410.85,2,413.35,2,0,123,2024-05-17,0.50755,0.89807,0.00036,-0.17047,1.72077,4.56796
NVDA250620P00575000,NVDA,2025-06-20,575.00,put,26.36,28.25,27.90,31,28.60,17,0,278,2024-05-17,0.48804,-0.09670,0.00036,-0.08425,1.65568,-1.27294
NVDA250620C00580000,NVDA,2025-06-20,580.00,call,414.86,408.35,407.10,2,409.60,2,0,331,2024-05-17,0.50755,0.89513,0.00037,-0.17288,1.75658,4.57790
NVDA250620P00580000,NVDA,2025-06-20,580.00,put,27.35,29.25,28.90,27,29.60,9,0,309,2024-05-17,0.48804,-0.09964,0.00037,-0.08595,1.69238,-1.31383
NVDA250620C00585000,NVDA,2025-06-20,585.00,call,393.95,404.60,403.50,2,405.70,2,0,176,2024-05-17,0.50755,0.89216,0.00038,-0.17528,1.79234,4.58722
NVDA250620P00585000,NVDA,2025-06-20,585.00,put,42.20,30.30,29.95,15,30.65,8,0,375,2024-05-17,0.48804,-0.10261,0.00038,-0.08764,1.72908,-1.35537
NVDA250620C00590000,NVDA,2025-06-20,590.00,call,418.71,400.82,399.75,2,401.90,1,0,294,2024-05-17,0.50755,0.88916,0.00039,-0.17766,1.82806,4.59595
NVDA250620P00590000,NVDA,2025-06-20,590.00,put,31.90,31.27,30.95,24,31.60,8,17,317,2024-05-17,0.48804,-0.10563,0.00039,-0.08932,1.76576,-1.39756
NVDA250620C00595000,NVDA,2025-06-20,595.00,call,422.50,397.15,396.05,2,398.25,2,0,198,2024-05-17,0.50755,0.88613,0.00039,-0.18004,1.86369,4.60408
NVDA250620P00595000,NVDA,2025-06-20,595.00,put,46.20,32.30,31.95,21,32.65,17,0,256,2024-05-17,0.48804,-0.10868,0.00040,-0.09099,1.80240,-1.44038
NVDA250620C00600000,NVDA,2025-06-20,600.00,call,405.88,393.23,391.10,6,395.35,5,1,1576,2024-05-17,0.50755,0.88306,0.00040,-0.18240,1.89925,4.61161
NVDA250620P00600000,NVDA,2025-06-20,600.00,put,33.30,33.42,33.00,22,33.85,10,4,1808,2024-05-17,0.48804,-0.11177,0.00040,-0.09265,1.83899,-1.48384
NVDA250620C00605000,NVDA,2025-06-20,605.00,call,402.25,389.82,388.75,9,390.90,2,2,170,2024-05-17,0.50755,0.87996,0.00041,-0.18475,1.93470,4.61857
NVDA250620P00605000,NVDA,2025-06-20,605.00,put,31.98,34.40,34.05,20,34.75,8,0,94,2024-05-17,0.48804,-0.11489,0.00041,-0.09429,1.87550,-1.52791
NVDA250620C00610000,NVDA,2025-06-20,610.00,call,394.61,386.23,385.20,5,387.25,2,2,436,2024-05-17,0.50755,0.87682,0.00042,-0.18708,1.97003,4.62495
NVDA250620P00610000,NVDA,2025-06-20,610.00,put,35.45,35.58,35.25,7,35.90,13,0,235,2024-05-17,0.48804,-0.11805,0.00042,-0.09592,1.91194,-1.57261
NVDA250620C00615000,NVDA,2025-06-20,615.00,call,342.40,382.57,381.50,2,383.65,2,0,176,2024-05-17,0.50755,0.87366,0.00042,-0.18940,2.00524,4.63076
NVDA250620P00615000,NVDA,2025-06-20,615.00,put,35.50,36.65,36.35,14,36.95,1,0,149,2024-05-17,0.48804,-0.12124,0.00043,-0.09754,1.94828,-1.61792
NVDA250620C00620000,NVDA,2025-06-20,620.00,call,397.69,379.00,377.95,1,380.05,2,1,412,2024-05-17,0.50755,0.87047,0.00043,-0.19170,2.04031,4.63601
NVDA250620P00620000,NVDA,2025-06-20,620.00,put,37.00,37.80,37.45,14,38.15,10,187,227,2024-05-17,0.48804,-0.12447,0.00043,-0.09914,1.98450,-1.66383
NVDA250620C00625000,NVDA,2025-06-20,625.00,call,373.49,375.40,374.35,2,376.45,2,0,238,2024-05-17,0.48804,0.87227,0.00044,-0.18683,2.02059,4.73516
NVDA250620P00625000,NVDA,2025-06-20,625.00,put,36.56,39.12,37.80,17,40.45,29,0,920,2024-05-17,0.48804,-0.12773,0.00044,-0.10073,2.02059,-1.71033
NVDA250620C00630000,NVDA,2025-06-20,630.00,call,380.05,371.73,370.15,6,373.30,9,4,1767,2024-05-17,0.48804,0.86898,0.00045,-0.18909,2.05655,4.73962
NVDA250620P00630000,NVDA,2025-06-20,630.00,put,40.19,40.17,39.85,16,40.50,5,6,247,2024-05-17,0.48804,-0.13102,0.00045,-0.10230,2.05655,-1.75743
NVDA250620C00635000,NVDA,2025-06-20,635.00,call,375.75,368.35,367.30,7,369.40,2,3,285,2024-05-17,0.48804,0.86565,0.00046,-0.19133,2.09234,4.74350
NVDA250620P00635000,NVDA,2025-06-20,635.00,put,40.80,41.42,41.10,1,41.75,7,5,493,2024-05-17,0.48804,-0.13435,0.00046,-0.10385,2.09234,-1.80512
NVDA250620C00640000,NVDA,2025-06-20,640.00,call,382.29,364.88,363.85,2,365.90,2,0,304,2024-05-17,0.48804,0.86230,0.00047,-0.19355,2.12797,4.74681
NVDA250620P00640000,NVDA,2025-06-20,640.00,put,43.35,42.65,42.35,14,42.95,1,25,174,2024-05-17,0.48804,-0.13770,0.00047,-0.10538,2.12797,-1.85337
NVDA250620C00645000,NVDA,2025-06-20,645.00,call,319.70,361.35,360.30,2,362.40,2,0,100,2024-05-17,0.48804,0.85892,0.00047,-0.19576,2.16341,4.74954
NVDA250620P00645000,NVDA,2025-06-20,645.00,put,42.90,43.95,43.65,14,44.25,6,17,61,2024-05-17,0.48804,-0.14108,0.00047,-0.10690,2.16341,-1.90220
NVDA250620C00650000,NVDA,2025-06-20,650.00,call,364.65,358.95,356.95,1,360.95,4,2,1199,2024-05-17,0.50755,0.85073,0.00047,-0.20512,2.24709,4.65606
NVDA250620P00650000,NVDA,2025-06-20,650.00,put,45.30,45.23,44.85,23,45.60,6,57,1416,2024-05-17,0.48804,-0.14450,0.00048,-0.10839,2.19866,-1.95159
NVDA250620C00655000,NVDA,2025-06-20,655.00,call,335.00,354.48,353.45,2,355.50,2,0,87,2024-05-17,0.48804,0.85206,0.00049,-0.20010,2.23369,4.75334
NVDA250620P00655000,NVDA,2025-06-20,655.00,put,45.10,46.58,46.25,14,46.90,1,13,118,2024-05-17,0.48804,-0.14794,0.00049,-0.10987,2.23369,-2.00153
NVDA250620C00660000,NVDA,2025-06-20,660.00,call,342.08,351.08,350.05,2,352.10,2,0,181,2024-05-17,0.48804,0.84859,0.00050,-0.20225,2.26851,4.75442
NVDA250620P00660000,NVDA,2025-06-20,660.00,put,44.95,47.92,47.60,19,48.25,10,0,731,2024-05-17,0.48804,-0.15141,0.00050,-0.11132,2.26851,-2.05202
NVDA250620C00665000,NVDA,2025-06-20,665.00,call,344.05,347.70,346.65,2,348.75,5,0,135,2024-05-17,0.48804,0.84509,0.00050,-0.20437,2.30310,4.75495
NVDA250620P00665000,NVDA,2025-06-20,665.00,put,46.45,49.27,48.90,13,49.65,1,0,107,2024-05-17,0.48804,-0.15491,0.00050,-0.11276,2.30310,-2.10305
NVDA250620C00670000,NVDA,2025-06-20,670.00,call,327.35,344.35,343.30,2,345.40,2,0,387,2024-05-17,0.48804,0.84157,0.00051,-0.20647,2.33744,4.75496
NVDA250620P00670000,NVDA,2025-06-20,670.00,put,51.75,50.67,50.30,14,51.05,1,1,58,2024-05-17,0.48804,-0.15843,0.00051,-0.11417,2.33744,-2.15461
NVDA250620C00675000,NVDA,2025-06-20,675.00,call,362.00,341.02,340.00,2,342.05,2,0,77,2024-05-17,0.48804,0.83802,0.00052,-0.20855,2.37153,4.75444
NVDA250620P00675000,NVDA,2025-06-20,675.00,put,58.05,52.20,51.80,18,52.60,8,0,55,2024-05-17,0.48804,-0.16198,0.00052,-0.11556,2.37153,-2.20669
NVDA250620C00680000,NVDA,2025-06-20,680.00,call,343.42,337.77,336.80,5,338.75,2,1,273,2024-05-17,0.48804,0.83445,0.00053,-0.21060,2.40535,4.75341
NVDA250620P00680000,NVDA,2025-06-20,680.00,put,52.03,53.65,53.25,19,54.05,8,7,431,2024-05-17,0.48804,-0.16555,0.00053,-0.11693,2.40535,-2.25929
NVDA250620C00685000,NVDA,2025-06-20,685.00,call,340.14,334.42,333.40,2,335.45,2,1,156,2024-05-17,0.48804,0.83085,0.00053,-0.21263,2.43890,4.75187
NVDA250620P00685000,NVDA,2025-06-20,685.00,put,53.51,55.02,54.65,13,55.40,1,1,71,2024-05-17,0.48804,-0.16915,0.00053,-0.11827,2.43890,-2.31239
NVDA250620C00690000,NVDA,2025-06-20,690.00,call,322.63,331.17,330.15,2,332.20,2,0,228,2024-05-17,0.48804,0.82723,0.00054,-0.21464,2.47216,4.74983
NVDA250620P00690000,NVDA,2025-06-20,690.00,put,53.33,56.55,56.15,13,56.95,8,0,216,2024-05-17,0.48804,-0.17277,0.00054,-0.11959,2.47216,-2.36600
NVDA250620C00695000,NVDA,2025-06-20,695.00,call,309.24,327.95,326.95,5,328.95,2,0,97,2024-05-17,0.48804,0.82359,0.00055,-0.21662,2.50513,4.74729
NVDA250620P00695000,NVDA,2025-06-20,695.00,put,54.95,58.10,57.70,14,58.50,8,0,215,2024-05-17,0.48804,-0.17641,0.00055,-0.12088,2.50513,-2.42009
NVDA250620C00700000,NVDA,2025-06-20,700.00,call,322.00,324.85,321.85,3,327.85,3,4,2173,2024-05-17,0.48804,0.81993,0.00056,-0.21858,2.53780,4.74428
NVDA250620P00700000,NVDA,2025-06-20,700.00,put,60.00,59.62,59.25,5,60.00,3,11,1777,2024-05-17,0.48804,-0.18007,0.00056,-0.12215,2.53780,-2.47467
NVDA250620C00705000,NVDA,2025-06-20,705.00,call,338.84,321.50,320.50,2,322.50,1,0,130,2024-05-17,0.48804,0.81624,0.00056,-0.22051,2.57015,4.74079
NVDA250620P00705000,NVDA,2025-06-20,705.00,put,77.31,61.20,60.80,19,61.60,1,0,57,2024-05-17,0.48804,-0.18376,0.00056,-0.12339,2.57015,-2.52973
NVDA250620C00710000,NVDA,2025-06-20,710.00,call,333.78,318.38,317.35,2,319.40,2,1,350,2024-05-17,0.48804,0.81254,0.00057,-0.22242,2.60218,4.73683
NVDA250620P00710000,NVDA,2025-06-20,710.00,put,59.53,62.83,62.30,3,63.35,6,0,206,2024-05-17,0.48804,-0.18746,0.00057,-0.12461,2.60218,-2.58525
NVDA250620C00720000,NVDA,2025-06-20,720.00,call,321.50,312.15,311.10,2,313.20,5,8,714,2024-05-17,0.48804,0.80507,0.00058,-0.22615,2.66524,4.72753
NVDA250620P00720000,NVDA,2025-06-20,720.00,put,64.65,66.18,65.65,5,66.70,6,3,633,2024-05-17,0.48804,-0.19493,0.00058,-0.12696,2.66524,-2.69767
NVDA250620C00730000,NVDA,2025-06-20,730.00,call,303.83,306.02,305.00,10,307.05,2,4,452,2024-05-17,0.48804,0.79753,0.00060,-0.22978,2.72692,4.71647
NVDA250620P00730000,NVDA,2025-06-20,730.00,put,67.98,69.55,69.00,7,70.10,12,1,187,2024-05-17,0.48804,-0.20247,0.00060,-0.12921,2.72692,-2.81186
NVDA250620C00740000,NVDA,2025-06-20,740.00,call,307.90,299.92,298.90,2,300.95,2,2,209,2024-05-17,0.48804,0.78993,0.00061,-0.23329,2.78716,4.70369
NVDA250620P00740000,NVDA,2025-06-20,740.00,put,68.50,73.10,72.60,13,73.60,6,0,211,2024-05-17,0.48804,-0.21007,0.00061,-0.13135,2.78716,-2.92777
NVDA250620C00750000,NVDA,2025-06-20,750.00,call,301.75,293.25,291.20,2,295.30,9,2,893,2024-05-17,0.48804,0.78227,0.00062,-0.23669,2.84592,4.68927
NVDA250620P00750000,NVDA,2025-06-20,750.00,put,76.61,76.65,76.10,7,77.20,5,2,583,2024-05-17,0.48804,-0.21773,0.00062,-0.13337,2.84592,-3.04532
NVDA250620C00760000,NVDA,2025-06-20,760.00,call,308.11,288.15,287.15,2,289.15,2,0,713,2024-05-17,0.48804,0.77455,0.00064,-0.23998,2.90314,4.67326
NVDA250620P00760000,NVDA,2025-06-20,760.00,put,76.60,80.38,79.80,4,80.95,6,0,508,2024-05-17,0.48804,-0.22545,0.00064,-0.13528,2.90314,-3.16446
NVDA250620C00770000,NVDA,2025-06-20,770.00,call,289.40,282.40,281.40,2,283.40,2,2,589,2024-05-17,0.48804,0.76679,0.00065,-0.24314,2.95878,4.65573
NVDA250620P00770000,NVDA,2025-06-20,770.00,put,82.35,84.20,83.60,7,84.80,12,0,492,2024-05-17,0.48804,-0.23321,0.00065,-0.13707,2.95878,-3.28512
NVDA250620C00780000,NVDA,2025-06-20,780.00,call,282.30,276.75,275.75,2,277.75,2,2,529,2024-05-17,0.48804,0.75898,0.00066,-0.24620,3.01282,4.63674
NVDA250620P00780000,NVDA,2025-06-20,780.00,put,86.02,88.08,87.45,7,88.70,5,1,397,2024-05-17,0.48804,-0.24102,0.00066,-0.13874,3.01282,-3.40724
NVDA250620C00790000,NVDA,2025-06-20,790.00,call,277.95,271.17,270.15,2,272.20,4,2,117,2024-05-17,0.48804,0.75113,0.00067,-0.24913,3.06521,4.61635
NVDA250620P00790000,NVDA,2025-06-20,790.00,put,90.55,92.12,91.50,5,92.75,9,3,342,2024-05-17,0.48804,-0.24887,0.00067,-0.14030,3.06521,-3.53075
NVDA250620C00800000,NVDA,2025-06-20,800.00,call,272.05,265.73,264.75,1,266.70,1,7,1259,2024-05-17,0.48804,0.74325,0.00068,-0.25194,3.11593,4.59462
NVDA250620P00800000,NVDA,2025-06-20,800.00,put,96.30,96.08,95.40,8,96.75,3,6,1259,2024-05-17,0.48804,-0.25675,0.00068,-0.14173,3.11593,-3.65561
NVDA250620C00810000,NVDA,2025-06-20,810.00,call,266.85,260.33,259.30,2,261.35,9,2,239,2024-05-17,0.48804,0.73534,0.00069,-0.25463,3.16495,4.57162
NVDA250620P00810000,NVDA,2025-06-20,810.00,put,108.93,100.47,99.80,8,101.15,5,0,276,2024-05-17,0.48804,-0.26466,0.00069,-0.14304,3.16495,-3.78174
NVDA250620C00820000,NVDA,2025-06-20,820.00,call,261.90,255.03,254.00,2,256.05,2,4,290,2024-05-17,0.48804,0.72741,0.00070,-0.25720,3.21226,4.54739
NVDA250620P00820000,NVDA,2025-06-20,820.00,put,98.39,104.78,104.10,7,105.45,5,0,269,2024-05-17,0.48804,-0.27259,0.00070,-0.14423,3.21226,-3.90909
NVDA250620C00830000,NVDA,2025-06-20,830.00,call,262.62,249.82,248.80,2,250.85,2,0,387,2024-05-17,0.48804,0.71946,0.00071,-0.25965,3.25784,4.52201
NVDA250620P00830000,NVDA,2025-06-20,830.00,put,102.58,109.25,108.55,7,109.95,5,0,246,2024-05-17,0.48804,-0.28054,0.00071,-0.14531,3.25784,-4.03760
NVDA250620C00840000,NVDA,2025-06-20,840.00,call,242.25,244.72,243.70,3,245.75,2,6,337,2024-05-17,0.48804,0.71150,0.00072,-0.26198,3.30168,4.49552
NVDA250620P00840000,NVDA,2025-06-20,840.00,put,110.50,113.83,113.20,13,114.45,5,2,316,2024-05-17,0.48804,-0.28850,0.00072,-0.14626,3.30168,-4.16721
NVDA250620C00850000,NVDA,2025-06-20,850.00,call,240.70,239.93,237.45,5,242.40,3,4,1051,2024-05-17,0.48804,0.70353,0.00073,-0.26418,3.34377,4.46799
NVDA250620P00850000,NVDA,2025-06-20,850.00,put,118.35,118.35,117.75,5,118.95,5,11,1037,2024-05-17,0.48804,-0.29647,0.00073,-0.14708,3.34377,-4.29788
NVDA250620C00860000,NVDA,2025-06-20,860.00,call,249.00,234.85,233.90,6,235.80,2,0,300,2024-05-17,0.48804,0.69556,0.00074,-0.26627,3.38411,4.43946
NVDA250620P00860000,NVDA,2025-06-20,860.00,put,124.80,123.12,122.35,7,123.90,5,2,230,2024-05-17,0.48804,-0.30444,0.00074,-0.14779,3.38411,-4.42953
NVDA250620C00880000,NVDA,2025-06-20,880.00,call,225.30,225.18,224.20,3,226.15,1,3,316,2024-05-17,0.48804,0.67961,0.00076,-0.27008,3.45951,4.37963
NVDA250620P00880000,NVDA,2025-06-20,880.00,put,129.75,132.93,132.25,14,133.60,5,1,313,2024-05-17,0.48804,-0.32039,0.00076,-0.14885,3.45951,-4.69562
NVDA250620C00900000,NVDA,2025-06-20,900.00,call,214.70,216.18,213.65,1,218.70,3,48,1330,2024-05-17,0.48804,0.66369,0.00077,-0.27342,3.52792,4.31646
NVDA250620P00900000,NVDA,2025-06-20,900.00,put,140.60,143.95,142.25,6,145.65,10,4,926,2024-05-17,0.48804,-0.33631,0.00077,-0.14943,3.52792,-4.96505
NVDA250620C00920000,NVDA,2025-06-20,920.00,call,207.50,207.15,206.15,3,208.15,2,5,308,2024-05-17,0.48804,0.64784,0.00079,-0.27630,3.58939,4.25032
NVDA250620P00920000,NVDA,2025-06-20,920.00,put,153.54,153.47,152.75,22,154.20,4,72,130,2024-05-17,0.48804,-0.35216,0.00079,-0.14955,3.58939,-5.23744
NVDA250620C00930000,NVDA,2025-06-20,930.00,call,203.24,202.80,201.80,3,203.80,2,13,199,2024-05-17,0.48804,0.63994,0.00079,-0.27756,3.61755,4.21627
NVDA250620P00930000,NVDA,2025-06-20,930.00,put,155.30,158.88,158.15,1,159.60,4,1,40,2024-05-17,0.48804,-0.36006,0.00079,-0.14944,3.61755,-5.37462
NVDA250620C00940000,NVDA,2025-06-20,940.00,call,205.47,198.52,197.60,8,199.45,1,3,134,2024-05-17,0.48804,0.63207,0.00080,-0.27872,3.64402,4.18160
NVDA250620P00940000,NVDA,2025-06-20,940.00,put,163.00,164.38,163.65,15,165.10,4,2,132,2024-05-17,0.48804,-0.36793,0.00080,-0.14922,3.64402,-5.51241
NVDA250620C00950000,NVDA,2025-06-20,950.00,call,194.28,194.40,193.80,5,195.00,4,19,502,2024-05-17,0.48804,0.62423,0.00080,-0.27976,3.66882,4.14638
NVDA250620P00950000,NVDA,2025-06-20,950.00,put,170.50,169.93,169.15,5,170.70,4,7,638,2024-05-17,0.48804,-0.37577,0.00080,-0.14889,3.66882,-5.65076
NVDA250620C00960000,NVDA,2025-06-20,960.00,call,195.15,190.32,189.65,5,191.00,4,4,169,2024-05-17,0.46853,0.61317,0.00084,-0.27283,3.70112,4.15666
NVDA250620P00960000,NVDA,2025-06-20,960.00,put,166.22,175.53,174.65,6,176.40,4,0,58,2024-05-17,0.48804,-0.38358,0.00081,-0.14845,3.69196,-5.78963
NVDA250620C00970000,NVDA,2025-06-20,970.00,call,191.12,186.38,185.75,5,187.00,6,1,125,2024-05-17,0.46853,0.60505,0.00085,-0.27358,3.72287,4.11743
NVDA250620P00970000,NVDA,2025-06-20,970.00,put,173.42,181.28,180.40,6,182.15,4,0,101,2024-05-17,0.48804,-0.39136,0.00081,-0.14790,3.71346,-5.92897
NVDA250620C00980000,NVDA,2025-06-20,980.00,call,187.43,182.45,181.80,5,183.10,4,1,104,2024-05-17,0.46853,0.59697,0.00085,-0.27423,3.74288,4.07774
NVDA250620P00980000,NVDA,2025-06-20,980.00,put,179.54,187.15,186.30,4,188.00,4,0,61,2024-05-17,0.48804,-0.39910,0.00082,-0.14725,3.73334,-6.06875
NVDA250620C00990000,NVDA,2025-06-20,990.00,call,176.70,178.62,178.00,1,179.25,4,2,273,2024-05-17,0.46853,0.58892,0.00086,-0.27476,3.76116,4.03763
NVDA250620P00990000,NVDA,2025-06-20,990.00,put,184.80,193.25,191.00,26,195.50,49,0,55,2024-05-17,0.48804,-0.40680,0.00082,-0.14650,3.75164,-6.20892
NVDA250620C01000000,NVDA,2025-06-20,1000.00,call,174.40,174.85,174.30,1,175.40,4,83,1629,2024-05-17,0.46853,0.58092,0.00086,-0.27520,3.77775,3.99714
NVDA250620P01000000,NVDA,2025-06-20,1000.00,put,198.00,199.38,197.75,12,201.00,1,3,386,2024-05-17,0.48804,-0.41446,0.00083,-0.14565,3.76837,-6.34946
NVDA250620C01010000,NVDA,2025-06-20,1010.00,call,169.00,171.30,169.25,8,173.35,7,1,1876,2024-05-17,0.46853,0.57297,0.00087,-0.27553,3.79268,3.95632
NVDA250620P01010000,NVDA,2025-06-20,1010.00,put,248.43,205.12,203.10,20,207.15,1,0,37,2024-05-17,0.48804,-0.42208,0.00083,-0.14469,3.78357,-6.49033
NVDA250620C01020000,NVDA,2025-06-20,1020.00,call,168.00,167.57,166.95,11,168.20,9,139,461,2024-05-17,0.46853,0.56507,0.00087,-0.27576,3.80596,3.91520
NVDA250620P01020000,NVDA,2025-06-20,1020.00,put,202.55,211.20,209.25,22,213.15,6,0,46,2024-05-17,0.48804,-0.42965,0.00083,-0.14364,3.79725,-6.63149
NVDA250620C01030000,NVDA,2025-06-20,1030.00,call,168.05,164.03,163.40,11,164.65,4,7,62,2024-05-17,0.46853,0.55722,0.00087,-0.27589,3.81765,3.87382
NVDA250620P01030000,NVDA,2025-06-20,1030.00,put,227.70,217.82,215.50,20,220.15,36,0,237,2024-05-17,0.48804,-0.43717,0.00083,-0.14250,3.80944,-6.77291
NVDA250620C01040000,NVDA,2025-06-20,1040.00,call,166.10,160.55,159.90,5,161.20,4,8,220,2024-05-17,0.46853,0.54942,0.00087,-0.27593,3.82775,3.83222
NVDA250620P01040000,NVDA,2025-06-20,1040.00,put,234.10,224.20,221.80,20,226.60,49,0,62,2024-05-17,0.48804,-0.44464,0.00084,-0.14127,3.82018,-6.91456
NVDA250620C01050000,NVDA,2025-06-20,1050.00,call,154.64,157.15,156.55,5,157.75,4,1,454,2024-05-17,0.46853,0.54168,0.00088,-0.27587,3.83632,3.79042
NVDA250620P01050000,NVDA,2025-06-20,1050.00,put,221.48,229.88,226.70,13,233.05,17,0,27,2024-05-17,0.48804,-0.45206,0.00084,-0.13994,3.82950,-7.05640
NVDA250620C01060000,NVDA,2025-06-20,1060.00,call,165.40,153.82,153.20,5,154.45,4,0,137,2024-05-17,0.46853,0.53399,0.00088,-0.27573,3.84338,3.74846
NVDA250620P01060000,NVDA,2025-06-20,1060.00,put,224.90,236.38,233.20,15,239.55,15,0,54,2024-05-17,0.48804,-0.45942,0.00084,-0.13853,3.83742,-7.19842
NVDA250620C01070000,NVDA,2025-06-20,1070.00,call,165.10,150.55,149.90,5,151.20,4,0,447,2024-05-17,0.46853,0.52637,0.00088,-0.27549,3.84896,3.70638
NVDA250620P01070000,NVDA,2025-06-20,1070.00,put,254.90,242.95,239.80,10,246.10,15,0,44,2024-05-17,0.48804,-0.46673,0.00084,-0.13703,3.84397,-7.34057
NVDA250620C01080000,NVDA,2025-06-20,1080.00,call,147.80,147.43,146.85,4,148.00,1,27,462,2024-05-17,0.46853,0.51880,0.00088,-0.27517,3.85310,3.66420
NVDA250620P01080000,NVDA,2025-06-20,1080.00,put,237.25,253.25,246.50,9,260.00,23,0,20,2024-05-17,0.50755,-0.46702,0.00081,-0.14439,3.84420,-7.49451
NVDA250620C01090000,NVDA,2025-06-20,1090.00,call,149.90,144.30,143.70,12,144.90,5,20,112,2024-05-17,0.46853,0.51130,0.00088,-0.27477,3.85584,3.62195
NVDA250620P01090000,NVDA,2025-06-20,1090.00,put,294.50,260.62,253.25,8,268.00,33,0,48,2024-05-17,0.50755,-0.47393,0.00081,-0.14284,3.84915,-7.63408
NVDA250620C01100000,NVDA,2025-06-20,1100.00,call,141.15,141.25,140.70,3,141.80,1,12,1465,2024-05-17,0.46853,0.50387,0.00088,-0.27428,3.85721,3.57966
NVDA250620P01100000,NVDA,2025-06-20,1100.00,put,256.00,266.98,260.05,10,273.90,27,2,49,2024-05-17,0.50755,-0.48079,0.00081,-0.14121,3.85291,-7.77373
NVDA250620C01110000,NVDA,2025-06-20,1110.00,call,141.05,138.22,137.60,15,138.85,4,2,151,2024-05-17,0.46853,0.49650,0.00088,-0.27372,3.85724,3.53736
NVDA250620P01110000,NVDA,2025-06-20,1110.00,put,288.53,274.45,266.90,10,282.00,35,0,334,2024-05-17,0.50755,-0.48758,0.00081,-0.13951,3.85552,-7.91343
NVDA250620C01120000,NVDA,2025-06-20,1120.00,call,152.40,135.28,134.65,16,135.90,6,0,170,2024-05-17,0.46853,0.48919,0.00088,-0.27308,3.85597,3.49507
NVDA250620P01120000,NVDA,2025-06-20,1120.00,put,264.40,277.20,270.90,25,283.50,15,0,41,2024-05-17,0.50755,-0.49433,0.00081,-0.13774,3.85700,-8.05317
NVDA250620C01130000,NVDA,2025-06-20,1130.00,call,150.20,132.45,131.85,1,133.05,4,0,129,2024-05-17,0.46853,0.48196,0.00088,-0.27237,3.85344,3.45282
NVDA250620P01130000,NVDA,2025-06-20,1130.00,put,319.25,284.82,278.00,26,291.65,35,0,47,2024-05-17,0.50755,-0.50101,0.00081,-0.13589,3.85737,-8.19293
NVDA250620C01140000,NVDA,2025-06-20,1140.00,call,130.24,129.65,129.05,12,130.25,4,3,95,2024-05-17,0.46853,0.47479,0.00088,-0.27158,3.84969,3.41062
NVDA250620P01140000,NVDA,2025-06-20,1140.00,put,315.85,290.80,285.00,46,296.60,10,0,98,2024-05-17,0.50755,-0.50763,0.00081,-0.13398,3.85668,-8.33269
NVDA250620C01150000,NVDA,2025-06-20,1150.00,call,127.65,126.88,126.30,10,127.45,5,10,204,2024-05-17,0.46853,0.46770,0.00088,-0.27073,3.84474,3.36851
NVDA250620P01150000,NVDA,2025-06-20,1150.00,put,284.85,299.38,292.15,46,306.60,11,0,65,2024-05-17,0.50755,-0.51419,0.00081,-0.13201,3.85495,-8.47242
NVDA250620C01160000,NVDA,2025-06-20,1160.00,call,124.90,124.20,123.60,6,124.80,4,1,179,2024-05-17,0.46853,0.46068,0.00088,-0.26981,3.83863,3.32650
NVDA250620P01160000,NVDA,2025-06-20,1160.00,put,355.42,305.02,299.00,67,311.05,61,0,41,2024-05-17,0.50755,-0.52070,0.00081,-0.12997,3.85219,-8.61212
NVDA250620C01170000,NVDA,2025-06-20,1170.00,call,131.10,121.55,120.95,6,122.15,4,0,148,2024-05-17,0.46853,0.45373,0.00087,-0.26883,3.83141,3.28461
NVDA250620P01170000,NVDA,2025-06-20,1170.00,put,335.40,314.43,306.85,36,322.00,16,0,35,2024-05-17,0.50755,-0.52714,0.00081,-0.12786,3.84846,-8.75176
NVDA250620C01180000,NVDA,2025-06-20,1180.00,call,119.77,118.97,118.35,6,119.60,4,1,105,2024-05-17,0.46853,0.44685,0.00087,-0.26778,3.82310,3.24286
NVDA250620P01180000,NVDA,2025-06-20,1180.00,put,307.15,321.73,316.60,26,326.85,15,0,51,2024-05-17,0.50755,-0.53352,0.00081,-0.12570,3.84376,-8.89133
NVDA250620C01190000,NVDA,2025-06-20,1190.00,call,128.15,116.45,115.85,11,117.05,4,0,170,2024-05-17,0.46853,0.44005,0.00087,-0.26668,3.81375,3.20127
NVDA250620P01190000,NVDA,2025-06-20,1190.00,put,372.05,328.58,321.35,36,335.80,27,0,23,2024-05-17,0.50755,-0.53984,0.00081,-0.12348,3.83814,-9.03082
NVDA250620C01200000,NVDA,2025-06-20,1200.00,call,114.15,114.03,112.40,8,115.65,6,9,1317,2024-05-17,0.46853,0.43332,0.00087,-0.26552,3.80338,3.15987
NVDA250620P01200000,NVDA,2025-06-20,1200.00,put,330.78,336.45,328.85,43,344.05,39,1,18,2024-05-17,0.50755,-0.54609,0.00081,-0.12120,3.83162,-9.17020
NVDA250620C01210000,NVDA,2025-06-20,1210.00,call,127.60,111.53,110.90,6,112.15,4,0,173,2024-05-17,0.46853,0.42666,0.00087,-0.26430,3.79203,3.11865
NVDA250620P01210000,NVDA,2025-06-20,1210.00,put,399.32,345.38,339.25,26,351.50,14,0,9,2024-05-17,0.52706,-0.54242,0.00078,-0.12921,3.83556,-9.29150
NVDA250620C01220000,NVDA,2025-06-20,1220.00,call,125.00,109.20,108.60,14,109.80,4,0,95,2024-05-17,0.46853,0.42009,0.00086,-0.26303,3.77973,3.07764
NVDA250620P01220000,NVDA,2025-06-20,1220.00,put,392.85,351.65,343.75,29,359.55,14,0,23,2024-05-17,0.50755,-0.55841,0.00080,-0.11649,3.81597,-9.44861
NVDA250620C01230000,NVDA,2025-06-20,1230.00,call,116.75,106.88,106.25,10,107.50,4,0,569,2024-05-17,0.46853,0.41358,0.00086,-0.26171,3.76653,3.03686
NVDA250620P01230000,NVDA,2025-06-20,1230.00,put,401.55,358.80,351.65,32,365.95,21,0,43,2024-05-17,0.52706,-0.55420,0.00078,-0.12464,3.82173,-9.56516
NVDA250620C01240000,NVDA,2025-06-20,1240.00,call,118.58,104.62,104.00,6,105.25,4,0,77,2024-05-17,0.46853,0.40716,0.00086,-0.26034,3.75245,2.99631
NVDA250620P01240000,NVDA,2025-06-20,1240.00,put,420.70,366.88,359.55,77,374.20,18,0,22,2024-05-17,0.52706,-0.56000,0.00077,-0.12228,3.81367,-9.70181
NVDA250620C01250000,NVDA,2025-06-20,1250.00,call,102.57,102.40,101.85,11,102.95,4,4,322,2024-05-17,0.46853,0.40080,0.00085,-0.25893,3.73752,2.95601
NVDA250620P01250000,NVDA,2025-06-20,1250.00,put,417.50,374.77,367.50,62,382.05,35,0,105,2024-05-17,0.52706,-0.56575,0.00077,-0.11988,3.80488,-9.83834
NVDA250620C01260000,NVDA,2025-06-20,1260.00,call,99.50,100.25,99.65,6,100.85,4,1,56,2024-05-17,0.46853,0.39453,0.00085,-0.25747,3.72179,2.91597
NVDA250620P01260000,NVDA,2025-06-20,1260.00,put,400.20,382.02,375.60,37,388.45,29,0,9,2024-05-17,0.52706,-0.57143,0.00077,-0.11743,3.79539,-9.97473
NVDA250620C01270000,NVDA,2025-06-20,1270.00,call,101.05,98.10,97.50,6,98.70,4,0,32,2024-05-17,0.46853,0.38833,0.00085,-0.25597,3.70527,2.87621
NVDA250620P01270000,NVDA,2025-06-20,1270.00,put,433.40,390.80,383.90,38,397.70,11,0,13,2024-05-17,0.52706,-0.57705,0.00077,-0.11494,3.78521,-10.11097
NVDA250620C01280000,NVDA,2025-06-20,1280.00,call,99.95,96.03,95.40,6,96.65,4,0,101,2024-05-17,0.46853,0.38221,0.00084,-0.25443,3.68801,2.83673
NVDA250620P01280000,NVDA,2025-06-20,1280.00,put,451.22,398.88,391.60,44,406.15,12,0,22,2024-05-17,0.52706,-0.58262,0.00077,-0.11240,3.77437,-10.24705
NVDA250620C01290000,NVDA,2025-06-20,1290.00,call,101.58,94.00,93.40,6,94.60,4,0,241,2024-05-17,0.46853,0.37617,0.00084,-0.25285,3.67003,2.79754
NVDA250620P01290000,NVDA,2025-06-20,1290.00,put,430.35,406.77,399.35,43,414.20,41,0,16,2024-05-17,0.52706,-0.58812,0.00076,-0.10983,3.76289,-10.38297
NVDA250620C01300000,NVDA,2025-06-20,1300.00,call,90.95,92.05,91.50,5,92.60,4,7,509,2024-05-17,0.46853,0.37020,0.00083,-0.25123,3.65136,2.75866
NVDA250620P01300000,NVDA,2025-06-20,1300.00,put,407.00,414.67,407.65,38,421.70,12,8,9,2024-05-17,0.52706,-0.59357,0.00076,-0.10722,3.75080,-10.51871
NVDA250620C01320000,NVDA,2025-06-20,1320.00,call,95.00,88.20,87.60,14,88.80,5,0,147,2024-05-17,0.46853,0.35849,0.00082,-0.24790,3.61209,2.68184
NVDA250620P01320000,NVDA,2025-06-20,1320.00,put,455.00,430.20,423.35,96,437.05,69,0,7,2024-05-17,0.52706,-0.60428,0.00076,-0.10189,3.72485,-10.78965
NVDA250620C01340000,NVDA,2025-06-20,1340.00,call,92.76,84.53,83.95,12,85.10,4,12,137,2024-05-17,0.46853,0.34709,0.00082,-0.24445,3.57044,2.60633
NVDA250620P01340000,NVDA,2025-06-20,1340.00,put,482.22,447.02,440.90,67,453.15,19,0,3,2024-05-17,0.54657,-0.60306,0.00073,-0.10812,3.72795,-11.02080
NVDA250620C01360000,NVDA,2025-06-20,1360.00,call,92.00,81.00,80.40,6,81.60,4,0,102,2024-05-17,0.46853,0.33599,0.00081,-0.24088,3.52662,2.53218
NVDA250620P01360000,NVDA,2025-06-20,1360.00,put,477.90,463.80,457.50,44,470.10,7,0,1,2024-05-17,0.54657,-0.61302,0.00072,-0.10276,3.70154,-11.28674
NVDA250620C01370000,NVDA,2025-06-20,1370.00,call,81.10,79.33,78.75,6,79.90,4,0,462,2024-05-17,0.46853,0.33055,0.00080,-0.23906,3.50397,2.49563
NVDA250620P01370000,NVDA,2025-06-20,1370.00,put,0.00,474.32,466.75,46,481.90,66,0,0,2024-05-17,0.54657,-0.61792,0.00072,-0.10003,3.68763,-11.41943
NVDA250620C01380000,NVDA,2025-06-20,1380.00,call,79.45,77.65,77.05,6,78.25,4,0,190,2024-05-17,0.46853,0.32519,0.00079,-0.23722,3.48085,2.45943
NVDA250620P01380000,NVDA,2025-06-20,1380.00,put,517.15,482.68,475.00,54,490.35,46,0,4,2024-05-17,0.54657,-0.62276,0.00072,-0.09728,3.67328,-11.55194
NVDA250620C01390000,NVDA,2025-06-20,1390.00,call,88.30,76.05,75.50,12,76.60,4,0,575,2024-05-17,0.46853,0.31990,0.00079,-0.23536,3.45730,2.42360
NVDA250620P01390000,NVDA,2025-06-20,1390.00,put,0.00,490.73,483.75,86,497.70,55,0,0,2024-05-17,0.54657,-0.62755,0.00072,-0.09450,3.65850,-11.68425
NVDA250620C01400000,NVDA,2025-06-20,1400.00,call,83.80,74.43,73.90,5,74.95,4,0,687,2024-05-17,0.46853,0.31468,0.00078,-0.23348,3.43333,2.38813
NVDA250620P01400000,NVDA,2025-06-20,1400.00,put,525.72,499.73,491.55,70,507.90,77,0,12,2024-05-17,0.54657,-0.63229,0.00071,-0.09169,3.64331,-11.81637
NVDA250620C01410000,NVDA,2025-06-20,1410.00,call,74.70,72.90,72.35,1,73.45,4,0,56,2024-05-17,0.46853,0.30954,0.00078,-0.23158,3.40898,2.35303
NVDA250620P01410000,NVDA,2025-06-20,1410.00,put,568.85,508.45,500.85,38,516.05,19,0,6,2024-05-17,0.56608,-0.62485,0.00069,-0.10111,3.66690,-11.90357
NVDA250620C01420000,NVDA,2025-06-20,1420.00,call,67.00,71.38,70.80,6,71.95,4,0,29,2024-05-17,0.46853,0.30448,0.00077,-0.22967,3.38427,2.31830
NVDA250620P01420000,NVDA,2025-06-20,1420.00,put,684.80,516.67,509.60,85,523.75,55,0,0,2024-05-17,0.56608,-0.62937,0.00069,-0.09836,3.65273,-12.03384
NVDA250620C01430000,NVDA,2025-06-20,1430.00,call,70.40,69.90,69.35,13,70.45,5,2,16,2024-05-17,0.46853,0.29948,0.00077,-0.22774,3.35921,2.28395
NVDA250620P01430000,NVDA,2025-06-20,1430.00,put,0.00,526.30,518.75,38,533.85,52,0,0,2024-05-17,0.56608,-0.63384,0.00069,-0.09560,3.63820,-12.16394
NVDA250620C01440000,NVDA,2025-06-20,1440.00,call,69.50,68.45,67.90,6,69.00,5,2,23,2024-05-17,0.46853,0.29456,0.00076,-0.22579,3.33384,2.24997
NVDA250620P01440000,NVDA,2025-06-20,1440.00,put,541.45,534.72,527.40,76,542.05,27,0,2,2024-05-17,0.56608,-0.63827,0.00068,-0.09281,3.62333,-12.29385
NVDA250620C01450000,NVDA,2025-06-20,1450.00,call,66.25,67.03,66.50,5,67.55,4,0,71,2024-05-17,0.46853,0.28970,0.00076,-0.22384,3.30817,2.21637
NVDA250620P01450000,NVDA,2025-06-20,1450.00,put,550.25,544.12,536.80,65,551.45,32,0,12,2024-05-17,0.56608,-0.64264,0.00068,-0.08999,3.60812,-12.42358
NVDA250620C01460000,NVDA,2025-06-20,1460.00,call,61.35,65.65,65.10,6,66.20,5,0,51,2024-05-17,0.46853,0.28492,0.00075,-0.22187,3.28222,2.18315
NVDA250620P01460000,NVDA,2025-06-20,1460.00,put,601.55,552.42,545.00,67,559.85,70,0,16,2024-05-17,0.56608,-0.64696,0.00068,-0.08716,3.59260,-12.55313
NVDA250620C01470000,NVDA,2025-06-20,1470.00,call,42.30,64.30,63.75,6,64.85,5,0,11,2024-05-17,0.46853,0.28021,0.00074,-0.21989,3.25601,2.15031
NVDA250620P01470000,NVDA,2025-06-20,1470.00,put,584.63,561.72,553.80,81,569.65,77,0,1,2024-05-17,0.58560,-0.63895,0.00066,-0.09693,3.62098,-12.63503
NVDA250620C01480000,NVDA,2025-06-20,1480.00,call,71.70,62.97,62.40,6,63.55,5,0,569,2024-05-17,0.46853,0.27557,0.00074,-0.21791,3.22957,2.11786
NVDA250620P01480000,NVDA,2025-06-20,1480.00,put,564.00,570.38,563.30,58,577.45,33,0,21,2024-05-17,0.58560,-0.64309,0.00066,-0.09416,3.60653,-12.76296
NVDA250620C01490000,NVDA,2025-06-20,1490.00,call,68.25,61.70,61.15,6,62.25,5,0,3,2024-05-17,0.46853,0.27100,0.00073,-0.21591,3.20292,2.08578
NVDA250620P01490000,NVDA,2025-06-20,1490.00,put,584.55,580.23,572.75,42,587.70,42,0,5,2024-05-17,0.58560,-0.64718,0.00066,-0.09138,3.59179,-12.89073
NVDA250620C01500000,NVDA,2025-06-20,1500.00,call,62.00,60.20,59.60,1,60.80,1,3,1260,2024-05-17,0.46853,0.26649,0.00073,-0.21391,3.17606,2.05409
NVDA250620P01500000,NVDA,2025-06-20,1500.00,put,610.60,588.62,581.15,40,596.10,42,0,20,2024-05-17,0.58560,-0.65123,0.00065,-0.08857,3.57679,-13.01832
NVDA250620C01510000,NVDA,2025-06-20,1510.00,call,63.15,59.20,58.65,6,59.75,5,0,37,2024-05-17,0.46853,0.26206,0.00072,-0.21191,3.14903,2.02279
NVDA250620P01510000,NVDA,2025-06-20,1510.00,put,645.22,598.45,590.90,41,606.00,43,0,9,2024-05-17,0.58560,-0.65524,0.00065,-0.08575,3.56153,-13.14575
NVDA250620C01520000,NVDA,2025-06-20,1520.00,call,66.00,58.00,57.45,6,58.55,5,0,16,2024-05-17,0.46853,0.25769,0.00071,-0.20990,3.12183,1.99186
NVDA250620P01520000,NVDA,2025-06-20,1520.00,put,0.00,606.80,599.55,40,614.05,32,0,0,2024-05-17,0.58560,-0.65920,0.00065,-0.08291,3.54601,-13.27299
NVDA250620C01530000,NVDA,2025-06-20,1530.00,call,52.50,56.83,56.30,6,57.35,5,0,8,2024-05-17,0.46853,0.25338,0.00071,-0.20788,3.09448,1.96132
NVDA250620P01530000,NVDA,2025-06-20,1530.00,put,632.05,616.60,609.10,46,624.10,43,0,30,2024-05-17,0.60511,-0.65075,0.00063,-0.09301,3.57860,-13.35084
NVDA250620C01540000,NVDA,2025-06-20,1540.00,call,60.35,55.67,55.15,6,56.20,5,0,50,2024-05-17,0.46853,0.24915,0.00070,-0.20587,3.06701,1.93116
NVDA250620P01540000,NVDA,2025-06-20,1540.00,put,641.85,626.40,618.80,41,634.00,41,0,0,2024-05-17,0.60511,-0.65455,0.00063,-0.09024,3.56416,-13.47668
NVDA250620C01550000,NVDA,2025-06-20,1550.00,call,60.37,54.55,54.05,6,55.05,4,0,32,2024-05-17,0.46853,0.24497,0.00069,-0.20385,3.03943,1.90139
NVDA250620P01550000,NVDA,2025-06-20,1550.00,put,0.00,634.70,627.55,40,641.85,31,0,0,2024-05-17,0.60511,-0.65832,0.00063,-0.08745,3.54951,-13.60236
NVDA250620C01560000,NVDA,2025-06-20,1560.00,call,43.85,53.48,52.95,6,54.00,5,0,98,2024-05-17,0.46853,0.24087,0.00069,-0.20183,3.01174,1.87199
NVDA250620P01560000,NVDA,2025-06-20,1560.00,put,662.00,644.45,636.95,46,651.95,41,0,1,2024-05-17,0.60511,-0.66204,0.00062,-0.08464,3.53464,-13.72788
NVDA250620C01570000,NVDA,2025-06-20,1570.00,call,28.25,52.40,51.85,6,52.95,5,0,12,2024-05-17,0.46853,0.23682,0.00068,-0.19982,2.98398,1.84298
NVDA250620P01570000,NVDA,2025-06-20,1570.00,put,667.05,654.25,647.15,41,661.35,41,0,0,2024-05-17,0.60511,-0.66573,0.00062,-0.08182,3.51957,-13.85324
NVDA250620C01580000,NVDA,2025-06-20,1580.00,call,46.05,51.35,50.80,6,51.90,5,0,20,2024-05-17,0.46853,0.23284,0.00067,-0.19780,2.95615,1.81434
NVDA250620P01580000,NVDA,2025-06-20,1580.00,put,0.00,662.83,655.55,52,670.10,40,0,0,2024-05-17,0.60511,-0.66937,0.00062,-0.07899,3.50430,-13.97845
NVDA250620C01590000,NVDA,2025-06-20,1590.00,call,29.66,50.33,49.80,6,50.85,5,0,11,2024-05-17,0.46853,0.22892,0.00067,-0.19578,2.92826,1.78607
NVDA250620P01590000,NVDA,2025-06-20,1590.00,put,694.00,672.52,664.80,40,680.25,40,0,1,2024-05-17,0.62462,-0.66059,0.00061,-0.08940,3.54049,-14.05322
NVDA250620C01600000,NVDA,2025-06-20,1600.00,call,54.70,49.33,48.85,6,49.80,4,0,256,2024-05-17,0.46853,0.22506,0.00066,-0.19377,2.90033,1.75819
NVDA250620P01600000,NVDA,2025-06-20,1600.00,put,741.68,682.42,674.70,40,690.15,40,0,0,2024-05-17,0.62462,-0.66410,0.00060,-0.08663,3.52628,-14.17718
NVDA250620C01610000,NVDA,2025-06-20,1610.00,call,39.68,48.38,47.85,13,48.90,11,0,26,2024-05-17,0.46853,0.22127,0.00066,-0.19176,2.87237,1.73067
NVDA250620P01610000,NVDA,2025-06-20,1610.00,put,791.20,691.42,682.85,40,700.00,40,0,0,2024-05-17,0.62462,-0.66757,0.00060,-0.08385,3.51189,-14.30100
NVDA250620C01620000,NVDA,2025-06-20,1620.00,call,51.95,47.40,46.90,6,47.90,10,1,280,2024-05-17,0.46853,0.21753,0.00065,-0.18976,2.84440,1.70353
NVDA250620P01620000,NVDA,2025-06-20,1620.00,put,0.00,701.10,692.20,40,710.00,40,0,0,2024-05-17,0.62462,-0.67100,0.00060,-0.08106,3.49734,-14.42468
NVDA250620C01630000,NVDA,2025-06-20,1630.00,call,54.77,46.48,45.95,13,47.00,11,0,30,2024-05-17,0.46853,0.21385,0.00064,-0.18776,2.81642,1.67675
NVDA250620P01630000,NVDA,2025-06-20,1630.00,put,699.85,710.95,702.05,40,719.85,40,0,0,2024-05-17,0.64413,-0.66215,0.00059,-0.09159,3.53422,-14.49911
NVDA250620C01640000,NVDA,2025-06-20,1640.00,call,50.00,45.08,43.90,10,46.25,2,1,831,2024-05-17,0.46853,0.21023,0.00064,-0.18576,2.78845,1.65034
NVDA250620P01640000,NVDA,2025-06-20,1640.00,put,760.10,720.92,712.00,41,729.85,40,0,0,2024-05-17,0.64413,-0.66546,0.00058,-0.08886,3.52067,-14.62166
NVDA250620C01650000,NVDA,2025-06-20,1650.00,call,48.00,44.67,44.20,8,45.15,6,0,90,2024-05-17,0.46853,0.20667,0.00063,-0.18377,2.76050,1.62430
NVDA250620P01650000,NVDA,2025-06-20,1650.00,put,712.62,730.95,722.05,40,739.85,40,0,0,2024-05-17,0.64413,-0.66874,0.00058,-0.08612,3.50697,-14.74408
NVDA250620C01660000,NVDA,2025-06-20,1660.00,call,48.00,43.80,43.30,9,44.30,5,4,43,2024-05-17,0.46853,0.20317,0.00062,-0.18179,2.73258,1.59861
NVDA250620P01660000,NVDA,2025-06-20,1660.00,put,840.32,739.20,730.40,40,748.00,40,0,0,2024-05-17,0.64413,-0.67199,0.00058,-0.08337,3.49313,-14.86637
NVDA250620C01670000,NVDA,2025-06-20,1670.00,call,42.34,42.95,42.45,9,43.45,5,0,6,2024-05-17,0.46853,0.19972,0.00062,-0.17982,2.70469,1.57329
NVDA250620P01670000,NVDA,2025-06-20,1670.00,put,764.30,749.00,740.00,40,758.00,40,0,5,2024-05-17,0.64413,-0.67520,0.00058,-0.08061,3.47914,-14.98853
NVDA250620C01680000,NVDA,2025-06-20,1680.00,call,34.20,42.15,41.65,7,42.65,5,0,13,2024-05-17,0.46853,0.19633,0.00061,-0.17785,2.67686,1.54832
NVDA250620P01680000,NVDA,2025-06-20,1680.00,put,769.45,758.95,750.00,41,767.90,40,0,0,2024-05-17,0.66364,-0.66621,0.00057,-0.09133,3.51756,-15.06194
NVDA250620C01690000,NVDA,2025-06-20,1690.00,call,27.78,41.33,40.85,14,41.80,5,0,6,2024-05-17,0.46853,0.19299,0.00060,-0.17589,2.64909,1.52370
NVDA250620P01690000,NVDA,2025-06-20,1690.00,put,870.03,769.02,760.05,40,778.00,40,0,0,2024-05-17,0.66364,-0.66932,0.00056,-0.08863,3.50453,-15.18309
NVDA250620C01700000,NVDA,2025-06-20,1700.00,call,46.68,40.55,40.10,13,41.00,10,0,195,2024-05-17,0.46853,0.18971,0.00060,-0.17394,2.62138,1.49944
NVDA250620P01700000,NVDA,2025-06-20,1700.00,put,881.11,778.95,770.05,40,787.85,40,0,0,2024-05-17,0.66364,-0.67239,0.00056,-0.08592,3.49138,-15.30412
NVDA250620C01710000,NVDA,2025-06-20,1710.00,call,33.35,39.75,39.25,7,40.25,5,0,29,2024-05-17,0.46853,0.18648,0.00059,-0.17200,2.59376,1.47552
NVDA250620P01710000,NVDA,2025-06-20,1710.00,put,891.23,788.92,780.05,40,797.80,40,0,0,2024-05-17,0.66364,-0.67544,0.00056,-0.08320,3.47810,-15.42503
NVDA250620C01720000,NVDA,2025-06-20,1720.00,call,44.10,39.00,38.50,7,39.50,5,0,25,2024-05-17,0.46853,0.18331,0.00059,-0.17006,2.56621,1.45195
NVDA250620P01720000,NVDA,2025-06-20,1720.00,put,809.10,797.23,788.50,40,805.95,40,0,0,2024-05-17,0.66364,-0.67845,0.00056,-0.08047,3.46471,-15.54582
NVDA250620C01730000,NVDA,2025-06-20,1730.00,call,30.94,38.27,37.80,7,38.75,6,0,4,2024-05-17,0.46853,0.18018,0.00058,-0.16814,2.53876,1.42871
NVDA250620P01730000,NVDA,2025-06-20,1730.00,put,854.83,807.10,798.25,40,815.95,40,0,0,2024-05-17,0.68315,-0.66936,0.00055,-0.09136,3.50433,-15.61857
NVDA250620C01740000,NVDA,2025-06-20,1740.00,call,31.80,37.52,37.05,7,38.00,6,0,19,2024-05-17,0.46853,0.17711,0.00057,-0.16623,2.51141,1.40582
NVDA250620P01740000,NVDA,2025-06-20,1740.00,put,0.00,817.10,808.20,40,826.00,40,0,0,2024-05-17,0.68315,-0.67228,0.00055,-0.08869,3.49185,-15.73845
NVDA250620C01750000,NVDA,2025-06-20,1750.00,call,39.55,36.83,36.40,6,37.25,5,1,50,2024-05-17,0.46853,0.17409,0.00057,-0.16433,2.48417,1.38326
NVDA250620P01750000,NVDA,2025-06-20,1750.00,put,0.00,826.92,818.05,40,835.80,40,0,0,2024-05-17,0.68315,-0.67517,0.00054,-0.08601,3.47926,-15.85822
NVDA250620C01760000,NVDA,2025-06-20,1760.00,call,34.00,36.10,35.70,1,36.50,1,0,26,2024-05-17,0.46853,0.17111,0.00056,-0.16244,2.45704,1.36103
NVDA250620P01760000,NVDA,2025-06-20,1760.00,put,847.85,836.52,828.00,41,845.05,40,0,0,2024-05-17,0.68315,-0.67804,0.00054,-0.08333,3.46656,-15.97789
NVDA250620C01770000,NVDA,2025-06-20,1770.00,call,39.75,35.48,35.10,2,35.85,19,0,25,2024-05-17,0.48804,0.18329,0.00056,-0.17615,2.56605,1.43844
NVDA250620P01770000,NVDA,2025-06-20,1770.00,put,0.00,846.47,838.05,40,854.90,40,0,0,2024-05-17,0.70267,-0.66894,0.00053,-0.09431,3.50613,-16.05098
NVDA250620C01780000,NVDA,2025-06-20,1780.00,call,32.27,34.85,34.45,2,35.25,14,0,9,2024-05-17,0.48804,0.18037,0.00056,-0.17430,2.54044,1.41701
NVDA250620P01780000,NVDA,2025-06-20,1780.00,put,867.15,856.45,848.00,41,864.90,40,0,0,2024-05-17,0.70267,-0.67171,0.00053,-0.09168,3.49429,-16.16981
NVDA250620C01790000,NVDA,2025-06-20,1790.00,call,31.80,34.20,33.80,3,34.60,1,0,74,2024-05-17,0.48804,0.17750,0.00055,-0.17245,2.51492,1.39587
NVDA250620P01790000,NVDA,2025-06-20,1790.00,put,874.80,866.30,858.00,40,874.60,40,0,0,2024-05-17,0.70267,-0.67447,0.00053,-0.08905,3.48237,-16.28854
NVDA250620C01800000,NVDA,2025-06-20,1800.00,call,35.70,33.58,33.20,2,33.95,5,3,50,2024-05-17,0.48804,0.17468,0.00055,-0.17062,2.48951,1.37502
NVDA250620P01800000,NVDA,2025-06-20,1800.00,put,850.34,876.38,868.00,41,884.75,40,0,0,2024-05-17,0.70267,-0.67719,0.00053,-0.08640,3.47034,-16.40718
NVDA250620C01810000,NVDA,2025-06-20,1810.00,call,38.10,32.95,32.55,1,33.35,9,0,5,2024-05-17,0.48804,0.17189,0.00054,-0.16880,2.46419,1.35447
NVDA250620P01810000,NVDA,2025-06-20,1810.00,put,0.00,886.12,878.05,40,894.20,40,0,0,2024-05-17,0.70267,-0.67989,0.00053,-0.08375,3.45823,-16.52572
NVDA250620C01820000,NVDA,2025-06-20,1820.00,call,35.85,32.35,31.95,4,32.75,6,0,12,2024-05-17,0.48804,0.16916,0.00053,-0.16699,2.43899,1.33420
NVDA250620P01820000,NVDA,2025-06-20,1820.00,put,0.00,896.17,888.05,41,904.30,41,0,0,2024-05-17,0.72218,-0.67074,0.00052,-0.09488,3.49849,-16.59858
NVDA250620C01830000,NVDA,2025-06-20,1830.00,call,23.85,31.70,31.25,7,32.15,11,0,2,2024-05-17,0.48804,0.16646,0.00053,-0.16518,2.41390,1.31421
NVDA250620P01830000,NVDA,2025-06-20,1830.00,put,0.00,905.40,898.00,40,912.80,40,0,0,2024-05-17,0.72218,-0.67336,0.00052,-0.09228,3.48720,-16.71636
NVDA250620C01840000,NVDA,2025-06-20,1840.00,call,22.25,31.15,30.70,7,31.60,11,0,1,2024-05-17,0.48804,0.16381,0.00052,-0.16339,2.38893,1.29450
NVDA250620P01840000,NVDA,2025-06-20,1840.00,put,0.00,916.17,906.75,41,925.60,46,0,0,2024-05-17,0.72218,-0.67596,0.00051,-0.08968,3.47582,-16.83405
NVDA250620C01850000,NVDA,2025-06-20,1850.00,call,32.85,30.62,30.25,1,31.00,5,3,14,2024-05-17,0.48804,0.16120,0.00052,-0.16161,2.36409,1.27507
NVDA250620P01850000,NVDA,2025-06-20,1850.00,put,947.10,925.98,916.00,41,935.95,40,0,0,2024-05-17,0.72218,-0.67853,0.00051,-0.08707,3.46436,-16.95165
NVDA250620C01860000,NVDA,2025-06-20,1860.00,call,33.60,30.02,29.60,7,30.45,6,1,357,2024-05-17,0.48804,0.15863,0.00051,-0.15985,2.33937,1.25592
NVDA250620P01860000,NVDA,2025-06-20,1860.00,put,0.00,936.00,926.00,41,946.00,41,0,0,2024-05-17,0.74169,-0.66939,0.00051,-0.09827,3.50423,-17.02511
NVDA250620C01870000,NVDA,2025-06-20,1870.00,call,27.35,29.50,29.05,16,29.95,16,0,54,2024-05-17,0.48804,0.15610,0.00051,-0.15809,2.31479,1.23703
NVDA250620P01870000,NVDA,2025-06-20,1870.00,put,0.00,945.70,936.00,41,955.40,40,0,0,2024-05-17,0.74169,-0.67189,0.00050,-0.09571,3.49354,-17.14200
NVDA250620C01880000,NVDA,2025-06-20,1880.00,call,27.35,28.93,28.60,3,29.25,1,0,8,2024-05-17,0.48804,0.15361,0.00050,-0.15635,2.29034,1.21842
NVDA250620P01880000,NVDA,2025-06-20,1880.00,put,979.32,956.00,946.00,41,966.00,41,0,0,2024-05-17,0.74169,-0.67437,0.00050,-0.09315,3.48278,-17.25882
NVDA250620C01890000,NVDA,2025-06-20,1890.00,call,29.55,28.50,28.10,2,28.90,11,0,10,2024-05-17,0.48804,0.15116,0.00050,-0.15462,2.26603,1.20007
NVDA250620P01890000,NVDA,2025-06-20,1890.00,put,0.00,966.00,956.00,41,976.00,41,0,0,2024-05-17,0.74169,-0.67683,0.00050,-0.09059,3.47195,-17.37556
NVDA250620C01900000,NVDA,2025-06-20,1900.00,call,31.40,27.95,27.55,7,28.35,6,0,35,2024-05-17,0.48804,0.14875,0.00049,-0.15290,2.24187,1.18198
NVDA250620P01900000,NVDA,2025-06-20,1900.00,put,0.00,975.00,966.00,40,984.00,40,0,0,2024-05-17,0.74169,-0.67927,0.00050,-0.08801,3.46104,-17.49222
NVDA250620C01910000,NVDA,2025-06-20,1910.00,call,31.15,27.48,27.10,21,27.85,5,0,31,2024-05-17,0.48804,0.14638,0.00049,-0.15119,2.21785,1.16416
NVDA250620P01910000,NVDA,2025-06-20,1910.00,put,0.00,985.00,976.00,40,994.00,1,0,0,2024-05-17,0.76120,-0.67010,0.00049,-0.09933,3.50121,-17.56575
NVDA250620C01920000,NVDA,2025-06-20,1920.00,call,25.50,26.95,26.65,3,27.25,5,0,58,2024-05-17,0.48804,0.14404,0.00048,-0.14950,2.19398,1.14659
NVDA250620P01920000,NVDA,2025-06-20,1920.00,put,0.00,995.00,986.00,41,1004.00,40,0,0,2024-05-17,0.76120,-0.67247,0.00049,-0.09681,3.49104,-17.68177
NVDA250620C01930000,NVDA,2025-06-20,1930.00,call,27.70,26.52,26.15,24,26.90,6,6,85,2024-05-17,0.48804,0.14175,0.00048,-0.14781,2.17027,1.12927
NVDA250620P01930000,NVDA,2025-06-20,1930.00,put,0.00,1005.00,996.00,41,1014.00,40,0,0,2024-05-17,0.76120,-0.67482,0.00049,-0.09428,3.48080,-17.79771
NVDA250620C01940000,NVDA,2025-06-20,1940.00,call,25.72,26.02,25.70,25,26.35,5,13,670,2024-05-17,0.48804,0.13948,0.00047,-0.14615,2.14671,1.11221
NVDA250620P01940000,NVDA,2025-06-20,1940.00,put,1068.00,1015.00,1006.00,41,1024.00,40,0,0,2024-05-17,0.76120,-0.67716,0.00049,-0.09175,3.47050,-17.91359
NVDA250919C00390000,NVDA,2025-09-19,390.00,call,583.59,572.42,564.55,12,580.30,46,1,3,2024-05-17,0.54657,0.96352,0.00014,-0.09427,0.85662,4.27419
NVDA250919P00390000,NVDA,2025-09-19,390.00,put,8.85,9.48,8.05,211,10.90,96,0,31,2024-05-17,0.52706,-0.03315,0.00013,-0.03674,0.79181,-0.53691
NVDA250919C00400000,NVDA,2025-09-19,400.00,call,562.00,562.88,555.65,40,570.10,40,1,3,2024-05-17,0.52706,0.96367,0.00014,-0.09387,0.85371,4.40838
NVDA250919P00400000,NVDA,2025-09-19,400.00,put,10.10,10.22,9.45,122,11.00,89,4,6,2024-05-17,0.52706,-0.03633,0.00014,-0.03949,0.85371,-0.59068
NVDA250919C00410000,NVDA,2025-09-19,410.00,call,0.00,556.38,551.50,32,561.25,36,0,0,2024-05-17,0.54657,0.95674,0.00016,-0.10281,0.98384,4.40719
NVDA250919P00410000,NVDA,2025-09-19,410.00,put,10.00,10.88,9.75,196,12.00,62,0,1,2024-05-17,0.52706,-0.03967,0.00015,-0.04229,0.91723,-0.64743
NVDA250919C00420000,NVDA,2025-09-19,420.00,call,0.00,547.92,543.10,30,552.75,34,0,0,2024-05-17,0.54657,0.95313,0.00017,-0.10714,1.04939,4.46933
NVDA250919P00420000,NVDA,2025-09-19,420.00,put,15.10,12.07,10.65,194,13.50,78,0,3,2024-05-17,0.52706,-0.04317,0.00016,-0.04513,0.98221,-0.70715
NVDA250919C00430000,NVDA,2025-09-19,430.00,call,0.00,539.53,534.60,33,544.45,32,0,0,2024-05-17,0.52706,0.95318,0.00017,-0.10647,1.04853,4.60415
NVDA250919P00430000,NVDA,2025-09-19,430.00,put,0.00,13.02,12.10,105,13.95,84,0,0,2024-05-17,0.50755,-0.04291,0.00017,-0.04306,0.97738,-0.69471
NVDA250919C00440000,NVDA,2025-09-19,440.00,call,0.00,530.35,526.45,31,534.25,2,0,0,2024-05-17,0.52706,0.94938,0.00018,-0.11075,1.11605,4.66348
NVDA250919P00440000,NVDA,2025-09-19,440.00,put,0.00,14.00,13.05,117,14.95,71,0,0,2024-05-17,0.50755,-0.04659,0.00018,-0.04586,1.04447,-0.75717
NVDA250919C00450000,NVDA,2025-09-19,450.00,call,539.07,522.28,518.35,26,526.20,2,1,0,2024-05-17,0.52706,0.94543,0.00020,-0.11505,1.18463,4.71988
NVDA250919P00450000,NVDA,2025-09-19,450.00,put,14.80,15.35,14.65,16,16.05,53,0,16,2024-05-17,0.50755,-0.05044,0.00019,-0.04869,1.11286,-0.82267
NVDA250919C00460000,NVDA,2025-09-19,460.00,call,0.00,514.98,510.10,28,519.85,27,0,0,2024-05-17,0.52706,0.94133,0.00021,-0.11937,1.25413,4.77337
NVDA250919P00460000,NVDA,2025-09-19,460.00,put,19.20,16.42,14.70,73,18.15,58,0,1,2024-05-17,0.50755,-0.05444,0.00020,-0.05154,1.18241,-0.89118
NVDA250919C00470000,NVDA,2025-09-19,470.00,call,472.87,505.80,502.00,27,509.60,2,0,1,2024-05-17,0.50755,0.94140,0.00022,-0.11831,1.25297,4.91120
NVDA250919P00470000,NVDA,2025-09-19,470.00,put,16.90,17.77,17.00,15,18.55,15,0,3,2024-05-17,0.50755,-0.05860,0.00022,-0.05442,1.25297,-0.96269
NVDA250919C00480000,NVDA,2025-09-19,480.00,call,0.00,498.45,494.05,26,502.85,4,0,0,2024-05-17,0.52706,0.93272,0.00023,-0.12804,1.39536,4.87172
NVDA250919P00480000,NVDA,2025-09-19,480.00,put,18.00,19.12,18.35,37,19.90,5,0,5,2024-05-17,0.50755,-0.06290,0.00023,-0.05731,1.32440,-1.03719
NVDA250919C00490000,NVDA,2025-09-19,490.00,call,0.00,490.10,486.10,28,494.10,2,0,0,2024-05-17,0.50755,0.93265,0.00024,-0.12682,1.39658,5.00922
NVDA250919P00490000,NVDA,2025-09-19,490.00,put,23.60,20.55,19.75,27,21.35,5,0,4,2024-05-17,0.50755,-0.06735,0.00024,-0.06021,1.39658,-1.11463
NVDA250919C00500000,NVDA,2025-09-19,500.00,call,494.19,482.10,478.25,36,485.95,2,1,8,2024-05-17,0.50755,0.92805,0.00025,-0.13107,1.46935,5.05384
NVDA250919P00500000,NVDA,2025-09-19,500.00,put,21.97,22.08,21.35,12,22.80,2,2,8,2024-05-17,0.50755,-0.07195,0.00025,-0.06310,1.46935,-1.19498
NVDA250919C00520000,NVDA,2025-09-19,520.00,call,0.00,466.55,462.85,25,470.25,2,0,0,2024-05-17,0.50755,0.91845,0.00028,-0.13955,1.61618,5.13449
NVDA250919P00520000,NVDA,2025-09-19,520.00,put,27.32,25.10,23.75,85,26.45,44,0,3,2024-05-17,0.50755,-0.08155,0.00028,-0.06886,1.61618,-1.36428
NVDA250919C00540000,NVDA,2025-09-19,540.00,call,0.00,452.48,447.75,21,457.20,16,0,0,2024-05-17,0.50755,0.90833,0.00030,-0.14796,1.76388,5.20398
NVDA250919P00540000,NVDA,2025-09-19,540.00,put,27.25,29.17,28.15,13,30.20,51,0,170,2024-05-17,0.50755,-0.09167,0.00030,-0.07455,1.76388,-1.54475
NVDA250919C00560000,NVDA,2025-09-19,560.00,call,320.50,436.62,432.90,23,440.35,6,0,2,2024-05-17,0.50755,0.89773,0.00033,-0.15624,1.91150,5.26268
NVDA250919P00560000,NVDA,2025-09-19,560.00,put,33.50,32.92,31.90,31,33.95,32,2,67,2024-05-17,0.50755,-0.10227,0.00033,-0.08011,1.91150,-1.73600
NVDA250919C00580000,NVDA,2025-09-19,580.00,call,440.66,421.73,418.45,36,425.00,33,0,4,2024-05-17,0.48804,0.89146,0.00036,-0.15837,1.99557,5.42349
NVDA250919P00580000,NVDA,2025-09-19,580.00,put,34.20,37.27,36.15,13,38.40,41,0,11,2024-05-17,0.48804,-0.10854,0.00036,-0.07953,1.99557,-1.82514
NVDA250919C00600000,NVDA,2025-09-19,600.00,call,382.00,407.68,404.60,36,410.75,31,0,2,2024-05-17,0.48804,0.87988,0.00038,-0.16626,2.14499,5.46428
NVDA250919P00600000,NVDA,2025-09-19,600.00,put,40.45,42.08,41.05,12,43.10,29,0,25,2024-05-17,0.48804,-0.12012,0.00038,-0.08469,2.14499,-2.03431
NVDA250919C00620000,NVDA,2025-09-19,620.00,call,383.48,393.95,390.70,19,397.20,10,0,4,2024-05-17,0.48804,0.86787,0.00041,-0.17393,2.29230,5.49492
NVDA250919P00620000,NVDA,2025-09-19,620.00,put,44.38,47.10,45.85,16,48.35,43,0,23,2024-05-17,0.48804,-0.13213,0.00041,-0.08964,2.29230,-2.25361
NVDA250919C00640000,NVDA,2025-09-19,640.00,call,381.60,380.50,377.15,16,383.85,20,1,0,2024-05-17,0.48804,0.85548,0.00043,-0.18135,2.43673,5.51592
NVDA250919P00640000,NVDA,2025-09-19,640.00,put,49.70,52.75,51.70,1,53.80,44,14,125,2024-05-17,0.48804,-0.14452,0.00043,-0.09434,2.43673,-2.48256
NVDA250919C00660000,NVDA,2025-09-19,660.00,call,278.55,367.50,364.15,14,370.85,29,0,2,2024-05-17,0.48804,0.84275,0.00046,-0.18849,2.57764,5.52778
NVDA250919P00660000,NVDA,2025-09-19,660.00,put,55.53,58.00,56.55,30,59.45,41,0,35,2024-05-17,0.48804,-0.15725,0.00046,-0.09877,2.57764,-2.72066
NVDA250919C00680000,NVDA,2025-09-19,680.00,call,281.00,354.73,351.45,26,358.00,12,0,1,2024-05-17,0.48804,0.82971,0.00048,-0.19534,2.71443,5.53101
NVDA250919P00680000,NVDA,2025-09-19,680.00,put,63.85,64.40,63.00,27,65.80,80,14,11,2024-05-17,0.48804,-0.17029,0.00048,-0.10290,2.71443,-2.96738
NVDA250919C00700000,NVDA,2025-09-19,700.00,call,359.13,342.58,339.35,45,345.80,15,0,6,2024-05-17,0.48804,0.81641,0.00051,-0.20187,2.84659,5.52614
NVDA250919P00700000,NVDA,2025-09-19,700.00,put,71.17,70.90,69.45,36,72.35,51,11,340,2024-05-17,0.48804,-0.18359,0.00051,-0.10671,2.84659,-3.22221
NVDA250919C00720000,NVDA,2025-09-19,720.00,call,337.50,330.50,327.15,14,333.85,25,3,3,2024-05-17,0.48804,0.80288,0.00053,-0.20806,2.97370,5.51366
NVDA250919P00720000,NVDA,2025-09-19,720.00,put,73.47,78.10,76.70,18,79.50,64,0,2,2024-05-17,0.48804,-0.19712,0.00053,-0.11019,2.97370,-3.48464
NVDA250919C00740000,NVDA,2025-09-19,740.00,call,296.69,318.80,315.50,10,322.10,33,0,4,2024-05-17,0.48804,0.78915,0.00055,-0.21391,3.09539,5.49411
NVDA250919P00740000,NVDA,2025-09-19,740.00,put,108.74,85.03,83.25,42,86.80,30,0,19,2024-05-17,0.48804,-0.21085,0.00055,-0.11331,3.09539,-3.75414
NVDA250919C00760000,NVDA,2025-09-19,760.00,call,285.00,308.02,304.25,11,311.80,13,0,575,2024-05-17,0.48804,0.77527,0.00057,-0.21940,3.21136,5.46797
NVDA250919P00760000,NVDA,2025-09-19,760.00,put,106.00,93.12,91.65,5,94.60,51,0,8,2024-05-17,0.48804,-0.22473,0.00057,-0.11609,3.21136,-4.03024
NVDA250919C00780000,NVDA,2025-09-19,780.00,call,280.93,296.65,293.30,63,300.00,38,0,145,2024-05-17,0.48804,0.76127,0.00059,-0.22453,3.32139,5.43573
NVDA250919P00780000,NVDA,2025-09-19,780.00,put,101.00,100.97,99.35,39,102.60,66,0,39,2024-05-17,0.48804,-0.23873,0.00059,-0.11850,3.32139,-4.31243
NVDA250919C00800000,NVDA,2025-09-19,800.00,call,292.31,287.18,285.00,3,289.35,15,2,143,2024-05-17,0.48804,0.74717,0.00061,-0.22929,3.42530,5.39787
NVDA250919P00800000,NVDA,2025-09-19,800.00,put,104.23,109.25,107.50,31,111.00,25,0,217,2024-05-17,0.48804,-0.25283,0.00061,-0.12054,3.42530,-4.60024
NVDA250919C00820000,NVDA,2025-09-19,820.00,call,275.55,276.77,273.40,28,280.15,74,7,59,2024-05-17,0.48804,0.73301,0.00063,-0.23369,3.52296,5.35485
NVDA250919P00820000,NVDA,2025-09-19,820.00,put,111.50,118.07,116.10,51,120.05,77,0,44,2024-05-17,0.48804,-0.26699,0.00063,-0.12222,3.52296,-4.89321
NVDA250919C00840000,NVDA,2025-09-19,840.00,call,273.10,266.23,263.20,42,269.25,46,2,6,2024-05-17,0.48804,0.71882,0.00065,-0.23772,3.61430,5.30710
NVDA250919P00840000,NVDA,2025-09-19,840.00,put,125.00,127.22,125.20,70,129.25,54,2,6,2024-05-17,0.48804,-0.28118,0.00065,-0.12353,3.61430,-5.19091
NVDA250919C00860000,NVDA,2025-09-19,860.00,call,272.31,256.68,253.65,22,259.70,15,0,29,2024-05-17,0.48804,0.70462,0.00066,-0.24139,3.69928,5.25505
NVDA250919P00860000,NVDA,2025-09-19,860.00,put,128.60,136.90,135.25,42,138.55,51,0,5,2024-05-17,0.48804,-0.29538,0.00066,-0.12447,3.69928,-5.49292
NVDA250919C00880000,NVDA,2025-09-19,880.00,call,268.15,247.45,244.40,26,250.50,45,0,24,2024-05-17,0.46853,0.68959,0.00070,-0.23835,3.78238,5.28770
NVDA250919P00880000,NVDA,2025-09-19,880.00,put,144.05,146.62,144.55,22,148.70,38,4,13,2024-05-17,0.48804,-0.30957,0.00067,-0.12506,3.77792,-5.79882
NVDA250919C00900000,NVDA,2025-09-19,900.00,call,257.00,238.22,235.00,42,241.45,14,0,15,2024-05-17,0.46853,0.67483,0.00072,-0.24122,3.85733,5.22257
NVDA250919P00900000,NVDA,2025-09-19,900.00,put,151.02,156.85,154.95,59,158.75,23,2,9,2024-05-17,0.48804,-0.32372,0.00069,-0.12530,3.85026,-6.10824
NVDA250919C00920000,NVDA,2025-09-19,920.00,call,237.98,229.53,226.05,14,233.00,72,1,17,2024-05-17,0.46853,0.66012,0.00073,-0.24374,3.92556,5.15404
NVDA250919P00920000,NVDA,2025-09-19,920.00,put,163.70,167.70,165.90,6,169.50,37,60,35,2024-05-17,0.48804,-0.33781,0.00070,-0.12519,3.91635,-6.42082
NVDA250919C00940000,NVDA,2025-09-19,940.00,call,227.35,221.30,218.05,29,224.55,29,11,32,2024-05-17,0.46853,0.64550,0.00074,-0.24591,3.98715,5.08250
NVDA250919P00940000,NVDA,2025-09-19,940.00,put,168.40,178.20,176.05,59,180.35,33,0,165,2024-05-17,0.48804,-0.35182,0.00071,-0.12475,3.97630,-6.73620
NVDA250919C00960000,NVDA,2025-09-19,960.00,call,231.55,213.02,209.60,6,216.45,28,0,56,2024-05-17,0.46853,0.63096,0.00075,-0.24773,4.04224,5.00831
NVDA250919P00960000,NVDA,2025-09-19,960.00,put,180.70,189.80,187.80,36,191.80,48,0,18,2024-05-17,0.48804,-0.36573,0.00072,-0.12397,4.03023,-7.05406
NVDA250919C00980000,NVDA,2025-09-19,980.00,call,221.00,205.45,203.15,16,207.75,24,0,81,2024-05-17,0.46853,0.61655,0.00076,-0.24923,4.09096,4.93181
NVDA250919P00980000,NVDA,2025-09-19,980.00,put,193.55,201.02,198.70,36,203.35,41,0,18,2024-05-17,0.48804,-0.37953,0.00073,-0.12288,4.07827,-7.37410
NVDA250919C01000000,NVDA,2025-09-19,1000.00,call,196.38,197.95,195.90,40,200.00,21,2,120,2024-05-17,0.46853,0.60226,0.00077,-0.25041,4.13347,4.85332
NVDA250919P01000000,NVDA,2025-09-19,1000.00,put,205.10,213.05,211.00,56,215.10,32,0,32,2024-05-17,0.48804,-0.39320,0.00074,-0.12149,4.12057,-7.69603
NVDA250919C01020000,NVDA,2025-09-19,1020.00,call,190.50,191.12,188.35,16,193.90,38,1,61,2024-05-17,0.46853,0.58813,0.00078,-0.25128,4.16997,4.77315
NVDA250919P01020000,NVDA,2025-09-19,1020.00,put,216.72,225.30,221.85,15,228.75,16,0,1,2024-05-17,0.50755,-0.40165,0.00071,-0.12690,4.14413,-8.06530
NVDA250919C01040000,NVDA,2025-09-19,1040.00,call,189.00,183.80,181.40,64,186.20,26,1,97,2024-05-17,0.46853,0.57415,0.00078,-0.25186,4.20063,4.69157
NVDA250919P01040000,NVDA,2025-09-19,1040.00,put,228.10,237.80,234.45,30,241.15,30,0,16,2024-05-17,0.50755,-0.41447,0.00072,-0.12508,4.17607,-8.38417
NVDA250919C01060000,NVDA,2025-09-19,1060.00,call,184.00,177.18,174.80,68,179.55,34,1,2,2024-05-17,0.46853,0.56035,0.00079,-0.25216,4.22568,4.60884
NVDA250919P01060000,NVDA,2025-09-19,1060.00,put,287.65,250.38,247.00,34,253.75,18,0,2,2024-05-17,0.50755,-0.42714,0.00072,-0.12301,4.20320,-8.70416
NVDA250919C01080000,NVDA,2025-09-19,1080.00,call,172.27,170.98,168.15,11,173.80,90,1,22,2024-05-17,0.46853,0.54674,0.00079,-0.25219,4.24532,4.52522
NVDA250919P01080000,NVDA,2025-09-19,1080.00,put,0.00,263.52,260.00,36,267.05,20,0,0,2024-05-17,0.50755,-0.43964,0.00073,-0.12068,4.22567,-9.02507
NVDA250919C01100000,NVDA,2025-09-19,1100.00,call,169.50,164.30,162.05,34,166.55,29,2,370,2024-05-17,0.46853,0.53333,0.00079,-0.25196,4.25977,4.44092
NVDA250919P01100000,NVDA,2025-09-19,1100.00,put,0.00,277.27,269.65,81,284.90,27,0,0,2024-05-17,0.50755,-0.45197,0.00073,-0.11811,4.24368,-9.34672
NVDA250919C01120000,NVDA,2025-09-19,1120.00,call,153.13,158.62,156.40,53,160.85,54,0,3,2024-05-17,0.46853,0.52011,0.00079,-0.25149,4.26926,4.35616
NVDA250919P01120000,NVDA,2025-09-19,1120.00,put,278.70,290.82,283.15,43,298.50,35,0,1,2024-05-17,0.50755,-0.46413,0.00073,-0.11532,4.25740,-9.66894
NVDA250919C01140000,NVDA,2025-09-19,1140.00,call,132.48,152.53,150.65,41,154.40,14,0,8,2024-05-17,0.46853,0.50712,0.00079,-0.25079,4.27401,4.27113
NVDA250919P01140000,NVDA,2025-09-19,1140.00,put,0.00,304.90,297.20,27,312.60,45,0,0,2024-05-17,0.50755,-0.47610,0.00073,-0.11231,4.26702,-9.99157
NVDA250919C01160000,NVDA,2025-09-19,1160.00,call,135.65,146.95,145.05,48,148.85,19,0,7,2024-05-17,0.46853,0.49434,0.00079,-0.24988,4.27426,4.18600
NVDA250919P01160000,NVDA,2025-09-19,1160.00,put,0.00,319.07,311.65,54,326.50,51,0,0,2024-05-17,0.50755,-0.48789,0.00073,-0.10909,4.27272,-10.31446
NVDA250919C01180000,NVDA,2025-09-19,1180.00,call,110.54,141.55,139.65,53,143.45,20,0,6,2024-05-17,0.46853,0.48178,0.00079,-0.24876,4.27023,4.10095
NVDA250919P01180000,NVDA,2025-09-19,1180.00,put,0.00,333.77,325.20,62,342.35,39,0,0,2024-05-17,0.50755,-0.49948,0.00073,-0.10568,4.27469,-10.63748
NVDA250919C01200000,NVDA,2025-09-19,1200.00,call,149.95,136.45,134.70,40,138.20,17,0,63,2024-05-17,0.46853,0.46945,0.00079,-0.24745,4.26215,4.01611
NVDA250919P01200000,NVDA,2025-09-19,1200.00,put,394.42,348.43,340.50,32,356.35,51,0,1,2024-05-17,0.52706,-0.50163,0.00071,-0.11071,4.27466,-10.95758
NVDA250919C01220000,NVDA,2025-09-19,1220.00,call,123.54,131.50,129.55,51,133.45,13,0,5,2024-05-17,0.46853,0.45736,0.00079,-0.24597,4.25025,3.93163
NVDA250919P01220000,NVDA,2025-09-19,1220.00,put,371.93,363.27,355.25,77,371.30,56,0,10,2024-05-17,0.52706,-0.51242,0.00071,-0.10714,4.27262,-11.27536
NVDA250919C01240000,NVDA,2025-09-19,1240.00,call,121.50,127.00,124.85,23,129.15,63,0,2,2024-05-17,0.46853,0.44549,0.00079,-0.24431,4.23473,3.84763
NVDA250919P01240000,NVDA,2025-09-19,1240.00,put,428.82,378.55,370.55,50,386.55,61,0,31,2024-05-17,0.52706,-0.52304,0.00071,-0.10341,4.26756,-11.59302
NVDA250919C01260000,NVDA,2025-09-19,1260.00,call,114.27,122.40,120.25,1,124.55,44,0,22,2024-05-17,0.46853,0.43387,0.00078,-0.24250,4.21583,3.76422
NVDA250919P01260000,NVDA,2025-09-19,1260.00,put,402.77,394.50,386.40,24,402.60,50,0,5,2024-05-17,0.52706,-0.53346,0.00070,-0.09953,4.25965,-11.91049
NVDA250919C01280000,NVDA,2025-09-19,1280.00,call,128.56,117.75,115.85,49,119.65,17,0,4,2024-05-17,0.46853,0.42249,0.00078,-0.24054,4.19375,3.68151
NVDA250919P01280000,NVDA,2025-09-19,1280.00,put,459.51,409.35,401.50,24,417.20,35,0,32,2024-05-17,0.52706,-0.54370,0.00070,-0.09551,4.24902,-12.22767
NVDA250919C01300000,NVDA,2025-09-19,1300.00,call,121.00,113.57,111.80,30,115.35,22,0,36,2024-05-17,0.46853,0.41134,0.00077,-0.23845,4.16869,3.59958
NVDA250919P01300000,NVDA,2025-09-19,1300.00,put,411.50,425.10,417.30,68,432.90,28,0,6,2024-05-17,0.52706,-0.55376,0.00070,-0.09136,4.23583,-12.54451
NVDA250919C01320000,NVDA,2025-09-19,1320.00,call,80.20,109.38,107.45,39,111.30,17,0,0,2024-05-17,0.46853,0.40043,0.00077,-0.23624,4.14086,3.51852
NVDA250919P01320000,NVDA,2025-09-19,1320.00,put,0.00,441.15,433.25,82,449.05,29,0,0,2024-05-17,0.54657,-0.55260,0.00068,-0.09672,4.23748,-12.83488
NVDA250919C01340000,NVDA,2025-09-19,1340.00,call,0.00,105.40,103.45,67,107.35,2,0,0,2024-05-17,0.46853,0.38977,0.00076,-0.23392,4.11045,3.43840
NVDA250919P01340000,NVDA,2025-09-19,1340.00,put,0.00,458.52,450.50,43,466.55,28,0,0,2024-05-17,0.54657,-0.56198,0.00067,-0.09253,4.22301,-13.14663
NVDA250919C01360000,NVDA,2025-09-19,1360.00,call,95.85,101.83,99.75,54,103.90,24,0,9,2024-05-17,0.46853,0.37934,0.00076,-0.23149,4.07765,3.35929
NVDA250919P01360000,NVDA,2025-09-19,1360.00,put,0.00,474.52,466.50,71,482.55,53,0,0,2024-05-17,0.54657,-0.57118,0.00067,-0.08822,4.20647,-13.45794
NVDA250919C01370000,NVDA,2025-09-19,1370.00,call,0.00,99.93,97.90,24,101.95,22,0,0,2024-05-17,0.46853,0.37421,0.00075,-0.23024,4.06041,3.32013
NVDA250919P01370000,NVDA,2025-09-19,1370.00,put,0.00,482.83,474.80,36,490.85,39,0,0,2024-05-17,0.54657,-0.57571,0.00067,-0.08602,4.19747,-13.61343
NVDA250919C01380000,NVDA,2025-09-19,1380.00,call,97.00,98.50,96.45,59,100.55,53,1,0,2024-05-17,0.46853,0.36915,0.00075,-0.22897,4.04264,3.28125
NVDA250919P01380000,NVDA,2025-09-19,1380.00,put,0.00,491.20,483.65,43,498.75,35,0,0,2024-05-17,0.54657,-0.58021,0.00067,-0.08381,4.18800,-13.76879
NVDA250919C01390000,NVDA,2025-09-19,1390.00,call,0.00,96.30,94.45,55,98.15,21,0,0,2024-05-17,0.46853,0.36414,0.00075,-0.22767,4.02436,3.24264
NVDA250919P01390000,NVDA,2025-09-19,1390.00,put,0.00,499.38,491.90,33,506.85,61,0,0,2024-05-17,0.54657,-0.58466,0.00067,-0.08156,4.17808,-13.92402
NVDA250919C01400000,NVDA,2025-09-19,1400.00,call,97.40,94.60,92.80,50,96.40,17,2,0,2024-05-17,0.46853,0.35919,0.00074,-0.22636,4.00559,3.20432
NVDA250919P01400000,NVDA,2025-09-19,1400.00,put,0.00,508.60,500.70,37,516.50,32,0,0,2024-05-17,0.56608,-0.57737,0.00065,-0.08951,4.19405,-14.04341
NVDA250919C01410000,NVDA,2025-09-19,1410.00,call,0.00,92.95,90.95,70,94.95,33,0,0,2024-05-17,0.46853,0.35430,0.00074,-0.22502,3.98635,3.16628
NVDA250919P01410000,NVDA,2025-09-19,1410.00,put,0.00,516.58,508.55,42,524.60,24,0,0,2024-05-17,0.56608,-0.58161,0.00064,-0.08731,4.18493,-14.19659
NVDA250919C01420000,NVDA,2025-09-19,1420.00,call,0.00,91.30,89.25,24,93.35,29,0,0,2024-05-17,0.46853,0.34947,0.00074,-0.22367,3.96667,3.12855
NVDA250919P01420000,NVDA,2025-09-19,1420.00,put,0.00,525.08,517.25,38,532.90,50,0,0,2024-05-17,0.56608,-0.58582,0.00064,-0.08510,4.17541,-14.34964
NVDA251219C00005000,NVDA,2025-12-19,5.00,call,942.78,922.17,916.80,5,927.55,5,0,37,2024-05-17,2.67335,0.99944,0.00000,-0.00559,0.02297,0.03325
NVDA251219P00005000,NVDA,2025-12-19,5.00,put,0.02,0.01,0.00,0,0.02,3,0,19,2024-05-17,1.26851,-0.00002,0.00000,-0.00010,0.00098,-0.00044
NVDA251219C00010000,NVDA,2025-12-19,10.00,call,777.84,917.52,912.15,5,922.90,5,0,2,2024-05-17,2.04897,0.99895,0.00000,-0.00815,0.04098,0.10067
NVDA251219P00010000,NVDA,2025-12-19,10.00,put,0.09,0.01,0.00,0,0.06,10,0,101,2024-05-17,1.09290,-0.00003,0.00000,-0.00012,0.00136,-0.00058
NVDA251219C00015000,NVDA,2025-12-19,15.00,call,0.00,912.97,907.55,5,918.40,5,0,0,2024-05-17,1.79532,0.99860,0.00000,-0.00978,0.05335,0.16794
NVDA251219P00015000,NVDA,2025-12-19,15.00,put,0.14,0.01,0.00,0,0.48,29,0,1,2024-05-17,0.97583,-0.00003,0.00000,-0.00011,0.00137,-0.00056
NVDA251219C00020000,NVDA,2025-12-19,20.00,call,0.00,908.48,902.95,5,914.00,5,0,0,2024-05-17,1.63923,0.99830,0.00000,-0.01117,0.06385,0.23552
NVDA251219P00020000,NVDA,2025-12-19,20.00,put,4.00,0.26,0.02,1,0.50,86,0,4,2024-05-17,1.20997,-0.00043,0.00000,-0.00180,0.01818,-0.01042
NVDA251219C00025000,NVDA,2025-12-19,25.00,call,0.00,903.65,898.15,5,909.15,5,0,0,2024-05-17,1.48313,0.99820,0.00000,-0.01145,0.06736,0.31099
NVDA251219P00025000,NVDA,2025-12-19,25.00,put,0.06,0.01,0.00,0,0.52,87,0,2,2024-05-17,0.85876,-0.00004,0.00000,-0.00013,0.00189,-0.00075
NVDA251219C00030000,NVDA,2025-12-19,30.00,call,0.00,899.17,893.80,5,904.55,5,0,0,2024-05-17,1.42460,0.99784,0.00000,-0.01318,0.07943,0.37487
NVDA251219P00030000,NVDA,2025-12-19,30.00,put,0.05,0.01,0.00,0,0.53,87,0,6,2024-05-17,0.80022,-0.00003,0.00000,-0.00011,0.00166,-0.00064
NVDA251219C00035000,NVDA,2025-12-19,35.00,call,0.00,894.58,889.20,5,899.95,5,0,0,2024-05-17,1.34655,0.99765,0.00000,-0.01402,0.08568,0.44542
NVDA251219P00035000,NVDA,2025-12-19,35.00,put,0.04,0.01,0.00,0,0.55,48,0,1,2024-05-17,0.76120,-0.00003,0.00000,-0.00011,0.00171,-0.00065
NVDA251219C00040000,NVDA,2025-12-19,40.00,call,0.00,890.02,884.65,5,895.40,5,0,0,2024-05-17,1.28802,0.99742,0.00001,-0.01503,0.09303,0.51442
NVDA251219P00040000,NVDA,2025-12-19,40.00,put,0.30,0.01,0.00,0,0.57,48,0,13,2024-05-17,0.74169,-0.00005,0.00000,-0.00013,0.00219,-0.00085
NVDA251219C00045000,NVDA,2025-12-19,45.00,call,0.00,885.53,880.10,5,890.95,5,0,0,2024-05-17,1.22948,0.99727,0.00001,-0.01573,0.09791,0.58582
NVDA251219P00045000,NVDA,2025-12-19,45.00,put,0.05,0.01,0.00,0,0.59,49,0,4,2024-05-17,0.70267,-0.00004,0.00000,-0.00011,0.00191,-0.00072
NVDA251219C00050000,NVDA,2025-12-19,50.00,call,800.50,880.95,875.95,5,885.95,5,0,22,2024-05-17,1.19046,0.99702,0.00001,-0.01687,0.10611,0.65364
NVDA251219P00050000,NVDA,2025-12-19,50.00,put,0.14,0.20,0.05,5,0.35,201,0,454,2024-05-17,0.87827,-0.00055,0.00000,-0.00161,0.02265,-0.01138
NVDA251219C00055000,NVDA,2025-12-19,55.00,call,0.00,876.27,870.90,5,881.65,5,0,0,2024-05-17,1.13192,0.99702,0.00001,-0.01704,0.10620,0.72934
NVDA251219P00055000,NVDA,2025-12-19,55.00,put,0.29,0.32,0.01,1,0.63,45,0,3,2024-05-17,0.89778,-0.00087,0.00000,-0.00249,0.03441,-0.01829
NVDA251219C00060000,NVDA,2025-12-19,60.00,call,672.64,871.67,866.30,5,877.05,5,0,0,2024-05-17,1.09290,0.99688,0.00001,-0.01775,0.11067,0.80053
NVDA251219P00060000,NVDA,2025-12-19,60.00,put,0.14,0.01,0.00,0,0.66,55,0,20,2024-05-17,0.64413,-0.00005,0.00000,-0.00013,0.00254,-0.00096
NVDA251219C00065000,NVDA,2025-12-19,65.00,call,540.17,867.12,861.70,5,872.55,5,0,8,2024-05-17,1.07339,0.99654,0.00001,-0.01916,0.12146,0.86578
NVDA251219P00065000,NVDA,2025-12-19,65.00,put,0.00,0.23,0.04,37,0.42,86,0,0,2024-05-17,0.80022,-0.00064,0.00000,-0.00169,0.02619,-0.01291
NVDA251219C00070000,NVDA,2025-12-19,70.00,call,0.00,862.45,857.00,11,867.90,5,0,0,2024-05-17,1.03437,0.99648,0.00001,-0.01958,0.12313,0.93945
NVDA251219P00070000,NVDA,2025-12-19,70.00,put,0.11,0.01,0.00,0,0.71,55,0,2,2024-05-17,0.60511,-0.00005,0.00000,-0.00012,0.00257,-0.00096
NVDA251219C00075000,NVDA,2025-12-19,75.00,call,709.08,857.92,852.55,5,863.30,5,0,6,2024-05-17,0.99534,0.99649,0.00001,-0.01984,0.12295,1.01456
NVDA251219P00075000,NVDA,2025-12-19,75.00,put,0.25,0.01,0.00,0,0.73,45,0,25,2024-05-17,0.58560,-0.00005,0.00000,-0.00012,0.00246,-0.00091
NVDA251219C00080000,NVDA,2025-12-19,80.00,call,414.55,853.45,848.00,5,858.90,5,0,2,2024-05-17,0.99534,0.99591,0.00001,-0.02193,0.14104,1.07337
NVDA251219P00080000,NVDA,2025-12-19,80.00,put,0.65,0.01,0.00,0,0.76,54,0,11,2024-05-17,0.56608,-0.00005,0.00000,-0.00010,0.00229,-0.00084
NVDA251219C00085000,NVDA,2025-12-19,85.00,call,464.49,848.77,843.40,5,854.15,5,0,8,2024-05-17,0.95632,0.99600,0.00001,-0.02194,0.13829,1.15075
NVDA251219P00085000,NVDA,2025-12-19,85.00,put,0.34,0.01,0.00,0,0.79,54,0,2,2024-05-17,0.56608,-0.00007,0.00000,-0.00014,0.00318,-0.00119
NVDA251219C00090000,NVDA,2025-12-19,90.00,call,406.41,844.10,838.60,5,849.60,5,0,1,2024-05-17,0.91729,0.99615,0.00001,-0.02182,0.13354,1.22946
NVDA251219P00090000,NVDA,2025-12-19,90.00,put,0.38,0.48,0.15,8,0.82,61,0,22,2024-05-17,0.76120,-0.00137,0.00001,-0.00319,0.05258,-0.02760
NVDA251219C00095000,NVDA,2025-12-19,95.00,call,371.25,839.62,834.25,5,845.00,5,0,1,2024-05-17,0.91729,0.99558,0.00001,-0.02375,0.15108,1.28916
NVDA251219P00095000,NVDA,2025-12-19,95.00,put,0.47,0.43,0.01,1,0.85,48,1,22,2024-05-17,0.74169,-0.00139,0.00001,-0.00314,0.05321,-0.02772
NVDA251219C00100000,NVDA,2025-12-19,100.00,call,843.13,835.08,830.20,5,839.95,5,0,2,2024-05-17,0.89778,0.99541,0.00001,-0.02455,0.15641,1.35927
NVDA251219P00100000,NVDA,2025-12-19,100.00,put,0.37,0.43,0.24,242,0.62,86,0,377,2024-05-17,0.72218,-0.00139,0.00001,-0.00306,0.05328,-0.02751
NVDA251219C00105000,NVDA,2025-12-19,105.00,call,402.65,830.55,825.15,5,835.95,5,0,1,2024-05-17,0.87827,0.99526,0.00001,-0.02528,0.16097,1.43001
NVDA251219P00105000,NVDA,2025-12-19,105.00,put,0.59,0.47,0.01,128,0.93,62,0,18,2024-05-17,0.70267,-0.00138,0.00001,-0.00295,0.05280,-0.02699
NVDA251219C00110000,NVDA,2025-12-19,110.00,call,786.10,825.92,820.55,5,831.30,5,0,2,2024-05-17,0.85876,0.99513,0.00001,-0.02595,0.16472,1.50141
NVDA251219P00110000,NVDA,2025-12-19,110.00,put,0.46,0.61,0.40,1,0.83,23,0,65,2024-05-17,0.72218,-0.00195,0.00001,-0.00415,0.07245,-0.03889
NVDA251219C00115000,NVDA,2025-12-19,115.00,call,0.00,821.38,816.00,5,826.75,5,0,0,2024-05-17,0.83925,0.99504,0.00001,-0.02654,0.16763,1.57348
NVDA251219P00115000,NVDA,2025-12-19,115.00,put,0.64,0.56,0.10,128,1.01,52,0,42,2024-05-17,0.70267,-0.00192,0.00001,-0.00397,0.07140,-0.03790
NVDA251219C00120000,NVDA,2025-12-19,120.00,call,745.10,816.83,811.45,5,822.20,5,0,72,2024-05-17,0.81974,0.99497,0.00002,-0.02707,0.16966,1.64623
NVDA251219P00120000,NVDA,2025-12-19,120.00,put,0.64,0.59,0.14,127,1.05,38,0,205,2024-05-17,0.68315,-0.00187,0.00001,-0.00376,0.06973,-0.03657
NVDA251219C00125000,NVDA,2025-12-19,125.00,call,753.02,812.20,806.75,11,817.65,5,0,1,2024-05-17,0.80022,0.99493,0.00002,-0.02754,0.17080,1.71965
NVDA251219P00125000,NVDA,2025-12-19,125.00,put,0.70,0.65,0.19,121,1.10,69,0,8,2024-05-17,0.68315,-0.00218,0.00001,-0.00431,0.07990,-0.04264
NVDA251219C00130000,NVDA,2025-12-19,130.00,call,0.00,807.65,802.15,11,813.15,5,0,0,2024-05-17,0.80022,0.99433,0.00002,-0.02931,0.18860,1.77946
NVDA251219P00130000,NVDA,2025-12-19,130.00,put,0.86,0.90,0.65,2,1.15,11,0,78,2024-05-17,0.70267,-0.00296,0.00001,-0.00584,0.10548,-0.05902
NVDA251219C00135000,NVDA,2025-12-19,135.00,call,759.36,803.05,797.55,11,808.55,5,0,88,2024-05-17,0.78071,0.99433,0.00002,-0.02968,0.18858,1.85388
NVDA251219P00135000,NVDA,2025-12-19,135.00,put,0.86,0.79,0.70,1,0.89,28,0,804,2024-05-17,0.66364,-0.00241,0.00001,-0.00458,0.08775,-0.04698
NVDA251219C00140000,NVDA,2025-12-19,140.00,call,758.00,798.75,793.25,5,804.25,5,0,36,2024-05-17,0.78071,0.99371,0.00002,-0.03145,0.20692,1.91317
NVDA251219P00140000,NVDA,2025-12-19,140.00,put,0.91,0.84,0.62,242,1.07,200,0,298,2024-05-17,0.66364,-0.00276,0.00001,-0.00516,0.09908,-0.05393
NVDA251219C00145000,NVDA,2025-12-19,145.00,call,664.17,794.08,788.70,5,799.45,5,0,21,2024-05-17,0.76120,0.99375,0.00002,-0.03171,0.20564,1.98868
NVDA251219P00145000,NVDA,2025-12-19,145.00,put,1.08,0.88,0.42,109,1.34,41,0,189,2024-05-17,0.66364,-0.00314,0.00001,-0.00579,0.11120,-0.06151
NVDA251219C00150000,NVDA,2025-12-19,150.00,call,734.30,789.67,784.70,5,794.65,5,0,58,2024-05-17,0.76120,0.99310,0.00002,-0.03349,0.22445,2.04752
NVDA251219P00150000,NVDA,2025-12-19,150.00,put,0.97,0.98,0.83,194,1.12,200,0,682,2024-05-17,0.64413,-0.00299,0.00001,-0.00537,0.10641,-0.05795
NVDA251219C00155000,NVDA,2025-12-19,155.00,call,646.21,784.92,779.40,5,790.45,5,0,69,2024-05-17,0.74169,0.99319,0.00002,-0.03364,0.22181,2.12419
NVDA251219P00155000,NVDA,2025-12-19,155.00,put,1.87,1.05,0.57,102,1.53,60,0,136,2024-05-17,0.64413,-0.00338,0.00001,-0.00598,0.11879,-0.06570
NVDA251219C00160000,NVDA,2025-12-19,160.00,call,712.93,780.48,775.10,5,785.85,5,0,183,2024-05-17,0.72218,0.99332,0.00002,-0.03375,0.21808,2.20159
NVDA251219P00160000,NVDA,2025-12-19,160.00,put,1.45,1.11,0.92,29,1.31,201,0,710,2024-05-17,0.64413,-0.00380,0.00002,-0.00663,0.13195,-0.07409
NVDA251219C00165000,NVDA,2025-12-19,165.00,call,679.26,776.00,770.60,5,781.40,5,0,23,2024-05-17,0.72218,0.99266,0.00002,-0.03546,0.23695,2.26055
NVDA251219P00165000,NVDA,2025-12-19,165.00,put,1.17,1.20,1.00,243,1.40,53,0,694,2024-05-17,0.64413,-0.00425,0.00002,-0.00732,0.14588,-0.08314
NVDA251219C00170000,NVDA,2025-12-19,170.00,call,631.57,771.45,766.10,5,776.80,5,0,20,2024-05-17,0.70267,0.99285,0.00002,-0.03547,0.23172,2.33918
NVDA251219P00170000,NVDA,2025-12-19,170.00,put,1.54,1.29,1.09,252,1.50,16,0,303,2024-05-17,0.62462,-0.00401,0.00002,-0.00674,0.13862,-0.07765
NVDA251219C00175000,NVDA,2025-12-19,175.00,call,614.00,767.05,761.55,5,772.55,5,0,50,2024-05-17,0.70267,0.99217,0.00003,-0.03717,0.25091,2.39789
NVDA251219P00175000,NVDA,2025-12-19,175.00,put,1.35,1.39,0.90,94,1.87,6,0,208,2024-05-17,0.62462,-0.00447,0.00002,-0.00741,0.15272,-0.08679
NVDA251219C00180000,NVDA,2025-12-19,180.00,call,598.35,762.52,757.05,6,768.00,6,0,31,2024-05-17,0.70267,0.99146,0.00003,-0.03890,0.27080,2.45580
NVDA251219P00180000,NVDA,2025-12-19,180.00,put,1.61,1.47,1.26,243,1.68,193,0,404,2024-05-17,0.62462,-0.00496,0.00002,-0.00812,0.16757,-0.09659
NVDA251219C00185000,NVDA,2025-12-19,185.00,call,739.54,758.02,752.55,6,763.50,6,0,88,2024-05-17,0.68315,0.99172,0.00003,-0.03876,0.26354,2.53631
NVDA251219P00185000,NVDA,2025-12-19,185.00,put,2.11,1.58,1.36,243,1.79,189,0,317,2024-05-17,0.62462,-0.00548,0.00002,-0.00886,0.18318,-0.10706
NVDA251219C00190000,NVDA,2025-12-19,190.00,call,752.55,753.52,748.05,6,759.00,6,2,113,2024-05-17,0.68315,0.99100,0.00003,-0.04048,0.28369,2.59404
NVDA251219P00190000,NVDA,2025-12-19,190.00,put,2.95,1.71,1.20,91,2.22,43,0,1010,2024-05-17,0.62462,-0.00604,0.00002,-0.00964,0.19953,-0.11823
NVDA251219C00195000,NVDA,2025-12-19,195.00,call,740.20,748.92,743.70,24,754.15,24,0,121,2024-05-17,0.66364,0.99132,0.00003,-0.04024,0.27472,2.67593
NVDA251219P00195000,NVDA,2025-12-19,195.00,put,2.09,1.81,1.59,243,2.02,31,0,481,2024-05-17,0.60511,-0.00567,0.00002,-0.00883,0.18882,-0.10980
NVDA251219C00200000,NVDA,2025-12-19,200.00,call,606.08,744.48,739.75,24,749.20,24,0,486,2024-05-17,0.66364,0.99058,0.00003,-0.04193,0.29508,2.73354
NVDA251219P00200000,NVDA,2025-12-19,200.00,put,1.85,1.90,1.80,5,2.00,10,12,3081,2024-05-17,0.60511,-0.00623,0.00002,-0.00958,0.20524,-0.12096
NVDA251219C00205000,NVDA,2025-12-19,205.00,call,590.38,739.98,734.75,24,745.20,24,0,63,2024-05-17,0.66364,0.98981,0.00003,-0.04365,0.31610,2.79037
NVDA251219P00205000,NVDA,2025-12-19,205.00,put,3.15,2.21,1.80,10,2.61,26,0,148,2024-05-17,0.60511,-0.00683,0.00003,-0.01036,0.22240,-0.13281
NVDA251219C00210000,NVDA,2025-12-19,210.00,call,690.47,735.50,730.30,24,740.70,24,0,84,2024-05-17,0.66364,0.98900,0.00004,-0.04540,0.33778,2.84642
NVDA251219P00210000,NVDA,2025-12-19,210.00,put,2.56,2.27,1.80,10,2.75,7,0,212,2024-05-17,0.60511,-0.00745,0.00003,-0.01118,0.24029,-0.14537
NVDA251219C00215000,NVDA,2025-12-19,215.00,call,595.00,731.02,725.80,24,736.25,24,0,140,2024-05-17,0.64413,0.98944,0.00004,-0.04496,0.32601,2.93116
NVDA251219P00215000,NVDA,2025-12-19,215.00,put,2.94,2.33,1.80,11,2.86,21,0,113,2024-05-17,0.60511,-0.00811,0.00003,-0.01203,0.25889,-0.15864
NVDA251219C00220000,NVDA,2025-12-19,220.00,call,721.21,726.58,721.35,24,731.80,24,2,194,2024-05-17,0.64413,0.98863,0.00004,-0.04669,0.34784,2.98717
NVDA251219P00220000,NVDA,2025-12-19,220.00,put,3.65,2.40,1.93,20,2.86,43,0,221,2024-05-17,0.58560,-0.00760,0.00003,-0.01097,0.24433,-0.14674
NVDA251219C00225000,NVDA,2025-12-19,225.00,call,633.30,722.12,716.90,24,727.35,24,0,65,2024-05-17,0.64413,0.98778,0.00004,-0.04844,0.37032,3.04239
NVDA251219P00225000,NVDA,2025-12-19,225.00,put,2.50,2.62,2.38,235,2.86,27,0,326,2024-05-17,0.58560,-0.00826,0.00003,-0.01178,0.26294,-0.15991
NVDA251219C00230000,NVDA,2025-12-19,230.00,call,668.20,717.67,712.45,24,722.90,24,0,212,2024-05-17,0.62462,0.98832,0.00004,-0.04785,0.35605,3.12947
NVDA251219P00230000,NVDA,2025-12-19,230.00,put,2.87,2.79,2.53,241,3.05,30,0,281,2024-05-17,0.58560,-0.00895,0.00004,-0.01263,0.28225,-0.17380
NVDA251219C00235000,NVDA,2025-12-19,235.00,call,663.48,713.23,708.00,24,718.45,24,0,85,2024-05-17,0.62462,0.98746,0.00004,-0.04957,0.37863,3.18472
NVDA251219P00235000,NVDA,2025-12-19,235.00,put,2.90,2.96,2.53,5,3.40,44,0,142,2024-05-17,0.58560,-0.00968,0.00004,-0.01350,0.30226,-0.18843
NVDA251219C00240000,NVDA,2025-12-19,240.00,call,681.80,708.77,703.55,24,714.00,24,0,247,2024-05-17,0.62462,0.98657,0.00005,-0.05132,0.40184,3.23919
NVDA251219P00240000,NVDA,2025-12-19,240.00,put,4.50,3.13,2.87,227,3.40,28,0,317,2024-05-17,0.58560,-0.01044,0.00004,-0.01441,0.32296,-0.20379
NVDA251219C00245000,NVDA,2025-12-19,245.00,call,543.40,704.35,699.15,24,709.55,24,0,121,2024-05-17,0.62462,0.98564,0.00005,-0.05309,0.42566,3.29288
NVDA251219P00245000,NVDA,2025-12-19,245.00,put,4.65,3.41,2.87,5,3.95,50,0,176,2024-05-17,0.58560,-0.01124,0.00004,-0.01534,0.34433,-0.21990
NVDA251219C00250000,NVDA,2025-12-19,250.00,call,722.94,699.92,695.20,24,704.65,24,0,608,2024-05-17,0.60511,0.98632,0.00005,-0.05230,0.40821,3.38329
NVDA251219P00250000,NVDA,2025-12-19,250.00,put,3.40,3.40,2.94,7,3.85,2,2,2299,2024-05-17,0.58560,-0.01207,0.00005,-0.01629,0.36637,-0.23677
NVDA251219C00255000,NVDA,2025-12-19,255.00,call,563.01,695.52,690.30,24,700.75,24,0,148,2024-05-17,0.60511,0.98538,0.00005,-0.05403,0.43211,3.43707
NVDA251219P00255000,NVDA,2025-12-19,255.00,put,5.00,3.67,3.40,231,3.95,19,0,338,2024-05-17,0.58560,-0.01294,0.00005,-0.01727,0.38905,-0.25440
NVDA251219C00260000,NVDA,2025-12-19,260.00,call,562.56,691.10,685.90,24,696.30,24,0,165,2024-05-17,0.60511,0.98442,0.00006,-0.05579,0.45660,3.49007
NVDA251219P00260000,NVDA,2025-12-19,260.00,put,3.75,3.88,3.60,217,4.15,49,0,666,2024-05-17,0.56608,-0.01214,0.00005,-0.01578,0.36822,-0.23566
NVDA251219C00265000,NVDA,2025-12-19,265.00,call,583.59,686.70,681.50,24,691.90,24,0,171,2024-05-17,0.60511,0.98341,0.00006,-0.05758,0.48167,3.54228
NVDA251219P00265000,NVDA,2025-12-19,265.00,put,4.65,4.05,3.75,44,4.35,38,0,133,2024-05-17,0.56608,-0.01301,0.00005,-0.01672,0.39088,-0.25308
NVDA251219C00270000,NVDA,2025-12-19,270.00,call,667.79,682.30,677.10,24,687.50,24,0,206,2024-05-17,0.60511,0.98238,0.00006,-0.05939,0.50731,3.59370
NVDA251219P00270000,NVDA,2025-12-19,270.00,put,5.05,4.28,3.95,44,4.60,39,0,97,2024-05-17,0.56608,-0.01391,0.00005,-0.01769,0.41419,-0.27127
NVDA251219C00275000,NVDA,2025-12-19,275.00,call,575.00,678.12,673.50,6,682.75,9,0,293,2024-05-17,0.60511,0.98130,0.00006,-0.06121,0.53348,3.64433
NVDA251219P00275000,NVDA,2025-12-19,275.00,put,6.90,4.50,4.20,207,4.80,47,0,241,2024-05-17,0.56608,-0.01485,0.00006,-0.01868,0.43812,-0.29023
NVDA251219C00280000,NVDA,2025-12-19,280.00,call,653.55,673.45,669.15,6,677.75,13,0,550,2024-05-17,0.58560,0.98220,0.00006,-0.06010,0.51170,3.74023
NVDA251219P00280000,NVDA,2025-12-19,280.00,put,5.15,4.72,4.20,62,5.25,63,0,2238,2024-05-17,0.56608,-0.01583,0.00006,-0.01970,0.46268,-0.30997
NVDA251219C00285000,NVDA,2025-12-19,285.00,call,620.00,668.45,664.15,27,672.75,5,0,172,2024-05-17,0.56608,0.98316,0.00006,-0.05897,0.48783,3.83707
NVDA251219P00285000,NVDA,2025-12-19,285.00,put,4.80,4.97,4.70,202,5.25,37,0,60,2024-05-17,0.56608,-0.01684,0.00006,-0.02073,0.48783,-0.33049
NVDA251219C00290000,NVDA,2025-12-19,290.00,call,623.60,664.83,659.60,24,670.05,24,0,196,2024-05-17,0.58560,0.98001,0.00007,-0.06370,0.56477,3.84102
NVDA251219P00290000,NVDA,2025-12-19,290.00,put,5.00,5.22,4.95,202,5.50,46,0,208,2024-05-17,0.56608,-0.01788,0.00007,-0.02179,0.51358,-0.35181
NVDA251219C00295000,NVDA,2025-12-19,295.00,call,667.15,660.40,656.35,4,664.45,2,1,147,2024-05-17,0.58560,0.97886,0.00007,-0.06553,0.59209,3.89021
NVDA251219P00295000,NVDA,2025-12-19,295.00,put,5.35,5.50,5.20,201,5.80,47,0,148,2024-05-17,0.56608,-0.01896,0.00007,-0.02287,0.53989,-0.37391
NVDA251219C00300000,NVDA,2025-12-19,300.00,call,655.00,656.12,651.85,6,660.40,10,2,1057,2024-05-17,0.56608,0.97992,0.00007,-0.06421,0.56676,3.99009
NVDA251219P00300000,NVDA,2025-12-19,300.00,put,5.75,5.75,5.55,132,5.95,32,10,724,2024-05-17,0.54657,-0.01785,0.00007,-0.02093,0.51278,-0.34724
NVDA251219C00305000,NVDA,2025-12-19,305.00,call,607.63,651.12,646.85,16,655.40,4,0,212,2024-05-17,0.56608,0.97877,0.00008,-0.06600,0.59417,4.03951
NVDA251219P00305000,NVDA,2025-12-19,305.00,put,6.78,6.07,5.85,104,6.30,17,0,297,2024-05-17,0.54657,-0.01893,0.00007,-0.02197,0.53911,-0.36906
NVDA251219C00310000,NVDA,2025-12-19,310.00,call,645.15,647.95,643.15,4,652.75,28,1,626,2024-05-17,0.58560,0.97521,0.00008,-0.07112,0.67704,4.03301
NVDA251219P00310000,NVDA,2025-12-19,310.00,put,7.00,6.40,5.90,5,6.90,65,0,1089,2024-05-17,0.54657,-0.02004,0.00008,-0.02303,0.56600,-0.39168
NVDA251219C00315000,NVDA,2025-12-19,315.00,call,636.75,643.45,638.70,3,648.20,13,0,99,2024-05-17,0.56608,0.97636,0.00008,-0.06963,0.65053,4.13593
NVDA251219P00315000,NVDA,2025-12-19,315.00,put,7.55,6.60,6.30,201,6.90,35,0,252,2024-05-17,0.54657,-0.02120,0.00008,-0.02411,0.59345,-0.41510
NVDA251219C00320000,NVDA,2025-12-19,320.00,call,584.35,638.83,634.45,6,643.20,13,0,95,2024-05-17,0.56608,0.97511,0.00009,-0.07147,0.67946,4.18294
NVDA251219P00320000,NVDA,2025-12-19,320.00,put,7.35,6.95,6.75,94,7.15,17,0,629,2024-05-17,0.54657,-0.02239,0.00008,-0.02520,0.62145,-0.43933
NVDA251219C00325000,NVDA,2025-12-19,325.00,call,591.00,634.17,630.15,6,638.20,5,0,178,2024-05-17,0.54657,0.97639,0.00009,-0.06991,0.64996,4.28812
NVDA251219P00325000,NVDA,2025-12-19,325.00,put,8.10,7.35,6.75,25,7.95,52,0,1226,2024-05-17,0.54657,-0.02361,0.00009,-0.02631,0.64996,-0.46436
NVDA251219C00330000,NVDA,2025-12-19,330.00,call,651.10,630.60,625.85,6,635.35,14,0,103,2024-05-17,0.56608,0.97249,0.00010,-0.07520,0.73870,4.27454
NVDA251219P00330000,NVDA,2025-12-19,330.00,put,8.05,7.52,6.85,45,8.20,61,0,2274,2024-05-17,0.54657,-0.02487,0.00009,-0.02744,0.67899,-0.49021
NVDA251219C00335000,NVDA,2025-12-19,335.00,call,602.00,625.60,620.85,70,630.35,14,0,120,2024-05-17,0.54657,0.97383,0.00010,-0.07352,0.70850,4.38185
NVDA251219P00335000,NVDA,2025-12-19,335.00,put,10.50,7.90,7.60,184,8.20,17,0,152,2024-05-17,0.54657,-0.02617,0.00010,-0.02858,0.70850,-0.51686
NVDA251219C00340000,NVDA,2025-12-19,340.00,call,642.63,621.00,616.65,65,625.35,6,0,168,2024-05-17,0.54657,0.97250,0.00010,-0.07535,0.73849,4.42749
NVDA251219P00340000,NVDA,2025-12-19,340.00,put,12.50,8.27,7.60,58,8.95,64,0,1344,2024-05-17,0.54657,-0.02750,0.00010,-0.02974,0.73849,-0.54433
NVDA251219C00345000,NVDA,2025-12-19,345.00,call,599.60,617.85,613.05,6,622.65,34,0,60,2024-05-17,0.54657,0.97113,0.00010,-0.07720,0.76894,4.47233
NVDA251219P00345000,NVDA,2025-12-19,345.00,put,10.16,8.60,8.30,194,8.90,17,0,189,2024-05-17,0.54657,-0.02887,0.00010,-0.03092,0.76894,-0.57261
NVDA251219C00350000,NVDA,2025-12-19,350.00,call,587.88,613.33,609.00,6,617.65,25,0,289,2024-05-17,0.54657,0.96973,0.00011,-0.07905,0.79982,4.51635
NVDA251219P00350000,NVDA,2025-12-19,350.00,put,9.20,9.00,8.85,8,9.15,8,3,1451,2024-05-17,0.52706,-0.02735,0.00010,-0.02844,0.73514,-0.53488
NVDA251219C00355000,NVDA,2025-12-19,355.00,call,604.69,608.78,604.60,6,612.95,2,0,294,2024-05-17,0.54657,0.96829,0.00011,-0.08092,0.83113,4.55956
NVDA251219P00355000,NVDA,2025-12-19,355.00,put,11.96,9.43,8.85,37,10.00,60,0,873,2024-05-17,0.52706,-0.02872,0.00011,-0.02957,0.76572,-0.56286
NVDA251219C00360000,NVDA,2025-12-19,360.00,call,565.00,604.80,599.65,24,609.95,12,0,386,2024-05-17,0.54657,0.96682,0.00012,-0.08280,0.86284,4.60195
NVDA251219P00360000,NVDA,2025-12-19,360.00,put,9.70,9.80,9.60,101,10.00,5,1,463,2024-05-17,0.52706,-0.03013,0.00011,-0.03071,0.79676,-0.59166
NVDA251219C00365000,NVDA,2025-12-19,365.00,call,558.80,600.58,595.35,40,605.80,28,0,511,2024-05-17,0.54657,0.96531,0.00012,-0.08469,0.89493,4.64354
NVDA251219P00365000,NVDA,2025-12-19,365.00,put,14.59,10.20,9.60,66,10.80,35,0,1130,2024-05-17,0.52706,-0.03157,0.00012,-0.03187,0.82824,-0.62129
NVDA251219C00370000,NVDA,2025-12-19,370.00,call,613.00,597.08,592.35,5,601.80,20,1,378,2024-05-17,0.54657,0.96377,0.00012,-0.08660,0.92740,4.68432
NVDA251219P00370000,NVDA,2025-12-19,370.00,put,12.93,10.65,10.45,84,10.85,17,0,567,2024-05-17,0.52706,-0.03306,0.00012,-0.03304,0.86016,-0.65174
NVDA251219C00375000,NVDA,2025-12-19,375.00,call,575.90,591.92,587.05,24,596.80,25,0,351,2024-05-17,0.52706,0.96543,0.00012,-0.08452,0.89248,4.80062
NVDA251219P00375000,NVDA,2025-12-19,375.00,put,15.88,11.10,10.90,80,11.30,17,0,477,2024-05-17,0.52706,-0.03457,0.00012,-0.03422,0.89248,-0.68301
NVDA251219C00380000,NVDA,2025-12-19,380.00,call,596.30,588.12,583.00,24,593.25,10,3,338,2024-05-17,0.52706,0.96388,0.00013,-0.08638,0.92520,4.84164
NVDA251219P00380000,NVDA,2025-12-19,380.00,put,11.50,11.57,11.35,83,11.80,35,2,578,2024-05-17,0.52706,-0.03612,0.00013,-0.03541,0.92520,-0.71510
NVDA251219C00385000,NVDA,2025-12-19,385.00,call,535.48,583.03,578.85,24,587.20,9,0,242,2024-05-17,0.52706,0.96229,0.00013,-0.08825,0.95830,4.88184
NVDA251219P00385000,NVDA,2025-12-19,385.00,put,13.60,12.02,11.70,158,12.35,34,0,123,2024-05-17,0.52706,-0.03771,0.00013,-0.03660,0.95830,-0.74802
NVDA251219C00390000,NVDA,2025-12-19,390.00,call,546.62,578.17,574.15,40,582.20,8,0,872,2024-05-17,0.50755,0.96415,0.00013,-0.08605,0.91948,5.00214
NVDA251219P00390000,NVDA,2025-12-19,390.00,put,11.99,12.52,12.20,166,12.85,17,0,87,2024-05-17,0.52706,-0.03933,0.00014,-0.03781,0.99175,-0.78176
NVDA251219C00395000,NVDA,2025-12-19,395.00,call,448.05,575.80,574.20,5,577.40,2,0,655,2024-05-17,0.52706,0.95901,0.00014,-0.09202,1.02554,4.95978
NVDA251219P00395000,NVDA,2025-12-19,395.00,put,13.44,13.02,12.70,154,13.35,34,0,64,2024-05-17,0.52706,-0.04099,0.00014,-0.03903,1.02554,-0.81631
NVDA251219C00400000,NVDA,2025-12-19,400.00,call,579.64,571.62,570.10,2,573.15,2,2,711,2024-05-17,0.52706,0.95732,0.00015,-0.09391,1.05965,4.99752
NVDA251219P00400000,NVDA,2025-12-19,400.00,put,14.01,13.43,12.85,29,14.00,1,0,2098,2024-05-17,0.52706,-0.04268,0.00015,-0.04025,1.05965,-0.85168
NVDA251219C00410000,NVDA,2025-12-19,410.00,call,553.82,563.50,561.85,2,565.15,2,0,629,2024-05-17,0.52706,0.95384,0.00016,-0.09772,1.12878,5.07058
NVDA251219P00410000,NVDA,2025-12-19,410.00,put,15.00,14.70,14.45,72,14.95,16,0,392,2024-05-17,0.52706,-0.04616,0.00016,-0.04271,1.12878,-0.92486
NVDA251219C00415000,NVDA,2025-12-19,415.00,call,549.77,559.50,557.90,5,561.10,2,0,136,2024-05-17,0.52706,0.95205,0.00016,-0.09963,1.16376,5.10589
NVDA251219P00415000,NVDA,2025-12-19,415.00,put,19.62,15.23,14.90,138,15.55,16,0,151,2024-05-17,0.52706,-0.04795,0.00016,-0.04395,1.16376,-0.96266
NVDA251219C00420000,NVDA,2025-12-19,420.00,call,519.76,555.47,553.90,1,557.05,2,0,572,2024-05-17,0.52706,0.95023,0.00017,-0.10154,1.19899,5.14041
NVDA251219P00420000,NVDA,2025-12-19,420.00,put,16.08,15.88,15.60,65,16.15,16,0,282,2024-05-17,0.52706,-0.04977,0.00017,-0.04520,1.19899,-1.00126
NVDA251219C00425000,NVDA,2025-12-19,425.00,call,549.70,551.42,549.85,2,553.00,2,0,319,2024-05-17,0.52706,0.94837,0.00017,-0.10346,1.23446,5.17412
NVDA251219P00425000,NVDA,2025-12-19,425.00,put,15.90,16.45,15.60,53,17.30,46,0,1047,2024-05-17,0.52706,-0.05163,0.00017,-0.04645,1.23446,-1.04066
NVDA251219C00430000,NVDA,2025-12-19,430.00,call,557.00,547.25,544.80,9,549.70,13,0,940,2024-05-17,0.52706,0.94648,0.00018,-0.10538,1.27015,5.20704
NVDA251219P00430000,NVDA,2025-12-19,430.00,put,16.40,17.07,16.25,20,17.90,36,0,2006,2024-05-17,0.50755,-0.04962,0.00017,-0.04320,1.19607,-0.98520
NVDA251219C00435000,NVDA,2025-12-19,435.00,call,399.85,543.50,541.95,5,545.05,2,0,575,2024-05-17,0.52706,0.94456,0.00018,-0.10730,1.30605,5.23917
NVDA251219P00435000,NVDA,2025-12-19,435.00,put,22.78,17.70,17.35,44,18.05,15,0,78,2024-05-17,0.50755,-0.05150,0.00018,-0.04441,1.23200,-1.02447
NVDA251219C00440000,NVDA,2025-12-19,440.00,call,535.40,539.52,538.00,1,541.05,2,0,540,2024-05-17,0.52706,0.94261,0.00019,-0.10923,1.34213,5.27052
NVDA251219P00440000,NVDA,2025-12-19,440.00,put,17.55,18.40,18.10,43,18.70,30,0,137,2024-05-17,0.50755,-0.05341,0.00018,-0.04563,1.26817,-1.06455
NVDA251219C00445000,NVDA,2025-12-19,445.00,call,525.90,535.58,534.00,2,537.15,2,0,339,2024-05-17,0.52706,0.94063,0.00019,-0.11115,1.37838,5.30108
NVDA251219P00445000,NVDA,2025-12-19,445.00,put,22.60,19.12,18.85,18,19.40,30,0,169,2024-05-17,0.50755,-0.05536,0.00019,-0.04684,1.30458,-1.10545
NVDA251219C00450000,NVDA,2025-12-19,450.00,call,534.60,531.75,527.75,1,535.75,2,40,1207,2024-05-17,0.50755,0.94267,0.00019,-0.10843,1.34119,5.43321
NVDA251219P00450000,NVDA,2025-12-19,450.00,put,19.00,19.88,18.95,20,20.80,30,0,1049,2024-05-17,0.50755,-0.05733,0.00019,-0.04806,1.34119,-1.14715
NVDA251219C00455000,NVDA,2025-12-19,455.00,call,419.50,527.75,526.20,5,529.30,2,0,440,2024-05-17,0.50755,0.94065,0.00020,-0.11031,1.37800,5.46381
NVDA251219P00455000,NVDA,2025-12-19,455.00,put,19.95,20.48,20.10,38,20.85,14,0,101,2024-05-17,0.50755,-0.05935,0.00020,-0.04928,1.37800,-1.18966
NVDA251219C00460000,NVDA,2025-12-19,460.00,call,534.00,523.88,522.35,5,525.40,2,2,431,2024-05-17,0.50755,0.93861,0.00020,-0.11220,1.41498,5.49362
NVDA251219P00460000,NVDA,2025-12-19,460.00,put,23.25,21.20,21.00,25,21.40,8,0,519,2024-05-17,0.50755,-0.06139,0.00020,-0.05049,1.41498,-1.23296
NVDA251219C00465000,NVDA,2025-12-19,465.00,call,538.55,520.00,518.45,6,521.55,3,0,243,2024-05-17,0.50755,0.93654,0.00021,-0.11409,1.45212,5.52264
NVDA251219P00465000,NVDA,2025-12-19,465.00,put,21.10,22.00,21.80,25,22.20,7,0,565,2024-05-17,0.50755,-0.06346,0.00021,-0.05171,1.45212,-1.27707
NVDA251219C00470000,NVDA,2025-12-19,470.00,call,525.16,516.17,514.65,6,517.70,3,6,338,2024-05-17,0.50755,0.93443,0.00022,-0.11598,1.48941,5.55086
NVDA251219P00470000,NVDA,2025-12-19,470.00,put,21.60,22.80,22.60,5,23.00,8,0,503,2024-05-17,0.50755,-0.06557,0.00022,-0.05293,1.48941,-1.32195
NVDA251219C00475000,NVDA,2025-12-19,475.00,call,520.00,512.33,510.75,3,513.90,3,0,322,2024-05-17,0.50755,0.93230,0.00022,-0.11786,1.52683,5.57831
NVDA251219P00475000,NVDA,2025-12-19,475.00,put,22.45,23.58,22.60,24,24.55,31,0,1506,2024-05-17,0.50755,-0.06770,0.00022,-0.05414,1.52683,-1.36763
NVDA251219C00480000,NVDA,2025-12-19,480.00,call,524.07,508.52,507.00,10,510.05,3,0,715,2024-05-17,0.50755,0.93013,0.00023,-0.11975,1.56435,5.60497
NVDA251219P00480000,NVDA,2025-12-19,480.00,put,22.95,24.40,23.40,26,25.40,35,0,1188,2024-05-17,0.50755,-0.06987,0.00023,-0.05536,1.56435,-1.41408
NVDA251219C00485000,NVDA,2025-12-19,485.00,call,512.00,504.73,503.20,6,506.25,3,2,231,2024-05-17,0.50755,0.92793,0.00023,-0.12163,1.60198,5.63087
NVDA251219P00485000,NVDA,2025-12-19,485.00,put,24.00,25.23,24.85,40,25.60,27,0,100,2024-05-17,0.50755,-0.07207,0.00023,-0.05657,1.60198,-1.46130
NVDA251219C00490000,NVDA,2025-12-19,490.00,call,398.83,500.92,499.40,6,502.45,3,0,305,2024-05-17,0.50755,0.92571,0.00024,-0.12351,1.63969,5.65599
NVDA251219P00490000,NVDA,2025-12-19,490.00,put,25.00,26.15,25.85,25,26.45,13,0,154,2024-05-17,0.50755,-0.07429,0.00024,-0.05777,1.63969,-1.50928
NVDA251219C00495000,NVDA,2025-12-19,495.00,call,433.16,497.07,495.50,3,498.65,2,0,335,2024-05-17,0.50755,0.92346,0.00024,-0.12538,1.67746,5.68037
NVDA251219P00495000,NVDA,2025-12-19,495.00,put,33.23,26.98,26.60,39,27.35,26,0,232,2024-05-17,0.50755,-0.07654,0.00024,-0.05898,1.67746,-1.55803
NVDA251219C00500000,NVDA,2025-12-19,500.00,call,473.44,494.02,490.55,12,497.50,15,0,812,2024-05-17,0.50755,0.92117,0.00025,-0.12725,1.71529,5.70398
NVDA251219P00500000,NVDA,2025-12-19,500.00,put,28.10,28.33,27.60,5,29.05,23,3,2412,2024-05-17,0.50755,-0.07883,0.00025,-0.06017,1.71529,-1.60752
NVDA251219C00505000,NVDA,2025-12-19,505.00,call,403.05,489.70,488.15,3,491.25,3,0,200,2024-05-17,0.50755,0.91886,0.00025,-0.12911,1.75316,5.72686
NVDA251219P00505000,NVDA,2025-12-19,505.00,put,28.90,28.77,28.35,36,29.20,25,1,182,2024-05-17,0.50755,-0.08114,0.00025,-0.06137,1.75316,-1.65777
NVDA251219C00510000,NVDA,2025-12-19,510.00,call,395.30,486.02,484.50,6,487.55,3,0,640,2024-05-17,0.50755,0.91653,0.00026,-0.13097,1.79105,5.74899
NVDA251219P00510000,NVDA,2025-12-19,510.00,put,30.24,29.73,29.35,30,30.10,12,0,277,2024-05-17,0.50755,-0.08347,0.00026,-0.06256,1.79105,-1.70875
NVDA251219C00515000,NVDA,2025-12-19,515.00,call,444.75,482.35,480.85,6,483.85,3,0,189,2024-05-17,0.50755,0.91416,0.00026,-0.13282,1.82895,5.77039
NVDA251219P00515000,NVDA,2025-12-19,515.00,put,36.40,30.70,29.60,23,31.80,22,0,801,2024-05-17,0.50755,-0.08584,0.00026,-0.06374,1.82895,-1.76046
NVDA251219C00520000,NVDA,2025-12-19,520.00,call,385.79,478.73,477.20,1,480.25,3,0,555,2024-05-17,0.50755,0.91177,0.00027,-0.13467,1.86685,5.79107
NVDA251219P00520000,NVDA,2025-12-19,520.00,put,40.50,31.73,31.35,23,32.10,24,0,169,2024-05-17,0.50755,-0.08823,0.00027,-0.06491,1.86685,-1.81290
NVDA251219C00525000,NVDA,2025-12-19,525.00,call,334.55,475.02,473.50,3,476.55,3,0,167,2024-05-17,0.50755,0.90936,0.00028,-0.13651,1.90473,5.81103
NVDA251219P00525000,NVDA,2025-12-19,525.00,put,31.75,32.78,32.45,5,33.10,24,0,203,2024-05-17,0.50755,-0.09064,0.00028,-0.06608,1.90473,-1.86606
NVDA251219C00530000,NVDA,2025-12-19,530.00,call,455.00,471.38,469.80,3,472.95,3,0,386,2024-05-17,0.50755,0.90692,0.00028,-0.13834,1.94259,5.83027
NVDA251219P00530000,NVDA,2025-12-19,530.00,put,33.53,33.78,33.45,9,34.10,12,0,202,2024-05-17,0.50755,-0.09308,0.00028,-0.06724,1.94259,-1.91992
NVDA251219C00535000,NVDA,2025-12-19,535.00,call,453.33,467.83,466.30,3,469.35,3,0,571,2024-05-17,0.50755,0.90445,0.00029,-0.14016,1.98040,5.84882
NVDA251219P00535000,NVDA,2025-12-19,535.00,put,50.85,34.75,34.40,18,35.10,23,0,324,2024-05-17,0.50755,-0.09555,0.00029,-0.06839,1.98040,-1.97449
NVDA251219C00540000,NVDA,2025-12-19,540.00,call,483.46,464.25,462.70,3,465.80,5,0,215,2024-05-17,0.50755,0.90196,0.00029,-0.14197,2.01816,5.86667
NVDA251219P00540000,NVDA,2025-12-19,540.00,put,34.16,35.78,35.45,18,36.10,11,0,685,2024-05-17,0.50755,-0.09804,0.00029,-0.06953,2.01816,-2.02976
NVDA251219C00545000,NVDA,2025-12-19,545.00,call,350.70,460.73,459.20,6,462.25,6,0,55,2024-05-17,0.50755,0.89945,0.00030,-0.14377,2.05585,5.88383
NVDA251219P00545000,NVDA,2025-12-19,545.00,put,43.05,36.80,36.35,33,37.25,9,0,118,2024-05-17,0.50755,-0.10055,0.00030,-0.07066,2.05585,-2.08571
NVDA251219C00550000,NVDA,2025-12-19,550.00,call,484.00,457.10,455.65,2,458.55,2,0,453,2024-05-17,0.50755,0.89692,0.00030,-0.14557,2.09346,5.90031
NVDA251219P00550000,NVDA,2025-12-19,550.00,put,38.47,38.42,37.45,55,39.40,22,2,1050,2024-05-17,0.50755,-0.10308,0.00030,-0.07179,2.09346,-2.14235
NVDA251219C00555000,NVDA,2025-12-19,555.00,call,407.30,453.62,452.25,10,455.00,3,0,59,2024-05-17,0.50755,0.89436,0.00031,-0.14735,2.13099,5.91612
NVDA251219P00555000,NVDA,2025-12-19,555.00,put,50.63,39.08,38.80,15,39.35,6,0,176,2024-05-17,0.50755,-0.10564,0.00031,-0.07290,2.13099,-2.19966
NVDA251219C00560000,NVDA,2025-12-19,560.00,call,477.00,450.20,448.85,10,451.55,3,0,83,2024-05-17,0.50755,0.89178,0.00031,-0.14913,2.16841,5.93126
NVDA251219P00560000,NVDA,2025-12-19,560.00,put,38.91,40.27,39.05,20,41.50,22,0,1078,2024-05-17,0.50755,-0.10822,0.00031,-0.07400,2.16841,-2.25763
NVDA251219C00565000,NVDA,2025-12-19,565.00,call,439.78,446.70,445.35,6,448.05,3,0,258,2024-05-17,0.50755,0.88917,0.00032,-0.15089,2.20573,5.94574
NVDA251219P00565000,NVDA,2025-12-19,565.00,put,40.80,41.42,41.05,26,41.80,22,1,166,2024-05-17,0.50755,-0.11083,0.00032,-0.07509,2.20573,-2.31626
NVDA251219C00570000,NVDA,2025-12-19,570.00,call,457.17,441.38,438.15,3,444.60,4,4,1028,2024-05-17,0.48804,0.89095,0.00033,-0.14747,2.18032,6.09302
NVDA251219P00570000,NVDA,2025-12-19,570.00,put,43.20,42.58,42.25,23,42.90,5,0,206,2024-05-17,0.50755,-0.11345,0.00032,-0.07618,2.24292,-2.37554
NVDA251219C00575000,NVDA,2025-12-19,575.00,call,433.42,439.80,438.45,3,441.15,3,0,287,2024-05-17,0.48804,0.88828,0.00033,-0.14920,2.21852,6.10694
NVDA251219P00575000,NVDA,2025-12-19,575.00,put,48.33,43.90,42.60,25,45.20,14,0,754,2024-05-17,0.50755,-0.11609,0.00033,-0.07724,2.27998,-2.43546
NVDA251219C00580000,NVDA,2025-12-19,580.00,call,424.10,436.38,435.00,5,437.75,3,0,207,2024-05-17,0.48804,0.88558,0.00034,-0.15092,2.25660,6.12018
NVDA251219P00580000,NVDA,2025-12-19,580.00,put,48.36,45.03,44.70,17,45.35,8,0,170,2024-05-17,0.50755,-0.11875,0.00034,-0.07830,2.31690,-2.49602
NVDA251219C00585000,NVDA,2025-12-19,585.00,call,443.27,433.00,431.65,3,434.35,3,1,290,2024-05-17,0.48804,0.88286,0.00035,-0.15263,2.29455,6.13274
NVDA251219P00585000,NVDA,2025-12-19,585.00,put,54.57,46.45,45.15,18,47.75,16,0,897,2024-05-17,0.50755,-0.12144,0.00034,-0.07935,2.35366,-2.55720
NVDA251219C00590000,NVDA,2025-12-19,590.00,call,386.24,429.62,428.25,5,431.00,3,0,223,2024-05-17,0.48804,0.88012,0.00035,-0.15433,2.33236,6.14464
NVDA251219P00590000,NVDA,2025-12-19,590.00,put,46.01,47.58,47.25,5,47.90,4,0,81,2024-05-17,0.50755,-0.12414,0.00035,-0.08038,2.39027,-2.61900
NVDA251219C00595000,NVDA,2025-12-19,595.00,call,339.67,426.30,425.00,2,427.60,3,0,68,2024-05-17,0.48804,0.87736,0.00036,-0.15601,2.37002,6.15589
NVDA251219P00595000,NVDA,2025-12-19,595.00,put,47.05,48.88,48.50,18,49.25,6,0,93,2024-05-17,0.50755,-0.12686,0.00035,-0.08140,2.42670,-2.68141
NVDA251219C00600000,NVDA,2025-12-19,600.00,call,428.00,422.83,419.85,20,425.80,6,2,894,2024-05-17,0.48804,0.87458,0.00036,-0.15769,2.40752,6.16649
NVDA251219P00600000,NVDA,2025-12-19,600.00,put,50.72,50.20,49.90,5,50.50,7,3,2979,2024-05-17,0.50755,-0.12960,0.00036,-0.08240,2.46296,-2.74442
NVDA251219C00605000,NVDA,2025-12-19,605.00,call,437.72,419.62,418.30,3,420.95,3,0,103,2024-05-17,0.48804,0.87177,0.00037,-0.15934,2.44485,6.17645
NVDA251219P00605000,NVDA,2025-12-19,605.00,put,55.00,51.52,51.05,25,52.00,10,0,61,2024-05-17,0.48804,-0.12823,0.00037,-0.07818,2.44485,-2.67047
NVDA251219C00610000,NVDA,2025-12-19,610.00,call,420.56,416.32,414.95,3,417.70,3,0,251,2024-05-17,0.48804,0.86895,0.00037,-0.16099,2.48200,6.18578
NVDA251219P00610000,NVDA,2025-12-19,610.00,put,53.37,52.95,52.50,28,53.40,20,1,139,2024-05-17,0.48804,-0.13105,0.00037,-0.07916,2.48200,-2.73426
NVDA251219C00615000,NVDA,2025-12-19,615.00,call,368.82,413.05,411.70,3,414.40,3,0,113,2024-05-17,0.48804,0.86611,0.00038,-0.16262,2.51895,6.19449
NVDA251219P00615000,NVDA,2025-12-19,615.00,put,71.60,54.35,53.90,24,54.80,19,0,285,2024-05-17,0.48804,-0.13389,0.00038,-0.08012,2.51895,-2.79867
NVDA251219C00620000,NVDA,2025-12-19,620.00,call,433.00,409.80,408.45,5,411.15,3,0,84,2024-05-17,0.48804,0.86325,0.00038,-0.16424,2.55571,6.20258
NVDA251219P00620000,NVDA,2025-12-19,620.00,put,56.29,55.75,55.30,17,56.20,9,1,343,2024-05-17,0.48804,-0.13675,0.00038,-0.08107,2.55571,-2.86369
NVDA251219C00625000,NVDA,2025-12-19,625.00,call,424.07,406.65,405.35,1,407.95,3,0,185,2024-05-17,0.48804,0.86037,0.00039,-0.16584,2.59226,6.21007
NVDA251219P00625000,NVDA,2025-12-19,625.00,put,68.91,57.22,56.80,16,57.65,9,0,122,2024-05-17,0.48804,-0.13963,0.00039,-0.08200,2.59226,-2.92931
NVDA251219C00630000,NVDA,2025-12-19,630.00,call,368.40,403.40,402.10,6,404.70,3,0,68,2024-05-17,0.48804,0.85748,0.00040,-0.16743,2.62859,6.21696
NVDA251219P00630000,NVDA,2025-12-19,630.00,put,64.99,58.62,58.25,16,59.00,4,0,79,2024-05-17,0.48804,-0.14252,0.00040,-0.08292,2.62859,-2.99554
NVDA251219C00635000,NVDA,2025-12-19,635.00,call,375.27,400.18,398.85,3,401.50,3,0,81,2024-05-17,0.48804,0.85456,0.00040,-0.16901,2.66470,6.22326
NVDA251219P00635000,NVDA,2025-12-19,635.00,put,60.30,60.30,58.90,17,61.70,25,1,919,2024-05-17,0.48804,-0.14544,0.00040,-0.08382,2.66470,-3.06235
NVDA251219C00640000,NVDA,2025-12-19,640.00,call,358.73,397.05,395.75,5,398.35,3,0,288,2024-05-17,0.48804,0.85164,0.00041,-0.17057,2.70057,6.22898
NVDA251219P00640000,NVDA,2025-12-19,640.00,put,62.10,62.40,61.15,15,63.65,19,7,1241,2024-05-17,0.50755,-0.15209,0.00040,-0.08993,2.74560,-3.26921
NVDA251219C00645000,NVDA,2025-12-19,645.00,call,376.95,393.88,392.55,3,395.20,3,0,126,2024-05-17,0.48804,0.84869,0.00041,-0.17211,2.73620,6.23413
NVDA251219P00645000,NVDA,2025-12-19,645.00,put,59.81,63.12,62.75,6,63.50,2,0,32,2024-05-17,0.48804,-0.15131,0.00041,-0.08558,2.73620,-3.19771
NVDA251219C00650000,NVDA,2025-12-19,650.00,call,409.08,390.77,389.60,3,391.95,2,0,615,2024-05-17,0.48804,0.84573,0.00042,-0.17364,2.77159,6.23871
NVDA251219P00650000,NVDA,2025-12-19,650.00,put,65.47,65.42,64.25,5,66.60,12,2,886,2024-05-17,0.50755,-0.15786,0.00041,-0.09166,2.81394,-3.40586
NVDA251219C00655000,NVDA,2025-12-19,655.00,call,343.50,387.65,386.35,3,388.95,3,0,43,2024-05-17,0.48804,0.84276,0.00042,-0.17515,2.80672,6.24274
NVDA251219P00655000,NVDA,2025-12-19,655.00,put,63.67,66.25,65.70,16,66.80,9,0,28,2024-05-17,0.48804,-0.15724,0.00042,-0.08728,2.80672,-3.33533
NVDA251219C00660000,NVDA,2025-12-19,660.00,call,341.25,384.62,383.35,3,385.90,3,0,115,2024-05-17,0.48804,0.83977,0.00043,-0.17665,2.84159,6.24622
NVDA251219P00660000,NVDA,2025-12-19,660.00,put,68.30,67.78,67.30,16,68.25,8,2,331,2024-05-17,0.48804,-0.16023,0.00043,-0.08811,2.84159,-3.40496
NVDA251219C00665000,NVDA,2025-12-19,665.00,call,319.66,381.40,380.20,3,382.60,2,0,51,2024-05-17,0.48804,0.83676,0.00043,-0.17813,2.87619,6.24917
NVDA251219P00665000,NVDA,2025-12-19,665.00,put,66.30,69.50,69.00,16,70.00,9,0,12,2024-05-17,0.48804,-0.16324,0.00043,-0.08892,2.87619,-3.47514
NVDA251219C00670000,NVDA,2025-12-19,670.00,call,351.25,378.52,377.25,3,379.80,3,0,58,2024-05-17,0.48804,0.83375,0.00044,-0.17959,2.91051,6.25158
NVDA251219P00670000,NVDA,2025-12-19,670.00,put,67.85,71.12,70.60,16,71.65,9,0,520,2024-05-17,0.48804,-0.16625,0.00044,-0.08971,2.91051,-3.54584
NVDA251219C00675000,NVDA,2025-12-19,675.00,call,369.50,375.48,374.15,5,376.80,3,0,46,2024-05-17,0.48804,0.83072,0.00044,-0.18104,2.94455,6.25347
NVDA251219P00675000,NVDA,2025-12-19,675.00,put,72.93,72.68,72.20,15,73.15,1,0,24,2024-05-17,0.48804,-0.16928,0.00044,-0.09049,2.94455,-3.61707
NVDA251219C00680000,NVDA,2025-12-19,680.00,call,330.00,372.50,369.25,7,375.75,13,0,996,2024-05-17,0.48804,0.82768,0.00045,-0.18247,2.97831,6.25484
NVDA251219P00680000,NVDA,2025-12-19,680.00,put,72.92,74.40,73.95,16,74.85,4,7,80,2024-05-17,0.48804,-0.17232,0.00045,-0.09125,2.97831,-3.68881
NVDA251219C00685000,NVDA,2025-12-19,685.00,call,353.05,369.50,368.25,3,370.75,1,0,43,2024-05-17,0.48804,0.82462,0.00045,-0.18388,3.01177,6.25571
NVDA251219P00685000,NVDA,2025-12-19,685.00,put,73.35,76.07,75.55,38,76.60,6,0,29,2024-05-17,0.48804,-0.17538,0.00045,-0.09199,3.01177,-3.76106
NVDA251219C00690000,NVDA,2025-12-19,690.00,call,327.60,366.60,365.30,3,367.90,3,0,133,2024-05-17,0.48804,0.82156,0.00046,-0.18528,3.04494,6.25608
NVDA251219P00690000,NVDA,2025-12-19,690.00,put,76.70,77.85,77.40,22,78.30,3,3,47,2024-05-17,0.48804,-0.17844,0.00046,-0.09272,3.04494,-3.83380
NVDA251219C00695000,NVDA,2025-12-19,695.00,call,329.26,363.65,362.35,7,364.95,3,0,216,2024-05-17,0.48804,0.81848,0.00046,-0.18666,3.07780,6.25595
NVDA251219P00695000,NVDA,2025-12-19,695.00,put,78.35,79.68,79.15,15,80.20,8,16,13,2024-05-17,0.48804,-0.18152,0.00046,-0.09342,3.07780,-3.90704
NVDA251219C00700000,NVDA,2025-12-19,700.00,call,366.30,360.60,357.15,8,364.05,2,4,769,2024-05-17,0.48804,0.81539,0.00047,-0.18802,3.11036,6.25535
NVDA251219P00700000,NVDA,2025-12-19,700.00,put,82.27,81.35,80.80,17,81.90,7,1,557,2024-05-17,0.48804,-0.18461,0.00047,-0.09412,3.11036,-3.98076
NVDA251219C00705000,NVDA,2025-12-19,705.00,call,311.55,357.80,356.50,5,359.10,3,0,98,2024-05-17,0.48804,0.81229,0.00047,-0.18936,3.14260,6.25427
NVDA251219P00705000,NVDA,2025-12-19,705.00,put,79.45,83.18,82.70,16,83.65,6,0,44,2024-05-17,0.48804,-0.18771,0.00047,-0.09479,3.14260,-4.05495
NVDA251219C00710000,NVDA,2025-12-19,710.00,call,305.24,354.98,353.70,3,356.25,3,0,150,2024-05-17,0.48804,0.80919,0.00048,-0.19069,3.17452,6.25273
NVDA251219P00710000,NVDA,2025-12-19,710.00,put,85.85,84.97,84.50,22,85.45,5,2,58,2024-05-17,0.48804,-0.19081,0.00048,-0.09544,3.17452,-4.12961
NVDA251219C00720000,NVDA,2025-12-19,720.00,call,333.88,349.27,347.95,5,350.60,3,0,138,2024-05-17,0.48804,0.80295,0.00049,-0.19329,3.23741,6.24828
NVDA251219P00720000,NVDA,2025-12-19,720.00,put,85.30,88.70,88.10,23,89.30,8,0,242,2024-05-17,0.48804,-0.19705,0.00049,-0.09670,3.23741,-4.28029
NVDA251219C00730000,NVDA,2025-12-19,730.00,call,350.84,343.67,342.40,1,344.95,6,10,315,2024-05-17,0.48804,0.79667,0.00050,-0.19582,3.29897,6.24205
NVDA251219P00730000,NVDA,2025-12-19,730.00,put,99.00,92.35,91.75,5,92.95,3,0,70,2024-05-17,0.48804,-0.20333,0.00050,-0.09789,3.29897,-4.43275
NVDA251219C00740000,NVDA,2025-12-19,740.00,call,327.20,338.15,336.90,3,339.40,1,0,143,2024-05-17,0.48804,0.79037,0.00051,-0.19828,3.35920,6.23411
NVDA251219P00740000,NVDA,2025-12-19,740.00,put,101.49,96.28,95.70,15,96.85,7,0,41,2024-05-17,0.48804,-0.20963,0.00051,-0.09901,3.35920,-4.58692
NVDA251219C00750000,NVDA,2025-12-19,750.00,call,356.07,332.70,331.50,3,333.90,2,0,359,2024-05-17,0.48804,0.78403,0.00051,-0.20066,3.41806,6.22453
NVDA251219P00750000,NVDA,2025-12-19,750.00,put,98.58,100.20,99.55,9,100.85,3,64,434,2024-05-17,0.48804,-0.21597,0.00051,-0.10005,3.41806,-4.74273
NVDA251219C00760000,NVDA,2025-12-19,760.00,call,319.07,327.33,326.05,8,328.60,1,0,220,2024-05-17,0.48804,0.77768,0.00052,-0.20297,3.47553,6.21336
NVDA251219P00760000,NVDA,2025-12-19,760.00,put,115.70,104.28,103.50,20,105.05,7,0,39,2024-05-17,0.48804,-0.22232,0.00052,-0.10102,3.47553,-4.90013
NVDA251219C00770000,NVDA,2025-12-19,770.00,call,299.30,322.10,320.85,7,323.35,3,0,202,2024-05-17,0.48804,0.77130,0.00053,-0.20521,3.53159,6.20065
NVDA251219P00770000,NVDA,2025-12-19,770.00,put,112.40,108.40,107.70,5,109.10,5,0,45,2024-05-17,0.48804,-0.22870,0.00053,-0.10192,3.53159,-5.05907
NVDA251219C00780000,NVDA,2025-12-19,780.00,call,298.79,316.80,315.55,3,318.05,1,0,147,2024-05-17,0.48804,0.76491,0.00054,-0.20737,3.58624,6.18647
NVDA251219P00780000,NVDA,2025-12-19,780.00,put,107.57,112.70,112.00,15,113.40,15,0,79,2024-05-17,0.48804,-0.23509,0.00054,-0.10274,3.58624,-5.21948
NVDA251219C00790000,NVDA,2025-12-19,790.00,call,309.70,311.73,310.40,3,313.05,3,2,160,2024-05-17,0.48804,0.75851,0.00055,-0.20947,3.63944,6.17088
NVDA251219P00790000,NVDA,2025-12-19,790.00,put,136.82,116.90,116.10,19,117.70,7,0,92,2024-05-17,0.48804,-0.24149,0.00055,-0.10349,3.63944,-5.38130
NVDA251219C00800000,NVDA,2025-12-19,800.00,call,303.05,306.70,305.55,3,307.85,2,9,435,2024-05-17,0.48804,0.75209,0.00056,-0.21148,3.69121,6.15392
NVDA251219P00800000,NVDA,2025-12-19,800.00,put,119.70,121.28,120.50,8,122.05,6,67,324,2024-05-17,0.48804,-0.24791,0.00056,-0.10417,3.69121,-5.54449
NVDA251219C00810000,NVDA,2025-12-19,810.00,call,286.70,301.70,300.40,9,303.00,3,0,95,2024-05-17,0.48804,0.74566,0.00056,-0.21343,3.74151,6.13566
NVDA251219P00810000,NVDA,2025-12-19,810.00,put,120.63,125.75,124.90,19,126.60,7,0,67,2024-05-17,0.48804,-0.25434,0.00056,-0.10477,3.74151,-5.70898
NVDA251219C00820000,NVDA,2025-12-19,820.00,call,294.28,296.75,295.55,5,297.95,3,3,306,2024-05-17,0.48804,0.73923,0.00057,-0.21530,3.79036,6.11614
NVDA251219P00820000,NVDA,2025-12-19,820.00,put,146.14,130.35,129.50,9,131.20,7,0,70,2024-05-17,0.48804,-0.26077,0.00057,-0.10530,3.79036,-5.87473
NVDA251219C00830000,NVDA,2025-12-19,830.00,call,297.59,292.02,290.75,20,293.30,3,1,338,2024-05-17,0.48804,0.73279,0.00058,-0.21710,3.83775,6.09543
NVDA251219P00830000,NVDA,2025-12-19,830.00,put,145.46,134.97,134.10,9,135.85,14,0,106,2024-05-17,0.48804,-0.26721,0.00058,-0.10576,3.83775,-6.04168
NVDA251219C00840000,NVDA,2025-12-19,840.00,call,292.50,287.25,286.00,6,288.50,3,4,72,2024-05-17,0.48804,0.72636,0.00058,-0.21883,3.88367,6.07355
NVDA251219P00840000,NVDA,2025-12-19,840.00,put,139.14,139.78,139.00,14,140.55,7,9,36,2024-05-17,0.48804,-0.27364,0.00058,-0.10615,3.88367,-6.20978
NVDA251219C00850000,NVDA,2025-12-19,850.00,call,289.00,283.32,280.65,5,286.00,2,2,1541,2024-05-17,0.48804,0.71992,0.00059,-0.22049,3.92813,6.05058
NVDA251219P00850000,NVDA,2025-12-19,850.00,put,138.23,144.50,143.65,8,145.35,6,0,574,2024-05-17,0.48804,-0.28008,0.00059,-0.10646,3.92813,-6.37898
NVDA251219C00860000,NVDA,2025-12-19,860.00,call,284.40,277.98,276.70,5,279.25,3,10,567,2024-05-17,0.48804,0.71349,0.00060,-0.22207,3.97113,6.02655
NVDA251219P00860000,NVDA,2025-12-19,860.00,put,145.30,149.38,148.45,9,150.30,7,0,51,2024-05-17,0.48804,-0.28651,0.00060,-0.10670,3.97113,-6.54924
NVDA251219C00880000,NVDA,2025-12-19,880.00,call,270.80,268.98,267.70,8,270.25,3,6,167,2024-05-17,0.48804,0.70065,0.00061,-0.22503,4.05276,5.97552
NVDA251219P00880000,NVDA,2025-12-19,880.00,put,152.66,159.40,158.45,9,160.35,14,0,88,2024-05-17,0.48804,-0.29935,0.00061,-0.10698,4.05276,-6.89273
NVDA251219C00900000,NVDA,2025-12-19,900.00,call,266.30,260.25,259.10,3,261.40,2,6,695,2024-05-17,0.48804,0.68786,0.00062,-0.22772,4.12860,5.92082
NVDA251219P00900000,NVDA,2025-12-19,900.00,put,167.05,169.82,168.95,18,170.70,6,11,232,2024-05-17,0.48804,-0.31214,0.00062,-0.10698,4.12860,-7.23989
NVDA251219C00920000,NVDA,2025-12-19,920.00,call,253.75,251.82,250.55,8,253.10,3,14,102,2024-05-17,0.46853,0.67288,0.00066,-0.22445,4.21054,5.96040
NVDA251219P00920000,NVDA,2025-12-19,920.00,put,177.50,180.48,179.55,18,181.40,13,62,84,2024-05-17,0.48804,-0.32488,0.00063,-0.10671,4.19874,-7.59038
NVDA251219C00930000,NVDA,2025-12-19,930.00,call,245.75,247.72,246.45,9,249.00,3,21,152,2024-05-17,0.46853,0.66625,0.00067,-0.22551,4.24446,5.92711
NVDA251219P00930000,NVDA,2025-12-19,930.00,put,177.93,185.80,184.75,8,186.85,13,0,18,2024-05-17,0.50755,-0.32856,0.00061,-0.11214,4.21801,-7.85874
NVDA251219C00940000,NVDA,2025-12-19,940.00,call,241.31,243.62,242.40,9,244.85,3,8,110,2024-05-17,0.46853,0.65964,0.00067,-0.22651,4.27688,5.89305
NVDA251219P00940000,NVDA,2025-12-19,940.00,put,185.00,191.32,190.25,6,192.40,13,0,31,2024-05-17,0.50755,-0.33462,0.00061,-0.11189,4.24880,-8.03293
NVDA251219C00950000,NVDA,2025-12-19,950.00,call,241.30,240.82,238.50,7,243.15,2,21,1352,2024-05-17,0.48804,0.65615,0.00065,-0.23326,4.29345,5.77023
NVDA251219P00950000,NVDA,2025-12-19,950.00,put,194.17,196.85,195.95,6,197.75,5,66,51,2024-05-17,0.50755,-0.34066,0.00062,-0.11158,4.27832,-8.20775
NVDA251219C00960000,NVDA,2025-12-19,960.00,call,237.00,235.72,234.50,16,236.95,3,3,144,2024-05-17,0.46853,0.64649,0.00068,-0.22830,4.33727,5.82283
NVDA251219P00960000,NVDA,2025-12-19,960.00,put,197.69,202.57,201.45,8,203.70,6,0,85,2024-05-17,0.50755,-0.34667,0.00062,-0.11120,4.30657,-8.38317
NVDA251219C00970000,NVDA,2025-12-19,970.00,call,249.28,231.85,230.60,4,233.10,2,0,82,2024-05-17,0.46853,0.63996,0.00068,-0.22910,4.36527,5.78675
NVDA251219P00970000,NVDA,2025-12-19,970.00,put,203.24,208.35,207.30,13,209.40,6,0,46,2024-05-17,0.50755,-0.35267,0.00063,-0.11077,4.33357,-8.55916
NVDA251219C00980000,NVDA,2025-12-19,980.00,call,250.00,228.12,226.90,6,229.35,3,0,96,2024-05-17,0.46853,0.63345,0.00069,-0.22983,4.39183,5.75006
NVDA251219P00980000,NVDA,2025-12-19,980.00,put,206.12,214.40,212.50,31,216.30,31,0,62,2024-05-17,0.50755,-0.35863,0.00063,-0.11027,4.35934,-8.73569
NVDA251219C00990000,NVDA,2025-12-19,990.00,call,232.20,224.32,223.10,11,225.55,4,1,70,2024-05-17,0.46853,0.62696,0.00069,-0.23050,4.41698,5.71281
NVDA251219P00990000,NVDA,2025-12-19,990.00,put,214.24,220.27,218.20,40,222.35,41,0,49,2024-05-17,0.50755,-0.36457,0.00063,-0.10972,4.38389,-8.91272
NVDA251219C01000000,NVDA,2025-12-19,1000.00,call,222.15,220.65,217.15,7,224.15,2,9,1003,2024-05-17,0.46853,0.62051,0.00070,-0.23111,4.44072,5.67503
NVDA251219P01000000,NVDA,2025-12-19,1000.00,put,223.03,226.12,224.15,45,228.10,30,65,104,2024-05-17,0.50755,-0.37049,0.00064,-0.10911,4.40724,-9.09023
NVDA251219C01010000,NVDA,2025-12-19,1010.00,call,225.00,217.05,216.25,7,217.85,5,1,148,2024-05-17,0.46853,0.61408,0.00070,-0.23166,4.46308,5.63676
NVDA251219P01010000,NVDA,2025-12-19,1010.00,put,224.80,232.77,230.45,36,235.10,38,0,44,2024-05-17,0.50755,-0.37637,0.00064,-0.10845,4.42940,-9.26818
NVDA251219C01020000,NVDA,2025-12-19,1020.00,call,229.80,213.47,212.70,14,214.25,5,0,67,2024-05-17,0.46853,0.60769,0.00070,-0.23216,4.48408,5.59803
NVDA251219P01020000,NVDA,2025-12-19,1020.00,put,257.85,238.02,235.45,45,240.60,29,0,153,2024-05-17,0.50755,-0.38223,0.00064,-0.10773,4.45039,-9.44656
NVDA251219C01030000,NVDA,2025-12-19,1030.00,call,224.50,210.00,209.20,7,210.80,5,0,181,2024-05-17,0.46853,0.60134,0.00071,-0.23259,4.50374,5.55887
NVDA251219P01030000,NVDA,2025-12-19,1030.00,put,260.80,245.03,242.65,31,247.40,31,0,14,2024-05-17,0.50755,-0.38805,0.00065,-0.10695,4.47024,-9.62533
NVDA251219C01040000,NVDA,2025-12-19,1040.00,call,191.50,206.57,205.80,14,207.35,5,0,89,2024-05-17,0.46853,0.59502,0.00071,-0.23297,4.52208,5.51932
NVDA251219P01040000,NVDA,2025-12-19,1040.00,put,286.66,250.32,247.70,51,252.95,18,0,35,2024-05-17,0.50755,-0.39384,0.00065,-0.10613,4.48895,-9.80447
NVDA251219C01050000,NVDA,2025-12-19,1050.00,call,216.69,203.20,202.50,5,203.90,5,0,112,2024-05-17,0.46853,0.58873,0.00071,-0.23329,4.53913,5.47941
NVDA251219P01050000,NVDA,2025-12-19,1050.00,put,297.50,256.68,254.15,13,259.20,27,0,40,2024-05-17,0.50755,-0.39960,0.00065,-0.10525,4.50655,-9.98395
NVDA251219C01060000,NVDA,2025-12-19,1060.00,call,217.06,199.85,199.05,14,200.65,5,0,74,2024-05-17,0.46853,0.58248,0.00071,-0.23355,4.55490,5.43917
NVDA251219P01060000,NVDA,2025-12-19,1060.00,put,277.14,263.33,260.30,87,266.35,13,0,20,2024-05-17,0.50755,-0.40533,0.00065,-0.10432,4.52305,-10.16376
NVDA251219C01070000,NVDA,2025-12-19,1070.00,call,190.27,196.62,195.85,14,197.40,5,0,38,2024-05-17,0.46853,0.57627,0.00072,-0.23377,4.56941,5.39862
NVDA251219P01070000,NVDA,2025-12-19,1070.00,put,299.65,269.70,266.70,47,272.70,1,0,15,2024-05-17,0.50755,-0.41103,0.00066,-0.10334,4.53848,-10.34386
NVDA251219C01080000,NVDA,2025-12-19,1080.00,call,187.32,193.43,192.65,14,194.20,5,0,74,2024-05-17,0.46853,0.57010,0.00072,-0.23393,4.58270,5.35779
NVDA251219P01080000,NVDA,2025-12-19,1080.00,put,330.17,276.10,273.25,48,278.95,18,0,124,2024-05-17,0.50755,-0.41669,0.00066,-0.10232,4.55286,-10.52423
NVDA251219C01090000,NVDA,2025-12-19,1090.00,call,182.88,190.28,189.50,14,191.05,5,0,171,2024-05-17,0.46853,0.56396,0.00072,-0.23404,4.59477,5.31671
NVDA251219P01090000,NVDA,2025-12-19,1090.00,put,305.60,283.45,281.00,27,285.90,27,0,22,2024-05-17,0.50755,-0.42231,0.00066,-0.10124,4.56619,-10.70486
NVDA251219C01100000,NVDA,2025-12-19,1100.00,call,187.12,187.20,186.50,13,187.90,5,5,411,2024-05-17,0.46853,0.55787,0.00072,-0.23410,4.60567,5.27541
NVDA251219P01100000,NVDA,2025-12-19,1100.00,put,299.00,289.95,287.65,29,292.25,22,0,43,2024-05-17,0.50755,-0.42790,0.00066,-0.10012,4.57850,-10.88572
NVDA251219C01110000,NVDA,2025-12-19,1110.00,call,123.35,184.12,183.35,7,184.90,5,0,5,2024-05-17,0.46853,0.55182,0.00072,-0.23411,4.61541,5.23391
NVDA251219P01110000,NVDA,2025-12-19,1110.00,put,324.85,297.02,291.90,4,302.15,7,0,19,2024-05-17,0.50755,-0.43345,0.00066,-0.09895,4.58982,-11.06679
NVDA251219C01120000,NVDA,2025-12-19,1120.00,call,194.12,181.10,180.30,7,181.90,5,0,420,2024-05-17,0.46853,0.54582,0.00072,-0.23408,4.62400,5.19223
NVDA251219P01120000,NVDA,2025-12-19,1120.00,put,348.50,303.80,298.65,4,308.95,7,0,22,2024-05-17,0.50755,-0.43897,0.00067,-0.09774,4.60016,-11.24805
NVDA251219C01130000,NVDA,2025-12-19,1130.00,call,172.87,178.18,177.40,7,178.95,5,0,53,2024-05-17,0.46853,0.53985,0.00073,-0.23399,4.63149,5.15040
NVDA251219P01130000,NVDA,2025-12-19,1130.00,put,426.80,310.65,305.50,4,315.80,7,0,17,2024-05-17,0.50755,-0.44445,0.00067,-0.09649,4.60953,-11.42949
NVDA251219C01140000,NVDA,2025-12-19,1140.00,call,163.05,175.32,174.55,14,176.10,11,0,36,2024-05-17,0.46853,0.53393,0.00073,-0.23387,4.63789,5.10843
NVDA251219P01140000,NVDA,2025-12-19,1140.00,put,341.75,317.55,312.40,4,322.70,7,0,30,2024-05-17,0.50755,-0.44989,0.00067,-0.09519,4.61796,-11.61108
NVDA251219C01150000,NVDA,2025-12-19,1150.00,call,189.57,172.47,171.75,6,173.20,5,0,199,2024-05-17,0.46853,0.52805,0.00073,-0.23370,4.64322,5.06636
NVDA251219P01150000,NVDA,2025-12-19,1150.00,put,335.05,323.27,316.85,1,329.70,13,0,8,2024-05-17,0.50755,-0.45529,0.00067,-0.09385,4.62547,-11.79281
NVDA251219C01160000,NVDA,2025-12-19,1160.00,call,164.53,169.68,168.90,11,170.45,5,0,100,2024-05-17,0.46853,0.52222,0.00073,-0.23348,4.64751,5.02420
NVDA251219P01160000,NVDA,2025-12-19,1160.00,put,317.80,331.52,326.35,10,336.70,12,0,26,2024-05-17,0.52706,-0.45252,0.00064,-0.09956,4.62173,-11.99867
NVDA251219C01170000,NVDA,2025-12-19,1170.00,call,177.38,166.95,166.20,7,167.70,5,0,36,2024-05-17,0.46853,0.51644,0.00073,-0.23323,4.65078,4.98197
NVDA251219P01170000,NVDA,2025-12-19,1170.00,put,367.85,338.60,335.85,1,341.35,1,0,23,2024-05-17,0.52706,-0.45764,0.00065,-0.09822,4.62847,-12.17776
NVDA251219C01180000,NVDA,2025-12-19,1180.00,call,163.25,164.28,163.55,3,165.00,5,2,56,2024-05-17,0.46853,0.51070,0.00073,-0.23293,4.65306,4.93969
NVDA251219P01180000,NVDA,2025-12-19,1180.00,put,404.58,345.73,340.55,8,350.90,10,0,29,2024-05-17,0.52706,-0.46272,0.00065,-0.09685,4.63439,-12.35694
NVDA251219C01190000,NVDA,2025-12-19,1190.00,call,163.15,161.60,160.85,7,162.35,5,1,74,2024-05-17,0.46853,0.50500,0.00073,-0.23259,4.65437,4.89737
NVDA251219P01190000,NVDA,2025-12-19,1190.00,put,487.30,351.45,344.80,33,358.10,33,0,7,2024-05-17,0.52706,-0.46776,0.00065,-0.09543,4.63953,-12.53622
NVDA251219C01200000,NVDA,2025-12-19,1200.00,call,159.09,158.93,156.80,13,161.05,5,104,3230,2024-05-17,0.46853,0.49935,0.00073,-0.23222,4.65473,4.85504
NVDA251219P01200000,NVDA,2025-12-19,1200.00,put,403.17,359.75,351.50,33,368.00,65,0,84,2024-05-17,0.52706,-0.47277,0.00065,-0.09399,4.64389,-12.71558
NVDA251219C01210000,NVDA,2025-12-19,1210.00,call,171.45,156.45,155.70,15,157.20,5,0,257,2024-05-17,0.46853,0.49375,0.00073,-0.23181,4.65416,4.81271
NVDA251219P01210000,NVDA,2025-12-19,1210.00,put,419.77,367.00,359.70,31,374.30,56,0,49,2024-05-17,0.52706,-0.47774,0.00065,-0.09250,4.64748,-12.89499
NVDA251219C01220000,NVDA,2025-12-19,1220.00,call,148.28,153.95,153.20,20,154.70,5,0,39,2024-05-17,0.46853,0.48820,0.00073,-0.23136,4.65270,4.77040
NVDA251219P01220000,NVDA,2025-12-19,1220.00,put,416.05,374.50,366.70,41,382.30,45,0,50,2024-05-17,0.52706,-0.48267,0.00065,-0.09099,4.65034,-13.07446
NVDA251219C01230000,NVDA,2025-12-19,1230.00,call,149.74,151.47,150.75,15,152.20,5,0,38,2024-05-17,0.46853,0.48269,0.00073,-0.23088,4.65035,4.72813
NVDA251219P01230000,NVDA,2025-12-19,1230.00,put,518.55,382.48,374.85,32,390.10,30,0,48,2024-05-17,0.52706,-0.48756,0.00065,-0.08944,4.65247,-13.25397
NVDA251219C01240000,NVDA,2025-12-19,1240.00,call,151.25,149.05,148.30,11,149.80,5,0,11,2024-05-17,0.46853,0.47724,0.00073,-0.23036,4.64715,4.68590
NVDA251219P01240000,NVDA,2025-12-19,1240.00,put,435.59,388.12,381.75,28,394.50,19,0,149,2024-05-17,0.52706,-0.49242,0.00065,-0.08785,4.65389,-13.43350
NVDA251219C01250000,NVDA,2025-12-19,1250.00,call,157.01,146.62,145.90,6,147.35,5,0,217,2024-05-17,0.46853,0.47183,0.00073,-0.22981,4.64312,4.64373
NVDA251219P01250000,NVDA,2025-12-19,1250.00,put,449.45,396.70,389.35,34,404.05,44,0,99,2024-05-17,0.52706,-0.49724,0.00065,-0.08624,4.65462,-13.61305
NVDA251219C01260000,NVDA,2025-12-19,1260.00,call,154.65,144.30,143.55,11,145.05,5,0,21,2024-05-17,0.46853,0.46647,0.00073,-0.22923,4.63828,4.60164
NVDA251219P01260000,NVDA,2025-12-19,1260.00,put,522.96,404.40,397.00,49,411.80,16,0,232,2024-05-17,0.52706,-0.50202,0.00065,-0.08460,4.65467,-13.79261
NVDA251219C01270000,NVDA,2025-12-19,1270.00,call,100.00,142.03,141.30,15,142.75,5,0,4,2024-05-17,0.46853,0.46115,0.00073,-0.22862,4.63265,4.55964
NVDA251219P01270000,NVDA,2025-12-19,1270.00,put,426.15,412.52,404.85,56,420.20,35,0,197,2024-05-17,0.52706,-0.50676,0.00065,-0.08292,4.65406,-13.97216
NVDA251219C01280000,NVDA,2025-12-19,1280.00,call,149.60,139.72,139.00,23,140.45,2,0,17,2024-05-17,0.46853,0.45589,0.00073,-0.22798,4.62625,4.51774
NVDA251219P01280000,NVDA,2025-12-19,1280.00,put,440.85,420.52,412.95,56,428.10,30,0,32,2024-05-17,0.52706,-0.51147,0.00065,-0.08122,4.65281,-14.15170
NVDA251219C01290000,NVDA,2025-12-19,1290.00,call,136.91,137.50,136.75,7,138.25,5,3,4,2024-05-17,0.46853,0.45067,0.00072,-0.22731,4.61911,4.47595
NVDA251219P01290000,NVDA,2025-12-19,1290.00,put,441.55,428.07,419.90,48,436.25,33,0,25,2024-05-17,0.54657,-0.50591,0.00063,-0.08750,4.65422,-14.32531
NVDA251219C01300000,NVDA,2025-12-19,1300.00,call,138.62,135.35,134.70,1,136.00,5,24,88,2024-05-17,0.46853,0.44550,0.00072,-0.22661,4.61124,4.43428
NVDA251219P01300000,NVDA,2025-12-19,1300.00,put,454.95,435.98,427.60,63,444.35,41,0,4,2024-05-17,0.54657,-0.51038,0.00063,-0.08583,4.65316,-14.50237
NVDA251219C01320000,NVDA,2025-12-19,1320.00,call,140.00,131.10,130.40,12,131.80,5,0,58,2024-05-17,0.46853,0.43532,0.00072,-0.22513,4.59341,4.35137
NVDA251219P01320000,NVDA,2025-12-19,1320.00,put,471.70,450.98,443.75,55,458.20,64,0,2,2024-05-17,0.54657,-0.51921,0.00062,-0.08240,4.64934,-14.85641
NVDA251219C01340000,NVDA,2025-12-19,1340.00,call,133.50,126.97,126.25,7,127.70,5,2,45,2024-05-17,0.46853,0.42532,0.00072,-0.22355,4.57294,4.26908
NVDA251219P01340000,NVDA,2025-12-19,1340.00,put,488.70,466.88,459.50,43,474.25,44,0,3,2024-05-17,0.54657,-0.52789,0.00062,-0.07887,4.64335,-15.21031
NVDA251219C01360000,NVDA,2025-12-19,1360.00,call,132.20,122.97,122.25,16,123.70,5,0,168,2024-05-17,0.46853,0.41552,0.00071,-0.22187,4.54998,4.18748
NVDA251219P01360000,NVDA,2025-12-19,1360.00,put,503.40,483.52,476.85,37,490.20,33,0,7,2024-05-17,0.54657,-0.53643,0.00062,-0.07525,4.63531,-15.56402
NVDA251219C01380000,NVDA,2025-12-19,1380.00,call,128.15,119.18,118.45,13,119.90,6,0,40,2024-05-17,0.46853,0.40592,0.00071,-0.22011,4.52469,4.10664
NVDA251219P01380000,NVDA,2025-12-19,1380.00,put,573.64,500.38,492.95,52,507.80,49,0,1,2024-05-17,0.54657,-0.54484,0.00062,-0.07154,4.62531,-15.91749
NVDA251219C01400000,NVDA,2025-12-19,1400.00,call,116.80,115.45,114.80,17,116.10,5,4,225,2024-05-17,0.46853,0.39651,0.00071,-0.21827,4.49722,4.02661
NVDA251219P01400000,NVDA,2025-12-19,1400.00,put,540.75,516.50,508.85,53,524.15,48,0,2,2024-05-17,0.56608,-0.54169,0.00060,-0.07648,4.62929,-16.24632
NVDA251219C01420000,NVDA,2025-12-19,1420.00,call,107.20,111.90,111.20,15,112.60,6,0,21,2024-05-17,0.46853,0.38729,0.00070,-0.21635,4.46770,3.94745
NVDA251219P01420000,NVDA,2025-12-19,1420.00,put,707.20,532.88,525.60,41,540.15,31,0,0,2024-05-17,0.56608,-0.54956,0.00060,-0.07277,4.61877,-16.59510
NVDA251219C01440000,NVDA,2025-12-19,1440.00,call,104.75,108.43,107.70,15,109.15,6,0,33,2024-05-17,0.46853,0.37826,0.00070,-0.21437,4.43629,3.86921
NVDA251219P01440000,NVDA,2025-12-19,1440.00,put,710.15,550.50,542.85,32,558.15,52,0,0,2024-05-17,0.56608,-0.55731,0.00060,-0.06898,4.60663,-16.94361
NVDA251219C01460000,NVDA,2025-12-19,1460.00,call,117.00,105.10,104.40,14,105.80,6,0,68,2024-05-17,0.46853,0.36942,0.00069,-0.21232,4.40311,3.79192
NVDA251219P01460000,NVDA,2025-12-19,1460.00,put,586.90,566.95,559.90,40,574.00,47,0,15,2024-05-17,0.56608,-0.56492,0.00060,-0.06512,4.59297,-17.29179
NVDA251219C01480000,NVDA,2025-12-19,1480.00,call,98.45,101.90,101.20,15,102.60,6,0,56,2024-05-17,0.46853,0.36077,0.00068,-0.21022,4.36829,3.71563
NVDA251219P01480000,NVDA,2025-12-19,1480.00,put,627.65,584.60,576.90,45,592.30,35,0,1,2024-05-17,0.58560,-0.56049,0.00058,-0.07035,4.60112,-17.60680
NVDA251219C01500000,NVDA,2025-12-19,1500.00,call,100.10,98.78,98.15,14,99.40,5,7,156,2024-05-17,0.46853,0.35230,0.00068,-0.20806,4.33196,3.64037
NVDA251219P01500000,NVDA,2025-12-19,1500.00,put,596.22,602.95,593.90,40,612.00,52,2,3,2024-05-17,0.58560,-0.56765,0.00058,-0.06652,4.58766,-17.95075
NVDA251219C01520000,NVDA,2025-12-19,1520.00,call,87.75,95.75,95.05,7,96.45,6,0,22,2024-05-17,0.46853,0.34402,0.00067,-0.20586,4.29424,3.56616
NVDA251219P01520000,NVDA,2025-12-19,1520.00,put,0.00,619.15,612.00,79,626.30,31,0,0,2024-05-17,0.58560,-0.57468,0.00057,-0.06263,4.57293,-18.29439
NVDA251219C01540000,NVDA,2025-12-19,1540.00,call,92.78,92.88,92.20,15,93.55,6,0,130,2024-05-17,0.46853,0.33592,0.00067,-0.20362,4.25524,3.49303
NVDA251219P01540000,NVDA,2025-12-19,1540.00,put,657.55,637.05,629.55,44,644.55,72,0,2,2024-05-17,0.58560,-0.58161,0.00057,-0.05867,4.55701,-18.63768
NVDA251219C01560000,NVDA,2025-12-19,1560.00,call,61.25,90.08,89.40,7,90.75,6,0,36,2024-05-17,0.46853,0.32799,0.00066,-0.20134,4.21507,3.42099
NVDA251219P01560000,NVDA,2025-12-19,1560.00,put,675.70,654.65,646.85,61,662.45,32,0,4,2024-05-17,0.60511,-0.57615,0.00055,-0.06420,4.56969,-18.94147
NVDA251219C01580000,NVDA,2025-12-19,1580.00,call,62.78,87.38,86.70,7,88.05,6,0,11,2024-05-17,0.46853,0.32024,0.00065,-0.19902,4.17383,3.35007
NVDA251219P01580000,NVDA,2025-12-19,1580.00,put,663.15,673.65,666.65,48,680.65,47,0,12,2024-05-17,0.60511,-0.58267,0.00055,-0.06029,4.55443,-19.28097
NVDA251219C01600000,NVDA,2025-12-19,1600.00,call,95.25,84.78,84.15,14,85.40,5,0,94,2024-05-17,0.46853,0.31267,0.00065,-0.19668,4.13162,3.28028
NVDA251219P01600000,NVDA,2025-12-19,1600.00,put,712.00,691.47,683.15,83,699.80,90,0,25,2024-05-17,0.60511,-0.58909,0.00055,-0.05633,4.53818,-19.62014
NVDA251219C01620000,NVDA,2025-12-19,1620.00,call,75.50,82.28,81.60,8,82.95,6,0,18,2024-05-17,0.46853,0.30527,0.00064,-0.19432,4.08854,3.21162
NVDA251219P01620000,NVDA,2025-12-19,1620.00,put,731.70,709.33,701.80,51,716.85,48,0,8,2024-05-17,0.62462,-0.58305,0.00054,-0.06204,4.55350,-19.91799
NVDA251219C01640000,NVDA,2025-12-19,1640.00,call,89.50,79.83,79.15,8,80.50,6,0,163,2024-05-17,0.46853,0.29803,0.00063,-0.19193,4.04467,3.14411
NVDA251219P01640000,NVDA,2025-12-19,1640.00,put,752.60,728.05,721.20,52,734.90,46,0,2,2024-05-17,0.62462,-0.58912,0.00053,-0.05814,4.53811,-20.25374
NVDA251219C01650000,NVDA,2025-12-19,1650.00,call,80.70,78.62,78.00,7,79.25,5,2,26,2024-05-17,0.46853,0.29448,0.00063,-0.19073,4.02247,3.11079
NVDA251219P01650000,NVDA,2025-12-19,1650.00,put,804.11,737.58,729.15,85,746.00,44,0,0,2024-05-17,0.62462,-0.59211,0.00053,-0.05617,4.53010,-20.42150
NVDA251219C01660000,NVDA,2025-12-19,1660.00,call,76.55,77.47,76.80,17,78.15,6,1,6,2024-05-17,0.46853,0.29096,0.00063,-0.18952,4.00010,3.07776
NVDA251219P01660000,NVDA,2025-12-19,1660.00,put,767.25,746.65,738.70,137,754.60,43,0,1,2024-05-17,0.62462,-0.59509,0.00053,-0.05419,4.52188,-20.58918
NVDA251219C01670000,NVDA,2025-12-19,1670.00,call,75.55,76.33,75.65,8,77.00,6,2,39,2024-05-17,0.46853,0.28749,0.00062,-0.18831,3.97758,3.04501
NVDA251219P01670000,NVDA,2025-12-19,1670.00,put,824.00,756.85,747.70,51,766.00,42,0,0,2024-05-17,0.64413,-0.58570,0.00052,-0.06200,4.54690,-20.71593
NVDA251219C01680000,NVDA,2025-12-19,1680.00,call,73.19,75.22,74.55,8,75.90,6,0,27,2024-05-17,0.46853,0.28406,0.00062,-0.18710,3.95492,3.01255
NVDA251219P01680000,NVDA,2025-12-19,1680.00,put,776.55,765.58,757.25,51,773.90,49,0,0,2024-05-17,0.64413,-0.58857,0.00052,-0.06007,4.53955,-20.88221
NVDA251219C01690000,NVDA,2025-12-19,1690.00,call,81.43,74.12,73.45,16,74.80,6,0,16,2024-05-17,0.46853,0.28066,0.00062,-0.18589,3.93212,2.98038
NVDA251219P01690000,NVDA,2025-12-19,1690.00,put,871.05,775.27,767.15,51,783.40,40,0,0,2024-05-17,0.64413,-0.59140,0.00052,-0.05813,4.53202,-21.04843
NVDA251219C01700000,NVDA,2025-12-19,1700.00,call,80.15,73.03,72.40,7,73.65,5,0,37,2024-05-17,0.46853,0.27731,0.00061,-0.18467,3.90919,2.94850
NVDA251219P01700000,NVDA,2025-12-19,1700.00,put,880.14,784.80,776.85,30,792.75,41,0,0,2024-05-17,0.64413,-0.59422,0.00052,-0.05618,4.52430,-21.21457
NVDA251219C01710000,NVDA,2025-12-19,1710.00,call,79.10,72.05,71.45,5,72.65,6,0,61,2024-05-17,0.46853,0.27399,0.00061,-0.18345,3.88615,2.91691
NVDA251219P01710000,NVDA,2025-12-19,1710.00,put,805.05,793.60,785.55,51,801.65,23,0,0,2024-05-17,0.64413,-0.59702,0.00052,-0.05422,4.51640,-21.38064
NVDA251219C01720000,NVDA,2025-12-19,1720.00,call,65.75,70.92,70.25,8,71.60,6,0,62,2024-05-17,0.46853,0.27072,0.00061,-0.18223,3.86300,2.88561
NVDA251219P01720000,NVDA,2025-12-19,1720.00,put,0.00,803.10,794.65,55,811.55,1,0,0,2024-05-17,0.64413,-0.59979,0.00051,-0.05224,4.50834,-21.54664
NVDA251219C01730000,NVDA,2025-12-19,1730.00,call,51.01,69.90,69.25,8,70.55,6,0,71,2024-05-17,0.46853,0.26748,0.00060,-0.18101,3.83975,2.85459
NVDA251219P01730000,NVDA,2025-12-19,1730.00,put,0.00,813.45,804.90,11,822.00,47,0,0,2024-05-17,0.66364,-0.59019,0.00050,-0.06021,4.53526,-21.67107
NVDA251219C01740000,NVDA,2025-12-19,1740.00,call,52.50,68.90,68.25,8,69.55,6,0,68,2024-05-17,0.46853,0.26428,0.00060,-0.17979,3.81641,2.82386
NVDA251219P01740000,NVDA,2025-12-19,1740.00,put,0.00,822.08,812.15,51,832.00,42,0,0,2024-05-17,0.66364,-0.59287,0.00050,-0.05829,4.52804,-21.83581
NVDA251219C01750000,NVDA,2025-12-19,1750.00,call,73.20,67.90,67.30,14,68.50,12,0,581,2024-05-17,0.46853,0.26112,0.00059,-0.17856,3.79299,2.79342
NVDA251219P01750000,NVDA,2025-12-19,1750.00,put,0.00,831.08,822.15,51,840.00,11,0,0,2024-05-17,0.66364,-0.59552,0.00050,-0.05636,4.52066,-22.00048
NVDA251219C01760000,NVDA,2025-12-19,1760.00,call,65.17,66.92,66.30,8,67.55,6,0,46,2024-05-17,0.46853,0.25800,0.00059,-0.17734,3.76949,2.76327
NVDA251219P01760000,NVDA,2025-12-19,1760.00,put,0.00,841.05,832.10,51,850.00,46,0,0,2024-05-17,0.66364,-0.59816,0.00050,-0.05441,4.51312,-22.16509
NVDA251219C01770000,NVDA,2025-12-19,1770.00,call,50.60,65.95,65.30,8,66.60,6,0,41,2024-05-17,0.46853,0.25491,0.00059,-0.17611,3.74592,2.73340
NVDA251219P01770000,NVDA,2025-12-19,1770.00,put,0.00,851.02,842.05,51,860.00,40,0,0,2024-05-17,0.66364,-0.60077,0.00050,-0.05247,4.50543,-22.32964
NVDA251219C01780000,NVDA,2025-12-19,1780.00,call,72.72,65.05,64.40,8,65.70,6,0,74,2024-05-17,0.46853,0.25186,0.00058,-0.17489,3.72230,2.70381
NVDA251219P01780000,NVDA,2025-12-19,1780.00,put,900.39,860.98,852.10,51,869.85,42,0,0,2024-05-17,0.68315,-0.59108,0.00049,-0.06051,4.53289,-22.45348
NVDA251219C01790000,NVDA,2025-12-19,1790.00,call,65.76,64.10,63.45,8,64.75,6,4,78,2024-05-17,0.46853,0.24885,0.00058,-0.17367,3.69862,2.67451
NVDA251219P01790000,NVDA,2025-12-19,1790.00,put,922.20,869.92,860.25,51,879.60,46,0,0,2024-05-17,0.68315,-0.59360,0.00049,-0.05861,4.52601,-22.61687
NVDA251219C01800000,NVDA,2025-12-19,1800.00,call,62.60,63.20,62.60,10,63.80,6,97,129,2024-05-17,0.46853,0.24587,0.00058,-0.17244,3.67489,2.64549
NVDA251219P01800000,NVDA,2025-12-19,1800.00,put,0.00,879.02,870.05,51,888.00,11,0,0,2024-05-17,0.68315,-0.59611,0.00049,-0.05670,4.51900,-22.78020
NVDA251219C01810000,NVDA,2025-12-19,1810.00,call,61.74,62.33,61.70,16,62.95,6,24,71,2024-05-17,0.46853,0.24293,0.00057,-0.17122,3.65113,2.61675
NVDA251219P01810000,NVDA,2025-12-19,1810.00,put,0.00,889.02,880.05,51,898.00,12,0,0,2024-05-17,0.68315,-0.59860,0.00049,-0.05478,4.51184,-22.94348
NVDA251219C01820000,NVDA,2025-12-19,1820.00,call,68.85,61.42,60.80,8,62.05,6,0,42,2024-05-17,0.46853,0.24002,0.00057,-0.17000,3.62733,2.58830
NVDA251219P01820000,NVDA,2025-12-19,1820.00,put,0.00,899.02,890.05,41,908.00,12,0,0,2024-05-17,0.68315,-0.60107,0.00048,-0.05285,4.50455,-23.10670
NVDA251219C01830000,NVDA,2025-12-19,1830.00,call,59.62,60.58,59.95,10,61.20,6,0,16,2024-05-17,0.46853,0.23715,0.00056,-0.16878,3.60350,2.56012
NVDA251219P01830000,NVDA,2025-12-19,1830.00,put,0.00,909.00,900.00,12,918.00,41,0,0,2024-05-17,0.70267,-0.59130,0.00047,-0.06096,4.53229,-23.23029
NVDA251219C01840000,NVDA,2025-12-19,1840.00,call,58.87,59.73,59.10,10,60.35,6,0,11,2024-05-17,0.46853,0.23431,0.00056,-0.16756,3.57966,2.53222
NVDA251219P01840000,NVDA,2025-12-19,1840.00,put,0.00,917.95,908.00,50,927.90,42,0,0,2024-05-17,0.70267,-0.59369,0.00047,-0.05908,4.52577,-23.39246
NVDA251219C01850000,NVDA,2025-12-19,1850.00,call,66.90,58.90,58.35,4,59.45,6,0,95,2024-05-17,0.46853,0.23151,0.00056,-0.16635,3.55580,2.50460
NVDA251219P01850000,NVDA,2025-12-19,1850.00,put,972.30,928.00,918.00,41,938.00,41,0,0,2024-05-17,0.70267,-0.59606,0.00047,-0.05719,4.51913,-23.55457
NVDA251219C01860000,NVDA,2025-12-19,1860.00,call,61.00,58.08,57.45,10,58.70,10,0,28,2024-05-17,0.46853,0.22874,0.00055,-0.16514,3.53194,2.47725
NVDA251219P01860000,NVDA,2025-12-19,1860.00,put,0.00,937.92,928.00,42,947.85,41,0,0,2024-05-17,0.70267,-0.59841,0.00047,-0.05529,4.51237,-23.71663
NVDA251219C01870000,NVDA,2025-12-19,1870.00,call,47.30,57.30,56.70,5,57.90,7,0,18,2024-05-17,0.46853,0.22600,0.00055,-0.16392,3.50807,2.45018
NVDA251219P01870000,NVDA,2025-12-19,1870.00,put,0.00,947.00,938.00,41,956.00,1,0,0,2024-05-17,0.70267,-0.60075,0.00047,-0.05339,4.50549,-23.87864
NVDA251219C01880000,NVDA,2025-12-19,1880.00,call,52.76,56.50,55.90,3,57.10,7,0,16,2024-05-17,0.46853,0.22330,0.00055,-0.16272,3.48420,2.42337
NVDA251219P01880000,NVDA,2025-12-19,1880.00,put,0.00,957.00,948.00,42,966.00,12,0,0,2024-05-17,0.72218,-0.59094,0.00046,-0.06155,4.53327,-24.00226
NVDA251219C01890000,NVDA,2025-12-19,1890.00,call,50.10,55.67,55.05,8,56.30,7,0,4,2024-05-17,0.46853,0.22062,0.00054,-0.16151,3.46034,2.39684
NVDA251219P01890000,NVDA,2025-12-19,1890.00,put,1071.05,967.00,958.00,11,976.00,12,0,0,2024-05-17,0.72218,-0.59320,0.00046,-0.05969,4.52713,-24.16330
NVDA251219C01900000,NVDA,2025-12-19,1900.00,call,60.11,54.95,54.40,3,55.50,6,0,26,2024-05-17,0.46853,0.21799,0.00054,-0.16031,3.43650,2.37058
NVDA251219P01900000,NVDA,2025-12-19,1900.00,put,1008.00,977.00,968.00,10,986.00,11,0,0,2024-05-17,0.72218,-0.59545,0.00046,-0.05782,4.52087,-24.32429
NVDA251219C01910000,NVDA,2025-12-19,1910.00,call,60.82,54.17,53.55,8,54.80,7,0,26,2024-05-17,0.46853,0.21538,0.00054,-0.15911,3.41267,2.34459
NVDA251219P01910000,NVDA,2025-12-19,1910.00,put,0.00,987.00,978.00,11,996.00,12,0,0,2024-05-17,0.72218,-0.59768,0.00046,-0.05595,4.51451,-24.48524
NVDA251219C01920000,NVDA,2025-12-19,1920.00,call,55.62,53.50,52.95,3,54.05,7,2,122,2024-05-17,0.46853,0.21280,0.00053,-0.15791,3.38887,2.31886
NVDA251219P01920000,NVDA,2025-12-19,1920.00,put,0.00,997.00,988.00,11,1006.00,12,0,0,2024-05-17,0.72218,-0.59989,0.00046,-0.05407,4.50804,-24.64614
NVDA251219C01930000,NVDA,2025-12-19,1930.00,call,53.43,52.67,52.25,5,53.10,1,94,59,2024-05-17,0.46853,0.21026,0.00053,-0.15672,3.36510,2.29340
NVDA251219P01930000,NVDA,2025-12-19,1930.00,put,0.00,1007.00,998.00,1,1016.00,22,0,0,2024-05-17,0.74169,-0.59005,0.00045,-0.06227,4.53565,-24.77003
NVDA251219C01940000,NVDA,2025-12-19,1940.00,call,52.20,52.05,51.50,10,52.60,7,29,250,2024-05-17,0.46853,0.20775,0.00052,-0.15553,3.34135,2.26820
NVDA251219P01940000,NVDA,2025-12-19,1940.00,put,0.00,1017.00,1008.00,1,1026.00,22,0,0,2024-05-17,0.74169,-0.59219,0.00045,-0.06043,4.52988,-24.93004
NVDA260116C00005000,NVDA,2026-01-16,5.00,call,920.95,922.05,914.00,13,930.10,5,52,2513,2024-05-17,2.55628,0.99944,0.00000,-0.00527,0.02355,0.03685
NVDA260116P00005000,NVDA,2026-01-16,5.00,put,0.04,0.06,0.05,2,0.06,20,13,1511,2024-05-17,1.46362,-0.00009,0.00000,-0.00048,0.00416,-0.00238
NVDA260116C00010000,NVDA,2026-01-16,10.00,call,897.95,917.58,911.75,5,923.40,5,0,90,2024-05-17,2.00995,0.99895,0.00000,-0.00785,0.04202,0.10446
NVDA260116P00010000,NVDA,2026-01-16,10.00,put,0.01,0.01,0.00,0,0.06,10,0,1142,2024-05-17,1.05388,-0.00002,0.00000,-0.00010,0.00120,-0.00051
NVDA260116C00015000,NVDA,2026-01-16,15.00,call,0.00,912.85,906.90,5,918.80,5,0,0,2024-05-17,1.73679,0.99864,0.00000,-0.00914,0.05318,0.17744
NVDA260116P00015000,NVDA,2026-01-16,15.00,put,0.08,0.08,0.01,1,0.15,10,0,43,2024-05-17,1.13192,-0.00015,0.00000,-0.00062,0.00703,-0.00362
NVDA260116C00020000,NVDA,2026-01-16,20.00,call,876.43,908.45,902.60,5,914.30,5,0,24,2024-05-17,1.60021,0.99831,0.00000,-0.01068,0.06490,0.24616
NVDA260116P00020000,NVDA,2026-01-16,20.00,put,0.05,0.01,0.00,0,0.50,84,0,74,2024-05-17,0.87827,-0.00003,0.00000,-0.00010,0.00145,-0.00059
NVDA260116C00025000,NVDA,2026-01-16,25.00,call,0.00,903.88,897.90,5,909.85,5,0,0,2024-05-17,1.48313,0.99807,0.00000,-0.01173,0.07340,0.31858
NVDA260116P00025000,NVDA,2026-01-16,25.00,put,0.07,0.01,0.00,0,0.25,2,0,72,2024-05-17,0.83925,-0.00004,0.00000,-0.00013,0.00191,-0.00078
NVDA260116C00030000,NVDA,2026-01-16,30.00,call,770.08,899.28,893.45,5,905.10,5,0,2,2024-05-17,1.38558,0.99788,0.00000,-0.01251,0.07976,0.39282
NVDA260116P00030000,NVDA,2026-01-16,30.00,put,0.10,0.01,0.00,0,0.10,3,0,108,2024-05-17,0.78071,-0.00003,0.00000,-0.00010,0.00165,-0.00065
NVDA260116C00035000,NVDA,2026-01-16,35.00,call,0.00,894.72,888.90,5,900.55,5,0,0,2024-05-17,1.30753,0.99771,0.00000,-0.01327,0.08549,0.46711
NVDA260116P00035000,NVDA,2026-01-16,35.00,put,0.09,0.01,0.00,0,0.56,41,0,36,2024-05-17,0.74169,-0.00003,0.00000,-0.00010,0.00167,-0.00065
NVDA260116C00040000,NVDA,2026-01-16,40.00,call,447.84,890.08,884.20,5,895.95,5,0,1,2024-05-17,1.24899,0.99751,0.00001,-0.01419,0.09233,0.53977
NVDA260116P00040000,NVDA,2026-01-16,40.00,put,0.07,0.30,0.02,4,0.58,40,0,112,2024-05-17,0.97583,-0.00071,0.00000,-0.00219,0.02917,-0.01629
NVDA260116C00045000,NVDA,2026-01-16,45.00,call,0.00,885.50,879.60,11,891.40,5,0,0,2024-05-17,1.19046,0.99739,0.00001,-0.01482,0.09655,0.61496
NVDA260116P00045000,NVDA,2026-01-16,45.00,put,0.10,0.01,0.00,0,0.60,82,0,143,2024-05-17,0.68315,-0.00004,0.00000,-0.00010,0.00182,-0.00070
NVDA260116C00050000,NVDA,2026-01-16,50.00,call,800.86,880.98,875.50,5,886.45,5,0,25,2024-05-17,1.15144,0.99715,0.00001,-0.01586,0.10421,0.68642
NVDA260116P00050000,NVDA,2026-01-16,50.00,put,0.16,0.23,0.10,1,0.36,200,0,108,2024-05-17,0.87827,-0.00065,0.00000,-0.00182,0.02694,-0.01422
NVDA260116C00055000,NVDA,2026-01-16,55.00,call,810.63,876.40,870.50,5,882.30,5,0,17,2024-05-17,1.11241,0.99697,0.00001,-0.01672,0.11030,0.75939
NVDA260116P00055000,NVDA,2026-01-16,55.00,put,0.09,0.01,0.00,0,0.64,43,0,35,2024-05-17,0.64413,-0.00005,0.00000,-0.00011,0.00224,-0.00086
NVDA260116C00060000,NVDA,2026-01-16,60.00,call,791.26,871.90,865.95,5,877.85,5,0,51,2024-05-17,1.07339,0.99683,0.00001,-0.01741,0.11470,0.83391
NVDA260116P00060000,NVDA,2026-01-16,60.00,put,0.19,0.24,0.15,1,0.34,1,0,225,2024-05-17,0.81974,-0.00070,0.00000,-0.00181,0.02879,-0.01490
NVDA260116C00070000,NVDA,2026-01-16,70.00,call,629.18,862.78,856.95,5,868.60,5,0,27,2024-05-17,1.01485,0.99645,0.00001,-0.01916,0.12712,0.97925
NVDA260116P00070000,NVDA,2026-01-16,70.00,put,0.32,0.01,0.00,0,0.72,40,0,227,2024-05-17,0.58560,-0.00005,0.00000,-0.00010,0.00230,-0.00087
NVDA260116C00080000,NVDA,2026-01-16,80.00,call,620.00,853.70,847.85,5,859.55,5,0,10,2024-05-17,0.95632,0.99622,0.00001,-0.02045,0.13457,1.12896
NVDA260116P00080000,NVDA,2026-01-16,80.00,put,0.01,0.01,0.00,0,0.78,45,0,1344,2024-05-17,0.56608,-0.00006,0.00000,-0.00013,0.00306,-0.00117
NVDA260116C00090000,NVDA,2026-01-16,90.00,call,621.96,844.50,838.60,5,850.40,5,0,17,2024-05-17,0.91729,0.99578,0.00001,-0.02233,0.14854,1.27263
NVDA260116P00090000,NVDA,2026-01-16,90.00,put,0.30,0.01,0.00,0,0.85,46,0,204,2024-05-17,0.52706,-0.00005,0.00000,-0.00010,0.00244,-0.00090
NVDA260116C00100000,NVDA,2026-01-16,100.00,call,850.19,835.42,830.15,5,840.70,5,0,23,2024-05-17,0.87827,0.99542,0.00001,-0.02393,0.15959,1.41886
NVDA260116P00100000,NVDA,2026-01-16,100.00,put,0.33,0.44,0.20,2,0.69,49,0,811,2024-05-17,0.70267,-0.00134,0.00001,-0.00279,0.05254,-0.02761
NVDA260116C00110000,NVDA,2026-01-16,110.00,call,700.00,826.40,820.55,5,832.25,5,0,4,2024-05-17,0.83925,0.99517,0.00001,-0.02525,0.16736,1.56786
NVDA260116P00110000,NVDA,2026-01-16,110.00,put,0.61,0.64,0.42,1,0.85,57,0,213,2024-05-17,0.70267,-0.00188,0.00001,-0.00379,0.07161,-0.03912
NVDA260116C00120000,NVDA,2026-01-16,120.00,call,760.24,817.23,811.35,5,823.10,5,0,7,2024-05-17,0.80022,0.99504,0.00002,-0.02632,0.17156,1.71972
NVDA260116P00120000,NVDA,2026-01-16,120.00,put,0.72,0.66,0.47,252,0.85,29,0,488,2024-05-17,0.68315,-0.00214,0.00001,-0.00414,0.08067,-0.04434
NVDA260116C00130000,NVDA,2026-01-16,130.00,call,769.60,808.15,802.25,11,814.05,5,0,23,2024-05-17,0.78071,0.99443,0.00002,-0.02847,0.19027,1.85933
NVDA260116P00130000,NVDA,2026-01-16,130.00,put,0.81,0.82,0.47,5,1.17,19,0,2784,2024-05-17,0.66364,-0.00239,0.00001,-0.00442,0.08909,-0.04915
NVDA260116C00140000,NVDA,2026-01-16,140.00,call,558.60,799.12,793.20,11,805.05,5,0,26,2024-05-17,0.76120,0.99383,0.00002,-0.03051,0.20825,1.99951
NVDA260116P00140000,NVDA,2026-01-16,140.00,put,0.94,0.80,0.43,100,1.17,33,0,244,2024-05-17,0.64413,-0.00262,0.00001,-0.00465,0.09670,-0.05343
NVDA260116C00150000,NVDA,2026-01-16,150.00,call,818.12,790.15,784.90,5,795.40,5,0,9,2024-05-17,0.74169,0.99325,0.00002,-0.03246,0.22535,2.14045
NVDA260116P00150000,NVDA,2026-01-16,150.00,put,1.18,1.05,0.93,140,1.17,63,0,594,2024-05-17,0.64413,-0.00337,0.00001,-0.00582,0.12147,-0.06928
NVDA260116C00160000,NVDA,2026-01-16,160.00,call,631.46,781.28,775.35,5,787.20,5,0,31,2024-05-17,0.72218,0.99271,0.00002,-0.03429,0.24138,2.28228
NVDA260116P00160000,NVDA,2026-01-16,160.00,put,1.40,1.23,1.01,252,1.44,24,0,292,2024-05-17,0.64413,-0.00425,0.00002,-0.00713,0.14943,-0.08786
NVDA260116C00170000,NVDA,2026-01-16,170.00,call,722.05,772.15,766.35,5,777.95,5,0,58,2024-05-17,0.70267,0.99220,0.00003,-0.03601,0.25620,2.42515
NVDA260116P00170000,NVDA,2026-01-16,170.00,put,1.82,1.42,1.01,10,1.83,21,0,194,2024-05-17,0.62462,-0.00449,0.00002,-0.00724,0.15687,-0.09199
NVDA260116C00180000,NVDA,2026-01-16,180.00,call,655.50,763.30,757.35,6,769.25,12,0,49,2024-05-17,0.68315,0.99173,0.00003,-0.03761,0.26967,2.56917
NVDA260116P00180000,NVDA,2026-01-16,180.00,put,2.01,1.60,1.38,243,1.83,190,0,308,2024-05-17,0.62462,-0.00551,0.00002,-0.00866,0.18830,-0.11361
NVDA260116C00190000,NVDA,2026-01-16,190.00,call,753.21,754.25,748.60,24,759.90,24,2,29,2024-05-17,0.66364,0.99131,0.00003,-0.03910,0.28163,2.71447
NVDA260116P00190000,NVDA,2026-01-16,190.00,put,2.59,1.83,1.38,10,2.28,44,0,172,2024-05-17,0.60511,-0.00571,0.00002,-0.00864,0.19452,-0.11677
NVDA260116C00200000,NVDA,2026-01-16,200.00,call,608.00,745.33,740.20,24,750.45,24,0,93,2024-05-17,0.66364,0.98979,0.00003,-0.04246,0.32413,2.83337
NVDA260116P00200000,NVDA,2026-01-16,200.00,put,2.08,2.08,1.88,181,2.28,51,0,498,2024-05-17,0.60511,-0.00688,0.00003,-0.01015,0.22915,-0.14130
NVDA260116C00210000,NVDA,2026-01-16,210.00,call,764.38,736.42,730.80,24,742.05,24,0,32,2024-05-17,0.64413,0.98941,0.00004,-0.04379,0.33478,2.97992
NVDA260116P00210000,NVDA,2026-01-16,210.00,put,3.35,2.46,1.88,10,3.05,49,0,155,2024-05-17,0.60511,-0.00817,0.00003,-0.01177,0.26672,-0.16880
NVDA260116C00220000,NVDA,2026-01-16,220.00,call,640.00,727.55,721.90,24,733.20,24,0,34,2024-05-17,0.62462,0.98909,0.00004,-0.04500,0.34356,3.12808
NVDA260116P00220000,NVDA,2026-01-16,220.00,put,2.96,2.73,2.10,25,3.35,49,0,162,2024-05-17,0.58560,-0.00833,0.00003,-0.01155,0.27131,-0.17041
NVDA260116C00230000,NVDA,2026-01-16,230.00,call,726.10,718.67,713.05,24,724.30,24,1,25,2024-05-17,0.62462,0.98740,0.00004,-0.04835,0.38924,3.24364
NVDA260116P00230000,NVDA,2026-01-16,230.00,put,2.83,3.16,2.61,10,3.70,53,0,169,2024-05-17,0.58560,-0.00976,0.00004,-0.01323,0.31176,-0.20074
NVDA260116C00240000,NVDA,2026-01-16,240.00,call,637.00,709.88,704.25,24,715.50,24,0,57,2024-05-17,0.60511,0.98714,0.00005,-0.04938,0.39616,3.39364
NVDA260116P00240000,NVDA,2026-01-16,240.00,put,5.00,3.35,2.76,13,3.95,39,0,118,2024-05-17,0.58560,-0.01133,0.00004,-0.01502,0.35497,-0.23418
NVDA260116C00250000,NVDA,2026-01-16,250.00,call,729.10,701.10,696.00,24,706.20,24,0,94,2024-05-17,0.60511,0.98530,0.00005,-0.05277,0.44450,3.50613
NVDA260116P00250000,NVDA,2026-01-16,250.00,put,3.70,3.78,3.60,127,3.95,45,3,338,2024-05-17,0.56608,-0.01142,0.00004,-0.01456,0.35733,-0.23347
NVDA260116C00260000,NVDA,2026-01-16,260.00,call,720.86,692.33,686.70,24,697.95,24,0,18,2024-05-17,0.60511,0.98333,0.00006,-0.05624,0.49522,3.61535
NVDA260116P00260000,NVDA,2026-01-16,260.00,put,4.83,4.20,3.90,218,4.50,51,0,333,2024-05-17,0.56608,-0.01312,0.00005,-0.01638,0.40315,-0.26964
NVDA260116C00270000,NVDA,2026-01-16,270.00,call,626.93,683.58,677.95,24,689.20,24,0,79,2024-05-17,0.58560,0.98314,0.00006,-0.05702,0.50010,3.76789
NVDA260116P00270000,NVDA,2026-01-16,270.00,put,5.20,4.65,4.45,134,4.85,37,0,504,2024-05-17,0.56608,-0.01497,0.00006,-0.01828,0.45156,-0.30901
NVDA260116C00280000,NVDA,2026-01-16,280.00,call,635.74,674.92,669.30,28,680.55,28,0,41,2024-05-17,0.58560,0.98102,0.00007,-0.06050,0.55321,3.87417
NVDA260116P00280000,NVDA,2026-01-16,280.00,put,5.00,5.12,4.80,180,5.45,59,0,272,2024-05-17,0.56608,-0.01695,0.00006,-0.02027,0.50242,-0.35163
NVDA260116C00290000,NVDA,2026-01-16,290.00,call,605.85,666.27,660.65,28,671.90,28,0,22,2024-05-17,0.58560,0.97877,0.00007,-0.06406,0.60846,3.97714
NVDA260116P00290000,NVDA,2026-01-16,290.00,put,5.50,5.55,5.10,26,6.00,5,0,799,2024-05-17,0.54657,-0.01694,0.00006,-0.01949,0.50203,-0.34730
NVDA260116C00300000,NVDA,2026-01-16,300.00,call,500.50,657.47,652.55,24,662.40,4,0,248,2024-05-17,0.56608,0.97866,0.00008,-0.06457,0.61102,4.13282
NVDA260116P00300000,NVDA,2026-01-16,300.00,put,6.00,6.03,5.65,10,6.40,1,0,2990,2024-05-17,0.54657,-0.01906,0.00007,-0.02148,0.55523,-0.39260
NVDA260116C00310000,NVDA,2026-01-16,310.00,call,492.30,649.05,643.45,28,654.65,28,0,12,2024-05-17,0.56608,0.97626,0.00008,-0.06812,0.66849,4.23293
NVDA260116P00310000,NVDA,2026-01-16,310.00,put,7.45,6.83,6.50,176,7.15,37,0,80,2024-05-17,0.54657,-0.02133,0.00008,-0.02354,0.61070,-0.44121
NVDA260116C00315000,NVDA,2026-01-16,315.00,call,501.00,644.80,639.15,24,650.45,28,0,12,2024-05-17,0.56608,0.97501,0.00009,-0.06991,0.69795,4.28174
NVDA260116P00315000,NVDA,2026-01-16,315.00,put,7.95,7.12,6.80,172,7.45,41,0,55,2024-05-17,0.54657,-0.02251,0.00008,-0.02460,0.63925,-0.46677
NVDA260116C00320000,NVDA,2026-01-16,320.00,call,563.18,640.38,634.70,6,646.05,28,0,24,2024-05-17,0.56608,0.97372,0.00009,-0.07172,0.72787,4.32972
NVDA260116P00320000,NVDA,2026-01-16,320.00,put,7.36,7.45,7.15,166,7.75,17,0,220,2024-05-17,0.54657,-0.02373,0.00009,-0.02567,0.66831,-0.49316
NVDA260116C00325000,NVDA,2026-01-16,325.00,call,333.36,636.40,630.65,28,642.15,6,0,80,2024-05-17,0.56608,0.97240,0.00009,-0.07355,0.75825,4.37687
NVDA260116P00325000,NVDA,2026-01-16,325.00,put,7.69,7.80,7.50,163,8.10,17,1,135,2024-05-17,0.54657,-0.02499,0.00009,-0.02676,0.69788,-0.52039
NVDA260116C00330000,NVDA,2026-01-16,330.00,call,493.40,631.97,626.40,28,637.55,28,0,33,2024-05-17,0.54657,0.97372,0.00009,-0.07195,0.72792,4.48906
NVDA260116P00330000,NVDA,2026-01-16,330.00,put,9.00,8.15,7.85,156,8.45,17,0,62,2024-05-17,0.54657,-0.02628,0.00009,-0.02787,0.72792,-0.54846
NVDA260116C00335000,NVDA,2026-01-16,335.00,call,379.20,627.80,622.20,28,633.40,28,0,15,2024-05-17,0.54657,0.97240,0.00010,-0.07374,0.75844,4.53648
NVDA260116P00335000,NVDA,2026-01-16,335.00,put,12.30,8.50,8.20,162,8.80,17,0,87,2024-05-17,0.54657,-0.02760,0.00010,-0.02898,0.75844,-0.57736
NVDA260116C00340000,NVDA,2026-01-16,340.00,call,569.25,623.50,617.95,28,629.05,30,0,24,2024-05-17,0.54657,0.97104,0.00010,-0.07554,0.78940,4.58305
NVDA260116P00340000,NVDA,2026-01-16,340.00,put,12.00,8.88,8.55,165,9.20,17,0,89,2024-05-17,0.54657,-0.02896,0.00010,-0.03011,0.78940,-0.60711
NVDA260116C00345000,NVDA,2026-01-16,345.00,call,560.79,619.10,613.75,24,624.45,29,0,16,2024-05-17,0.54657,0.96964,0.00011,-0.07734,0.82079,4.62879
NVDA260116P00345000,NVDA,2026-01-16,345.00,put,13.60,9.27,8.95,165,9.60,35,0,84,2024-05-17,0.52706,-0.02747,0.00010,-0.02772,0.75539,-0.56750
NVDA260116C00350000,NVDA,2026-01-16,350.00,call,643.64,615.48,610.70,6,620.25,28,0,143,2024-05-17,0.54657,0.96822,0.00011,-0.07916,0.85260,4.67369
NVDA260116P00350000,NVDA,2026-01-16,350.00,put,9.80,9.93,9.45,8,10.40,35,4,1918,2024-05-17,0.54657,-0.03178,0.00011,-0.03240,0.85260,-0.66912
NVDA260116C00355000,NVDA,2026-01-16,355.00,call,570.00,610.83,605.20,40,616.45,28,0,22,2024-05-17,0.54657,0.96676,0.00011,-0.08099,0.88480,4.71776
NVDA260116P00355000,NVDA,2026-01-16,355.00,put,10.00,10.07,9.75,161,10.40,17,10,180,2024-05-17,0.52706,-0.03023,0.00011,-0.02991,0.81803,-0.62719
NVDA260116C00360000,NVDA,2026-01-16,360.00,call,610.96,606.80,601.25,40,612.35,8,1,88,2024-05-17,0.54657,0.96526,0.00012,-0.08284,0.91737,4.76099
NVDA260116P00360000,NVDA,2026-01-16,360.00,put,10.50,10.52,10.20,155,10.85,17,1,124,2024-05-17,0.52706,-0.03167,0.00011,-0.03102,0.85002,-0.65831
NVDA260116C00365000,NVDA,2026-01-16,365.00,call,546.26,602.67,597.10,24,608.25,28,0,12,2024-05-17,0.54657,0.96373,0.00012,-0.08468,0.95031,4.80339
NVDA260116P00365000,NVDA,2026-01-16,365.00,put,14.73,10.98,10.65,149,11.30,17,0,190,2024-05-17,0.52706,-0.03314,0.00012,-0.03214,0.88243,-0.69028
NVDA260116C00370000,NVDA,2026-01-16,370.00,call,575.48,598.48,592.95,40,604.00,28,0,55,2024-05-17,0.52706,0.96536,0.00012,-0.08271,0.91523,4.92503
NVDA260116P00370000,NVDA,2026-01-16,370.00,put,16.12,11.43,11.10,143,11.75,17,0,195,2024-05-17,0.52706,-0.03464,0.00012,-0.03328,0.91523,-0.72309
NVDA260116C00375000,NVDA,2026-01-16,375.00,call,596.39,594.35,588.80,28,599.90,28,0,38,2024-05-17,0.52706,0.96382,0.00013,-0.08452,0.94842,4.96769
NVDA260116P00375000,NVDA,2026-01-16,375.00,put,17.20,11.88,11.55,162,12.20,17,0,172,2024-05-17,0.52706,-0.03618,0.00013,-0.03442,0.94842,-0.75675
NVDA260116C00380000,NVDA,2026-01-16,380.00,call,634.13,590.27,586.05,1,594.50,1,0,86,2024-05-17,0.52706,0.96225,0.00013,-0.08634,0.98198,5.00952
NVDA260116P00380000,NVDA,2026-01-16,380.00,put,14.58,12.38,12.05,146,12.70,17,0,162,2024-05-17,0.52706,-0.03775,0.00013,-0.03557,0.98198,-0.79126
NVDA260116C00385000,NVDA,2026-01-16,385.00,call,614.80,586.20,584.50,5,587.90,2,0,37,2024-05-17,0.52706,0.96064,0.00014,-0.08816,1.01588,5.05049
NVDA260116P00385000,NVDA,2026-01-16,385.00,put,14.40,12.88,12.55,149,13.20,16,0,231,2024-05-17,0.52706,-0.03936,0.00014,-0.03673,1.01588,-0.82661
NVDA260116C00390000,NVDA,2026-01-16,390.00,call,556.00,582.00,580.25,2,583.75,1,0,99,2024-05-17,0.52706,0.95901,0.00014,-0.08999,1.05012,5.09063
NVDA260116P00390000,NVDA,2026-01-16,390.00,put,13.22,13.40,13.05,159,13.75,33,2,198,2024-05-17,0.52706,-0.04099,0.00014,-0.03789,1.05012,-0.86279
NVDA260116C00395000,NVDA,2026-01-16,395.00,call,475.22,578.05,576.35,5,579.75,2,0,47,2024-05-17,0.52706,0.95733,0.00014,-0.09183,1.08467,5.12994
NVDA260116P00395000,NVDA,2026-01-16,395.00,put,15.50,13.95,13.70,81,14.20,16,0,452,2024-05-17,0.52706,-0.04267,0.00014,-0.03906,1.08467,-0.89981
NVDA260116C00400000,NVDA,2026-01-16,400.00,call,553.40,574.40,571.25,10,577.55,10,0,801,2024-05-17,0.52706,0.95563,0.00015,-0.09368,1.11951,5.16841
NVDA260116P00400000,NVDA,2026-01-16,400.00,put,14.01,14.60,13.90,1,15.30,34,0,1616,2024-05-17,0.52706,-0.04437,0.00015,-0.04024,1.11951,-0.93767
NVDA260116C00405000,NVDA,2026-01-16,405.00,call,493.50,569.95,568.25,5,571.65,2,0,123,2024-05-17,0.52706,0.95389,0.00015,-0.09553,1.15463,5.20605
NVDA260116P00405000,NVDA,2026-01-16,405.00,put,19.21,15.05,14.70,146,15.40,32,0,116,2024-05-17,0.52706,-0.04611,0.00015,-0.04142,1.15463,-0.97636
NVDA260116C00410000,NVDA,2026-01-16,410.00,call,592.17,565.92,564.25,5,567.60,2,0,213,2024-05-17,0.52706,0.95212,0.00016,-0.09738,1.19002,5.24286
NVDA260116P00410000,NVDA,2026-01-16,410.00,put,15.05,15.62,15.25,147,16.00,32,0,119,2024-05-17,0.52706,-0.04788,0.00016,-0.04260,1.19002,-1.01587
NVDA260116C00415000,NVDA,2026-01-16,415.00,call,600.64,561.95,560.30,1,563.60,2,0,126,2024-05-17,0.52706,0.95032,0.00016,-0.09924,1.22564,5.27885
NVDA260116P00415000,NVDA,2026-01-16,415.00,put,21.80,16.25,15.90,130,16.60,15,0,303,2024-05-17,0.52706,-0.04968,0.00016,-0.04379,1.22564,-1.05620
NVDA260116C00420000,NVDA,2026-01-16,420.00,call,456.72,557.95,556.30,5,559.60,2,0,466,2024-05-17,0.52706,0.94849,0.00017,-0.10110,1.26150,5.31403
NVDA260116P00420000,NVDA,2026-01-16,420.00,put,18.86,16.88,15.95,5,17.80,36,0,1046,2024-05-17,0.50755,-0.04772,0.00016,-0.04071,1.18686,-0.99901
NVDA260116C00425000,NVDA,2026-01-16,425.00,call,512.95,553.97,552.30,5,555.65,2,0,234,2024-05-17,0.52706,0.94663,0.00017,-0.10296,1.29757,5.34839
NVDA260116P00425000,NVDA,2026-01-16,425.00,put,16.93,17.48,17.10,140,17.85,15,0,61,2024-05-17,0.50755,-0.04954,0.00017,-0.04187,1.22292,-1.03916
NVDA260116C00430000,NVDA,2026-01-16,430.00,call,527.88,550.05,548.40,5,551.70,2,0,221,2024-05-17,0.52706,0.94474,0.00018,-0.10482,1.33383,5.38195
NVDA260116P00430000,NVDA,2026-01-16,430.00,put,17.23,18.18,17.85,36,18.50,15,0,160,2024-05-17,0.50755,-0.05139,0.00017,-0.04302,1.25924,-1.08015
NVDA260116C00435000,NVDA,2026-01-16,435.00,call,555.50,546.10,544.45,5,547.75,2,2,295,2024-05-17,0.52706,0.94282,0.00018,-0.10669,1.37027,5.41470
NVDA260116P00435000,NVDA,2026-01-16,435.00,put,21.38,18.88,18.55,43,19.20,30,0,82,2024-05-17,0.50755,-0.05328,0.00018,-0.04418,1.29580,-1.12197
NVDA260116C00440000,NVDA,2026-01-16,440.00,call,493.10,542.20,540.55,5,543.85,2,0,196,2024-05-17,0.50755,0.94480,0.00018,-0.10412,1.33257,5.55206
NVDA260116P00440000,NVDA,2026-01-16,440.00,put,18.64,19.55,19.20,33,19.90,14,0,374,2024-05-17,0.50755,-0.05520,0.00018,-0.04534,1.33257,-1.16463
NVDA260116C00445000,NVDA,2026-01-16,445.00,call,547.90,538.23,536.50,2,539.95,2,12,156,2024-05-17,0.50755,0.94286,0.00019,-0.10595,1.36954,5.58490
NVDA260116P00445000,NVDA,2026-01-16,445.00,put,19.46,20.23,19.90,33,20.55,7,0,377,2024-05-17,0.50755,-0.05714,0.00019,-0.04650,1.36954,-1.20811
NVDA260116C00450000,NVDA,2026-01-16,450.00,call,532.40,534.42,532.85,2,536.00,1,21,1028,2024-05-17,0.50755,0.94088,0.00019,-0.10778,1.40669,5.61692
NVDA260116P00450000,NVDA,2026-01-16,450.00,put,20.85,21.02,20.80,6,21.25,8,6,1537,2024-05-17,0.50755,-0.05912,0.00019,-0.04766,1.40669,-1.25241
NVDA260116C00455000,NVDA,2026-01-16,455.00,call,532.00,530.50,528.80,2,532.20,2,5,266,2024-05-17,0.50755,0.93886,0.00020,-0.10961,1.44402,5.64813
NVDA260116P00455000,NVDA,2026-01-16,455.00,put,21.14,21.90,20.85,10,22.95,28,0,1089,2024-05-17,0.50755,-0.06114,0.00020,-0.04882,1.44402,-1.29753
NVDA260116C00460000,NVDA,2026-01-16,460.00,call,536.75,526.65,524.95,2,528.35,2,22,310,2024-05-17,0.50755,0.93682,0.00020,-0.11143,1.48149,5.67853
NVDA260116P00460000,NVDA,2026-01-16,460.00,put,21.63,22.50,22.10,41,22.90,14,0,170,2024-05-17,0.50755,-0.06318,0.00020,-0.04998,1.48149,-1.34346
NVDA260116C00465000,NVDA,2026-01-16,465.00,call,532.90,522.85,521.20,5,524.50,2,4,90,2024-05-17,0.50755,0.93475,0.00021,-0.11326,1.51911,5.70813
NVDA260116P00465000,NVDA,2026-01-16,465.00,put,25.67,23.27,22.85,31,23.70,13,0,30,2024-05-17,0.50755,-0.06525,0.00021,-0.05114,1.51911,-1.39019
NVDA260116C00470000,NVDA,2026-01-16,470.00,call,528.70,519.08,517.40,5,520.75,5,22,155,2024-05-17,0.50755,0.93265,0.00021,-0.11508,1.55684,5.73692
NVDA260116P00470000,NVDA,2026-01-16,470.00,put,23.80,24.12,23.85,6,24.40,13,1,471,2024-05-17,0.50755,-0.06735,0.00021,-0.05229,1.55684,-1.43772
NVDA260116C00475000,NVDA,2026-01-16,475.00,call,522.90,515.25,513.55,2,516.95,2,10,139,2024-05-17,0.50755,0.93052,0.00022,-0.11691,1.59468,5.76493
NVDA260116P00475000,NVDA,2026-01-16,475.00,put,23.95,24.98,24.60,23,25.35,13,0,127,2024-05-17,0.50755,-0.06948,0.00022,-0.05345,1.59468,-1.48604
NVDA260116C00480000,NVDA,2026-01-16,480.00,call,505.50,511.45,507.30,2,515.60,1,7,961,2024-05-17,0.50755,0.92836,0.00023,-0.11873,1.63261,5.79215
NVDA260116P00480000,NVDA,2026-01-16,480.00,put,24.79,25.77,25.35,40,26.20,13,0,302,2024-05-17,0.50755,-0.07164,0.00023,-0.05460,1.63261,-1.53515
NVDA260116C00485000,NVDA,2026-01-16,485.00,call,516.05,508.00,503.40,23,512.60,2,8,911,2024-05-17,0.50755,0.92618,0.00023,-0.12054,1.67061,5.81858
NVDA260116P00485000,NVDA,2026-01-16,485.00,put,26.20,26.70,26.35,19,27.05,13,1,98,2024-05-17,0.50755,-0.07382,0.00023,-0.05574,1.67061,-1.58503
NVDA260116C00490000,NVDA,2026-01-16,490.00,call,510.30,504.00,502.30,2,505.70,2,4,128,2024-05-17,0.50755,0.92397,0.00024,-0.12235,1.70868,5.84425
NVDA260116P00490000,NVDA,2026-01-16,490.00,put,26.57,27.90,26.95,23,28.85,44,0,767,2024-05-17,0.50755,-0.07603,0.00024,-0.05689,1.70868,-1.63569
NVDA260116C00495000,NVDA,2026-01-16,495.00,call,509.80,500.35,498.70,5,502.00,5,4,109,2024-05-17,0.50755,0.92173,0.00024,-0.12416,1.74679,5.86915
NVDA260116P00495000,NVDA,2026-01-16,495.00,put,40.00,28.48,28.10,30,28.85,12,0,266,2024-05-17,0.50755,-0.07827,0.00024,-0.05802,1.74679,-1.68712
NVDA260116C00500000,NVDA,2026-01-16,500.00,call,497.70,495.98,490.95,41,501.00,2,7,1295,2024-05-17,0.50755,0.91946,0.00025,-0.12596,1.78493,5.89330
NVDA260116P00500000,NVDA,2026-01-16,500.00,put,29.35,29.43,29.10,7,29.75,5,3,1531,2024-05-17,0.50755,-0.08054,0.00025,-0.05916,1.78493,-1.73930
NVDA260116C00505000,NVDA,2026-01-16,505.00,call,499.50,492.90,491.30,5,494.50,3,4,175,2024-05-17,0.50755,0.91717,0.00025,-0.12775,1.82310,5.91669
NVDA260116P00505000,NVDA,2026-01-16,505.00,put,35.65,30.43,30.10,10,30.75,25,0,458,2024-05-17,0.50755,-0.08283,0.00025,-0.06028,1.82310,-1.79224
NVDA260116C00510000,NVDA,2026-01-16,510.00,call,491.10,489.32,487.70,10,490.95,3,10,55,2024-05-17,0.50755,0.91485,0.00026,-0.12954,1.86126,5.93933
NVDA260116P00510000,NVDA,2026-01-16,510.00,put,30.70,31.27,30.95,28,31.60,7,1,594,2024-05-17,0.50755,-0.08515,0.00026,-0.06140,1.86126,-1.84592
NVDA260116C00515000,NVDA,2026-01-16,515.00,call,492.50,485.62,483.95,3,487.30,3,2,34,2024-05-17,0.50755,0.91251,0.00026,-0.13132,1.89942,5.96124
NVDA260116P00515000,NVDA,2026-01-16,515.00,put,35.70,32.30,31.85,28,32.75,24,0,79,2024-05-17,0.50755,-0.08749,0.00026,-0.06252,1.89942,-1.90033
NVDA260116C00520000,NVDA,2026-01-16,520.00,call,488.00,482.02,480.35,3,483.70,3,12,159,2024-05-17,0.50755,0.91014,0.00027,-0.13310,1.93756,5.98242
NVDA260116P00520000,NVDA,2026-01-16,520.00,put,32.95,33.30,32.85,27,33.75,24,0,318,2024-05-17,0.50755,-0.08986,0.00027,-0.06363,1.93756,-1.95548
NVDA260116C00525000,NVDA,2026-01-16,525.00,call,476.45,478.48,476.85,10,480.10,3,6,44,2024-05-17,0.50755,0.90775,0.00027,-0.13487,1.97567,6.00288
NVDA260116P00525000,NVDA,2026-01-16,525.00,put,42.60,34.22,33.65,35,34.80,11,0,125,2024-05-17,0.50755,-0.09225,0.00027,-0.06472,1.97567,-2.01135
NVDA260116C00530000,NVDA,2026-01-16,530.00,call,481.50,474.85,473.15,3,476.55,5,8,110,2024-05-17,0.50755,0.90534,0.00028,-0.13662,2.01373,6.02262
NVDA260116P00530000,NVDA,2026-01-16,530.00,put,34.78,35.23,34.70,13,35.75,12,1,171,2024-05-17,0.50755,-0.09466,0.00028,-0.06581,2.01373,-2.06793
NVDA260116C00535000,NVDA,2026-01-16,535.00,call,472.45,471.38,469.75,10,473.00,5,8,173,2024-05-17,0.50755,0.90290,0.00028,-0.13837,2.05174,6.04165
NVDA260116P00535000,NVDA,2026-01-16,535.00,put,35.96,36.40,35.85,45,36.95,23,1,129,2024-05-17,0.50755,-0.09710,0.00028,-0.06690,2.05174,-2.12523
NVDA260116C00540000,NVDA,2026-01-16,540.00,call,466.80,467.82,466.20,6,469.45,3,13,74,2024-05-17,0.50755,0.90044,0.00029,-0.14012,2.08967,6.05999
NVDA260116P00540000,NVDA,2026-01-16,540.00,put,37.35,37.53,37.10,22,37.95,23,1,182,2024-05-17,0.50755,-0.09956,0.00029,-0.06797,2.08967,-2.18322
NVDA260116C00545000,NVDA,2026-01-16,545.00,call,470.10,464.25,462.65,6,465.85,3,14,131,2024-05-17,0.50755,0.89796,0.00029,-0.14185,2.12753,6.07763
NVDA260116P00545000,NVDA,2026-01-16,545.00,put,43.10,38.60,38.15,26,39.05,22,0,52,2024-05-17,0.50755,-0.10204,0.00029,-0.06903,2.12753,-2.24190
NVDA260116C00550000,NVDA,2026-01-16,550.00,call,466.75,460.73,459.20,2,462.25,2,2,529,2024-05-17,0.48804,0.89983,0.00030,-0.13864,2.09901,6.23153
NVDA260116P00550000,NVDA,2026-01-16,550.00,put,40.50,39.75,39.35,37,40.15,10,2,476,2024-05-17,0.50755,-0.10454,0.00030,-0.07009,2.16529,-2.30126
NVDA260116C00555000,NVDA,2026-01-16,555.00,call,463.05,457.27,455.85,10,458.70,11,2,93,2024-05-17,0.48804,0.89728,0.00031,-0.14035,2.13774,6.24872
NVDA260116P00555000,NVDA,2026-01-16,555.00,put,46.60,40.90,40.45,26,41.35,22,0,98,2024-05-17,0.50755,-0.10707,0.00030,-0.07113,2.20295,-2.36130
NVDA260116C00560000,NVDA,2026-01-16,560.00,call,452.80,453.82,452.40,10,455.25,5,1,346,2024-05-17,0.48804,0.89472,0.00031,-0.14204,2.17638,6.26520
NVDA260116P00560000,NVDA,2026-01-16,560.00,put,41.75,42.05,41.60,25,42.50,10,1,139,2024-05-17,0.50755,-0.10961,0.00031,-0.07217,2.24050,-2.42201
NVDA260116C00565000,NVDA,2026-01-16,565.00,call,343.69,450.48,449.05,6,451.90,3,0,26,2024-05-17,0.48804,0.89212,0.00032,-0.14372,2.21492,6.28097
NVDA260116P00565000,NVDA,2026-01-16,565.00,put,43.00,43.30,42.85,25,43.75,10,0,30,2024-05-17,0.50755,-0.11218,0.00031,-0.07319,2.27792,-2.48338
NVDA260116C00570000,NVDA,2026-01-16,570.00,call,445.70,447.00,445.50,3,448.50,3,0,77,2024-05-17,0.48804,0.88951,0.00032,-0.14539,2.25335,6.29604
NVDA260116P00570000,NVDA,2026-01-16,570.00,put,49.15,44.53,44.10,25,44.95,21,0,84,2024-05-17,0.50755,-0.11476,0.00032,-0.07420,2.31522,-2.54540
NVDA260116C00575000,NVDA,2026-01-16,575.00,call,427.80,443.60,442.10,3,445.10,3,0,43,2024-05-17,0.48804,0.88687,0.00033,-0.14705,2.29167,6.31043
NVDA260116P00575000,NVDA,2026-01-16,575.00,put,45.10,45.73,45.25,26,46.20,21,0,35,2024-05-17,0.50755,-0.11736,0.00032,-0.07520,2.35237,-2.60806
NVDA260116C00580000,NVDA,2026-01-16,580.00,call,464.30,440.30,438.90,6,441.70,3,0,331,2024-05-17,0.48804,0.88422,0.00033,-0.14870,2.32985,6.32413
NVDA260116P00580000,NVDA,2026-01-16,580.00,put,46.70,47.05,46.65,17,47.45,21,80,81,2024-05-17,0.50755,-0.11998,0.00033,-0.07619,2.38936,-2.67136
NVDA260116C00585000,NVDA,2026-01-16,585.00,call,417.60,436.90,435.45,10,438.35,3,0,57,2024-05-17,0.48804,0.88154,0.00034,-0.15034,2.36790,6.33716
NVDA260116P00585000,NVDA,2026-01-16,585.00,put,46.70,48.30,47.85,22,48.75,20,0,19,2024-05-17,0.50755,-0.12262,0.00033,-0.07716,2.42620,-2.73528
NVDA260116C00590000,NVDA,2026-01-16,590.00,call,459.75,433.57,432.15,6,435.00,3,0,50,2024-05-17,0.48804,0.87884,0.00035,-0.15197,2.40579,6.34952
NVDA260116P00590000,NVDA,2026-01-16,590.00,put,49.10,49.58,49.05,16,50.10,20,1,56,2024-05-17,0.50755,-0.12528,0.00034,-0.07813,2.46287,-2.79982
NVDA260116C00595000,NVDA,2026-01-16,595.00,call,392.25,430.30,428.90,10,431.70,3,0,91,2024-05-17,0.48804,0.87613,0.00035,-0.15358,2.44352,6.36123
NVDA260116P00595000,NVDA,2026-01-16,595.00,put,59.37,50.92,50.45,16,51.40,10,0,64,2024-05-17,0.48804,-0.12387,0.00035,-0.07409,2.44352,-2.72156
NVDA260116C00600000,NVDA,2026-01-16,600.00,call,410.32,426.98,425.65,6,428.30,2,0,715,2024-05-17,0.48804,0.87339,0.00036,-0.15518,2.48108,6.37229
NVDA260116P00600000,NVDA,2026-01-16,600.00,put,51.92,52.95,51.85,5,54.05,18,6,784,2024-05-17,0.50755,-0.13064,0.00035,-0.08001,2.53566,-2.93073
NVDA260116C00605000,NVDA,2026-01-16,605.00,call,402.05,423.62,422.20,3,425.05,5,0,56,2024-05-17,0.48804,0.87063,0.00036,-0.15677,2.51847,6.38270
NVDA260116P00605000,NVDA,2026-01-16,605.00,put,57.78,53.67,53.20,16,54.15,20,0,224,2024-05-17,0.48804,-0.12937,0.00036,-0.07594,2.51847,-2.85274
NVDA260116C00610000,NVDA,2026-01-16,610.00,call,334.26,420.48,419.05,10,421.90,5,0,129,2024-05-17,0.48804,0.86786,0.00037,-0.15835,2.55566,6.39249
NVDA260116P00610000,NVDA,2026-01-16,610.00,put,53.39,54.95,54.50,16,55.40,4,0,78,2024-05-17,0.48804,-0.13214,0.00037,-0.07685,2.55566,-2.91928
NVDA260116C00620000,NVDA,2026-01-16,620.00,call,423.20,413.95,412.55,5,415.35,5,2,331,2024-05-17,0.48804,0.86226,0.00038,-0.16146,2.62944,6.41021
NVDA260116P00620000,NVDA,2026-01-16,620.00,put,56.14,57.90,57.50,16,58.30,8,0,234,2024-05-17,0.48804,-0.13774,0.00038,-0.07863,2.62944,-3.05421
NVDA260116C00630000,NVDA,2026-01-16,630.00,call,407.00,407.60,406.20,3,409.00,5,1,167,2024-05-17,0.48804,0.85660,0.00039,-0.16452,2.70237,6.42550
NVDA260116P00630000,NVDA,2026-01-16,630.00,put,58.59,60.77,60.30,27,61.25,7,0,686,2024-05-17,0.48804,-0.14340,0.00039,-0.08035,2.70237,-3.19158
NVDA260116C00640000,NVDA,2026-01-16,640.00,call,424.15,401.35,400.00,3,402.70,5,0,342,2024-05-17,0.48804,0.85087,0.00040,-0.16752,2.77438,6.43843
NVDA260116P00640000,NVDA,2026-01-16,640.00,put,61.55,63.77,63.30,17,64.25,6,0,99,2024-05-17,0.48804,-0.14913,0.00040,-0.08201,2.77438,-3.33130
NVDA260116C00650000,NVDA,2026-01-16,650.00,call,418.00,395.15,394.00,6,396.30,5,0,655,2024-05-17,0.48804,0.84509,0.00041,-0.17045,2.84541,6.44907
NVDA260116P00650000,NVDA,2026-01-16,650.00,put,66.22,67.45,66.20,27,68.70,12,1,879,2024-05-17,0.48804,-0.15491,0.00041,-0.08361,2.84541,-3.47331
NVDA260116C00660000,NVDA,2026-01-16,660.00,call,351.80,389.05,387.65,3,390.45,3,0,141,2024-05-17,0.48804,0.83925,0.00042,-0.17333,2.91541,6.45749
NVDA260116P00660000,NVDA,2026-01-16,660.00,put,69.95,70.20,69.75,15,70.65,5,1,316,2024-05-17,0.48804,-0.16075,0.00042,-0.08516,2.91541,-3.61754
NVDA260116C00670000,NVDA,2026-01-16,670.00,call,301.35,382.93,381.60,3,384.25,3,0,296,2024-05-17,0.48804,0.83336,0.00043,-0.17615,2.98433,6.46375
NVDA260116P00670000,NVDA,2026-01-16,670.00,put,70.00,73.43,72.90,16,73.95,5,0,136,2024-05-17,0.48804,-0.16664,0.00043,-0.08664,2.98433,-3.76393
NVDA260116C00680000,NVDA,2026-01-16,680.00,call,390.00,376.65,374.05,15,379.25,25,0,901,2024-05-17,0.48804,0.82742,0.00044,-0.17890,3.05212,6.46792
NVDA260116P00680000,NVDA,2026-01-16,680.00,put,74.75,76.85,76.35,15,77.35,5,2,141,2024-05-17,0.48804,-0.17258,0.00044,-0.08805,3.05212,-3.91241
NVDA260116C00690000,NVDA,2026-01-16,690.00,call,368.01,371.08,369.85,6,372.30,3,1,680,2024-05-17,0.48804,0.82144,0.00045,-0.18159,3.11874,6.47007
NVDA260116P00690000,NVDA,2026-01-16,690.00,put,80.20,80.38,79.80,15,80.95,8,3,103,2024-05-17,0.48804,-0.17856,0.00045,-0.08941,3.11874,-4.06292
NVDA260116C00700000,NVDA,2026-01-16,700.00,call,365.52,365.35,361.65,1,369.05,2,7,1478,2024-05-17,0.48804,0.81542,0.00046,-0.18421,3.18416,6.47025
NVDA260116P00700000,NVDA,2026-01-16,700.00,put,84.50,84.75,83.30,15,86.20,17,30,1840,2024-05-17,0.48804,-0.18458,0.00046,-0.09069,3.18416,-4.21538
NVDA260116C00710000,NVDA,2026-01-16,710.00,call,375.35,359.68,358.35,5,361.00,5,5,496,2024-05-17,0.48804,0.80936,0.00047,-0.18677,3.24833,6.46854
NVDA260116P00710000,NVDA,2026-01-16,710.00,put,84.95,87.58,87.00,23,88.15,8,0,69,2024-05-17,0.48804,-0.19064,0.00047,-0.09191,3.24833,-4.36975
NVDA260116C00720000,NVDA,2026-01-16,720.00,call,296.00,354.10,352.75,7,355.45,7,0,222,2024-05-17,0.48804,0.80327,0.00048,-0.18926,3.31123,6.46500
NVDA260116P00720000,NVDA,2026-01-16,720.00,put,90.00,91.30,90.70,15,91.90,8,200,2126,2024-05-17,0.48804,-0.19673,0.00048,-0.09307,3.31123,-4.52594
NVDA260116C00730000,NVDA,2026-01-16,730.00,call,344.20,348.55,347.15,3,349.95,3,515,945,2024-05-17,0.48804,0.79714,0.00048,-0.19168,3.37283,6.45968
NVDA260116P00730000,NVDA,2026-01-16,730.00,put,91.65,95.08,94.40,16,95.75,8,0,384,2024-05-17,0.48804,-0.20286,0.00048,-0.09415,3.37283,-4.68391
NVDA260116C00740000,NVDA,2026-01-16,740.00,call,358.46,343.05,341.80,10,344.30,15,0,129,2024-05-17,0.48804,0.79100,0.00049,-0.19403,3.43310,6.45265
NVDA260116P00740000,NVDA,2026-01-16,740.00,put,98.50,98.97,98.30,44,99.65,8,6,104,2024-05-17,0.48804,-0.20900,0.00049,-0.09517,3.43310,-4.84359
NVDA260116C00750000,NVDA,2026-01-16,750.00,call,354.40,337.67,336.40,3,338.95,2,0,579,2024-05-17,0.48804,0.78482,0.00050,-0.19632,3.49203,6.44397
NVDA260116P00750000,NVDA,2026-01-16,750.00,put,102.34,102.88,102.30,17,103.45,5,30,341,2024-05-17,0.48804,-0.21518,0.00050,-0.09612,3.49203,-5.00492
NVDA260116C00760000,NVDA,2026-01-16,760.00,call,356.00,332.43,331.05,3,333.80,10,0,122,2024-05-17,0.48804,0.77863,0.00051,-0.19854,3.54958,6.43370
NVDA260116P00760000,NVDA,2026-01-16,760.00,put,104.70,107.10,106.45,24,107.75,7,3,271,2024-05-17,0.48804,-0.22137,0.00051,-0.09700,3.54958,-5.16784
NVDA260116C00770000,NVDA,2026-01-16,770.00,call,328.37,327.15,325.75,5,328.55,3,4,475,2024-05-17,0.48804,0.77242,0.00052,-0.20068,3.60576,6.42190
NVDA260116P00770000,NVDA,2026-01-16,770.00,put,109.75,111.15,110.55,14,111.75,4,10,93,2024-05-17,0.48804,-0.22758,0.00052,-0.09781,3.60576,-5.33230
NVDA260116C00780000,NVDA,2026-01-16,780.00,call,337.48,322.00,320.65,3,323.35,6,0,108,2024-05-17,0.48804,0.76620,0.00053,-0.20276,3.66054,6.40862
NVDA260116P00780000,NVDA,2026-01-16,780.00,put,111.26,115.40,114.80,14,116.00,4,0,227,2024-05-17,0.48804,-0.23380,0.00053,-0.09855,3.66054,-5.49823
NVDA260116C00790000,NVDA,2026-01-16,790.00,call,323.55,316.90,315.50,3,318.30,3,2,126,2024-05-17,0.48804,0.75996,0.00053,-0.20477,3.71390,6.39392
NVDA260116P00790000,NVDA,2026-01-16,790.00,put,115.00,119.72,119.10,31,120.35,4,0,116,2024-05-17,0.48804,-0.24004,0.00053,-0.09923,3.71390,-5.66558
NVDA260116C00800000,NVDA,2026-01-16,800.00,call,313.02,311.88,308.30,1,315.45,1,8,1931,2024-05-17,0.48804,0.75371,0.00054,-0.20671,3.76586,6.37786
NVDA260116P00800000,NVDA,2026-01-16,800.00,put,124.42,125.22,123.40,19,127.05,13,4,964,2024-05-17,0.48804,-0.24629,0.00054,-0.09983,3.76586,-5.83430
NVDA260116C00810000,NVDA,2026-01-16,810.00,call,292.30,306.50,303.95,16,309.05,15,0,1271,2024-05-17,0.48804,0.74746,0.00055,-0.20858,3.81638,6.36048
NVDA260116P00810000,NVDA,2026-01-16,810.00,put,126.80,128.57,127.65,9,129.50,7,32,43,2024-05-17,0.48804,-0.25254,0.00055,-0.10037,3.81638,-6.00433
NVDA260116C00820000,NVDA,2026-01-16,820.00,call,299.25,302.07,300.70,8,303.45,3,3,232,2024-05-17,0.48804,0.74120,0.00056,-0.21039,3.86548,6.34184
NVDA260116P00820000,NVDA,2026-01-16,820.00,put,128.21,133.28,132.55,19,134.00,14,0,103,2024-05-17,0.48804,-0.25880,0.00056,-0.10084,3.86548,-6.17562
NVDA260116C00830000,NVDA,2026-01-16,830.00,call,295.50,297.27,295.95,5,298.60,3,7,282,2024-05-17,0.48804,0.73494,0.00056,-0.21213,3.91315,6.32199
NVDA260116P00830000,NVDA,2026-01-16,830.00,put,135.75,137.72,137.00,32,138.45,4,18,40,2024-05-17,0.48804,-0.26506,0.00056,-0.10124,3.91315,-6.34812
NVDA260116C00840000,NVDA,2026-01-16,840.00,call,299.90,292.57,291.20,10,293.95,10,8,354,2024-05-17,0.48804,0.72868,0.00057,-0.21379,3.95939,6.30098
NVDA260116P00840000,NVDA,2026-01-16,840.00,put,155.20,142.50,141.75,8,143.25,4,0,25,2024-05-17,0.48804,-0.27132,0.00057,-0.10157,3.95939,-6.52178
NVDA260116C00850000,NVDA,2026-01-16,850.00,call,289.00,287.92,286.70,10,289.15,2,45,265,2024-05-17,0.48804,0.72242,0.00057,-0.21540,4.00420,6.27887
NVDA260116P00850000,NVDA,2026-01-16,850.00,put,146.80,147.40,146.60,29,148.20,6,7,258,2024-05-17,0.48804,-0.27758,0.00057,-0.10183,4.00420,-6.69655
NVDA260116C00860000,NVDA,2026-01-16,860.00,call,289.60,283.40,282.05,3,284.75,10,2,524,2024-05-17,0.46853,0.71551,0.00061,-0.21168,4.05203,6.37745
NVDA260116P00860000,NVDA,2026-01-16,860.00,put,150.20,152.28,151.40,21,153.15,14,8,139,2024-05-17,0.48804,-0.28383,0.00058,-0.10203,4.04758,-6.87238
NVDA260116C00870000,NVDA,2026-01-16,870.00,call,283.30,278.85,277.50,5,280.20,3,4,455,2024-05-17,0.46853,0.70900,0.00061,-0.21312,4.09561,6.35050
NVDA260116P00870000,NVDA,2026-01-16,870.00,put,155.15,157.27,156.35,22,158.20,7,10,82,2024-05-17,0.48804,-0.29008,0.00059,-0.10217,4.08953,-7.04923
NVDA260116C00880000,NVDA,2026-01-16,880.00,call,278.83,274.45,273.10,3,275.80,3,3,488,2024-05-17,0.46853,0.70249,0.00062,-0.21450,4.13767,6.32250
NVDA260116P00880000,NVDA,2026-01-16,880.00,put,160.10,162.38,161.55,29,163.20,7,12,238,2024-05-17,0.48804,-0.29632,0.00059,-0.10224,4.13007,-7.22705
NVDA260116C00890000,NVDA,2026-01-16,890.00,call,271.50,270.02,268.70,3,271.35,3,1,107,2024-05-17,0.46853,0.69599,0.00062,-0.21580,4.17821,6.29349
NVDA260116P00890000,NVDA,2026-01-16,890.00,put,159.75,167.32,166.50,16,168.15,4,0,41,2024-05-17,0.48804,-0.30254,0.00060,-0.10224,4.16920,-7.40580
NVDA260116C00900000,NVDA,2026-01-16,900.00,call,265.84,266.95,264.55,5,269.35,1,24,1649,2024-05-17,0.48804,0.69124,0.00060,-0.22242,4.20692,6.15324
NVDA260116P00900000,NVDA,2026-01-16,900.00,put,171.81,172.53,171.55,7,173.50,6,6,579,2024-05-17,0.48804,-0.30876,0.00060,-0.10218,4.20692,-7.58543
NVDA260116C00910000,NVDA,2026-01-16,910.00,call,269.00,261.52,260.15,17,262.90,3,2,94,2024-05-17,0.46853,0.68303,0.00064,-0.21822,4.25478,6.23268
NVDA260116P00910000,NVDA,2026-01-16,910.00,put,174.95,177.90,176.95,3,178.85,6,13,85,2024-05-17,0.48804,-0.31496,0.00061,-0.10205,4.24326,-7.76591
NVDA260116C00920000,NVDA,2026-01-16,920.00,call,256.60,257.40,256.00,5,258.80,6,1,1045,2024-05-17,0.46853,0.67657,0.00064,-0.21933,4.29083,6.20095
NVDA260116P00920000,NVDA,2026-01-16,920.00,put,177.85,183.25,182.40,15,184.10,4,225,143,2024-05-17,0.48804,-0.32114,0.00061,-0.10187,4.27821,-7.94719
NVDA260116C00930000,NVDA,2026-01-16,930.00,call,254.67,253.25,251.95,3,254.55,3,19,329,2024-05-17,0.46853,0.67013,0.00065,-0.22037,4.32540,6.16840
NVDA260116P00930000,NVDA,2026-01-16,930.00,put,181.90,188.57,187.45,8,189.70,6,0,169,2024-05-17,0.48804,-0.32731,0.00062,-0.10162,4.31179,-8.12923
NVDA260116C00940000,NVDA,2026-01-16,940.00,call,249.70,249.20,247.90,7,250.50,3,25,434,2024-05-17,0.46853,0.66370,0.00065,-0.22135,4.35850,6.13508
NVDA260116P00940000,NVDA,2026-01-16,940.00,put,189.37,194.20,193.30,16,195.10,3,3,73,2024-05-17,0.50755,-0.33049,0.00060,-0.10679,4.32862,-8.40739
NVDA260116C00950000,NVDA,2026-01-16,950.00,call,246.96,245.22,243.75,3,246.70,2,16,772,2024-05-17,0.46853,0.65730,0.00066,-0.22227,4.39015,6.10102
NVDA260116P00950000,NVDA,2026-01-16,950.00,put,192.00,199.68,198.75,16,200.60,4,0,412,2024-05-17,0.50755,-0.33636,0.00060,-0.10647,4.35880,-8.58787
NVDA260116C00960000,NVDA,2026-01-16,960.00,call,262.02,241.35,240.00,8,242.70,3,0,209,2024-05-17,0.46853,0.65092,0.00066,-0.22313,4.42037,6.06627
NVDA260116P00960000,NVDA,2026-01-16,960.00,put,220.55,205.53,204.55,13,206.50,6,0,41,2024-05-17,0.50755,-0.34221,0.00061,-0.10609,4.38775,-8.76897
NVDA260116C00970000,NVDA,2026-01-16,970.00,call,238.87,237.50,236.15,3,238.85,3,1,67,2024-05-17,0.46853,0.64456,0.00067,-0.22393,4.44917,6.03086
NVDA260116P00970000,NVDA,2026-01-16,970.00,put,226.60,211.07,210.05,13,212.10,5,0,31,2024-05-17,0.50755,-0.34803,0.00061,-0.10566,4.41548,-8.95065
NVDA260116C00980000,NVDA,2026-01-16,980.00,call,237.80,233.75,232.45,2,235.05,3,1,262,2024-05-17,0.46853,0.63823,0.00067,-0.22467,4.47657,5.99483
NVDA260116P00980000,NVDA,2026-01-16,980.00,put,262.53,217.20,215.00,39,219.40,4,0,90,2024-05-17,0.50755,-0.35383,0.00061,-0.10517,4.44200,-9.13289
NVDA260116C00990000,NVDA,2026-01-16,990.00,call,227.00,229.95,228.65,8,231.25,3,1,238,2024-05-17,0.46853,0.63192,0.00067,-0.22535,4.50257,5.95822
NVDA260116P00990000,NVDA,2026-01-16,990.00,put,305.06,223.45,220.85,39,226.05,14,0,55,2024-05-17,0.50755,-0.35960,0.00062,-0.10463,4.46734,-9.31564
NVDA260116C01000000,NVDA,2026-01-16,1000.00,call,226.22,226.27,225.10,8,227.45,3,25,2468,2024-05-17,0.46853,0.62565,0.00068,-0.22597,4.52722,5.92107
NVDA260116P01000000,NVDA,2026-01-16,1000.00,put,226.69,229.00,226.80,22,231.20,18,11,353,2024-05-17,0.50755,-0.36535,0.00062,-0.10403,4.49150,-9.49888
NVDA260116C01010000,NVDA,2026-01-16,1010.00,call,226.60,222.70,221.40,10,224.00,3,1,141,2024-05-17,0.46853,0.61940,0.00068,-0.22654,4.55051,5.88340
NVDA260116P01010000,NVDA,2026-01-16,1010.00,put,250.35,235.40,232.80,44,238.00,46,0,27,2024-05-17,0.50755,-0.37107,0.00062,-0.10338,4.51450,-9.68260
NVDA260116C01020000,NVDA,2026-01-16,1020.00,call,205.30,219.12,218.30,13,219.95,5,0,56,2024-05-17,0.46853,0.61318,0.00068,-0.22705,4.57247,5.84526
NVDA260116P01020000,NVDA,2026-01-16,1020.00,put,248.55,241.03,238.65,12,243.40,17,0,71,2024-05-17,0.50755,-0.37677,0.00063,-0.10268,4.53637,-9.86674
NVDA260116C01030000,NVDA,2026-01-16,1030.00,call,228.70,215.65,214.85,13,216.45,5,0,68,2024-05-17,0.46853,0.60700,0.00069,-0.22750,4.59313,5.80667
NVDA260116P01030000,NVDA,2026-01-16,1030.00,put,244.00,246.10,242.60,10,249.60,32,2,1613,2024-05-17,0.50755,-0.38243,0.00063,-0.10193,4.55711,-10.05130
NVDA260116C01040000,NVDA,2026-01-16,1040.00,call,224.33,212.23,211.40,13,213.05,5,1,145,2024-05-17,0.46853,0.60085,0.00069,-0.22791,4.61249,5.76766
NVDA260116P01040000,NVDA,2026-01-16,1040.00,put,267.60,253.30,250.90,1,255.70,4,0,15,2024-05-17,0.50755,-0.38807,0.00063,-0.10113,4.57674,-10.23625
NVDA260116C01050000,NVDA,2026-01-16,1050.00,call,210.65,208.82,208.05,12,209.60,5,7,486,2024-05-17,0.46853,0.59473,0.00069,-0.22826,4.63059,5.72827
NVDA260116P01050000,NVDA,2026-01-16,1050.00,put,253.25,259.80,257.65,31,261.95,6,0,121,2024-05-17,0.50755,-0.39367,0.00063,-0.10028,4.59529,-10.42156
NVDA260116C01060000,NVDA,2026-01-16,1060.00,call,220.87,205.52,204.70,13,206.35,5,0,40,2024-05-17,0.46853,0.58865,0.00070,-0.22856,4.64744,5.68853
NVDA260116P01060000,NVDA,2026-01-16,1060.00,put,285.20,266.02,262.85,28,269.20,33,0,37,2024-05-17,0.50755,-0.39924,0.00064,-0.09938,4.61277,-10.60720
NVDA260116C01070000,NVDA,2026-01-16,1070.00,call,207.07,202.25,201.40,7,203.10,5,0,82,2024-05-17,0.46853,0.58260,0.00070,-0.22881,4.66306,5.64846
NVDA260116P01070000,NVDA,2026-01-16,1070.00,put,291.90,272.80,270.60,34,275.00,36,0,55,2024-05-17,0.50755,-0.40478,0.00064,-0.09844,4.62919,-10.79316
NVDA260116C01080000,NVDA,2026-01-16,1080.00,call,200.69,199.02,198.20,14,199.85,10,21,51,2024-05-17,0.46853,0.57659,0.00070,-0.22901,4.67748,5.60809
NVDA260116P01080000,NVDA,2026-01-16,1080.00,put,331.31,279.58,277.05,5,282.10,51,0,100,2024-05-17,0.50755,-0.41029,0.00064,-0.09745,4.64458,-10.97942
NVDA260116C01090000,NVDA,2026-01-16,1090.00,call,155.14,195.88,195.05,7,196.70,5,0,121,2024-05-17,0.46853,0.57062,0.00070,-0.22916,4.69072,5.56744
NVDA260116P01090000,NVDA,2026-01-16,1090.00,put,301.55,285.85,283.60,27,288.10,40,0,49,2024-05-17,0.50755,-0.41577,0.00064,-0.09642,4.65895,-11.16594
NVDA260116C01100000,NVDA,2026-01-16,1100.00,call,197.27,192.80,192.05,12,193.55,5,6,646,2024-05-17,0.46853,0.56469,0.00070,-0.22927,4.70279,5.52655
NVDA260116P01100000,NVDA,2026-01-16,1100.00,put,288.46,292.02,289.65,18,294.40,6,1,101,2024-05-17,0.50755,-0.42121,0.00065,-0.09534,4.67232,-11.35272
NVDA260116C01110000,NVDA,2026-01-16,1110.00,call,207.50,189.75,188.95,14,190.55,5,0,385,2024-05-17,0.46853,0.55879,0.00071,-0.22933,4.71373,5.48543
NVDA260116P01110000,NVDA,2026-01-16,1110.00,put,311.70,298.70,295.45,1,301.95,2,0,47,2024-05-17,0.50755,-0.42661,0.00065,-0.09422,4.68472,-11.53972
NVDA260116C01120000,NVDA,2026-01-16,1120.00,call,185.50,186.75,185.95,14,187.55,5,1,60,2024-05-17,0.46853,0.55294,0.00071,-0.22935,4.72356,5.44412
NVDA260116P01120000,NVDA,2026-01-16,1120.00,put,349.85,306.32,300.95,15,311.70,7,0,31,2024-05-17,0.50755,-0.43198,0.00065,-0.09306,4.69615,-11.72694
NVDA260116C01130000,NVDA,2026-01-16,1130.00,call,195.92,183.77,182.95,8,184.60,5,0,83,2024-05-17,0.46853,0.54712,0.00071,-0.22932,4.73229,5.40263
NVDA260116P01130000,NVDA,2026-01-16,1130.00,put,328.85,311.85,307.65,11,316.05,5,0,37,2024-05-17,0.50755,-0.43732,0.00065,-0.09185,4.70664,-11.91435
NVDA260116C01140000,NVDA,2026-01-16,1140.00,call,192.22,180.90,180.10,14,181.70,5,0,132,2024-05-17,0.46853,0.54135,0.00071,-0.22925,4.73995,5.36098
NVDA260116P01140000,NVDA,2026-01-16,1140.00,put,441.90,318.77,314.55,11,323.00,6,0,22,2024-05-17,0.50755,-0.44262,0.00065,-0.09061,4.71620,-12.10194
NVDA260116C01150000,NVDA,2026-01-16,1150.00,call,192.65,177.95,175.80,26,180.10,10,0,1198,2024-05-17,0.46853,0.53562,0.00071,-0.22914,4.74657,5.31920
NVDA260116P01150000,NVDA,2026-01-16,1150.00,put,327.25,326.95,321.55,7,332.35,6,0,37,2024-05-17,0.50755,-0.44789,0.00065,-0.08933,4.72486,-12.28968
NVDA260116C01160000,NVDA,2026-01-16,1160.00,call,190.25,175.25,174.45,14,176.05,5,0,29,2024-05-17,0.46853,0.52993,0.00071,-0.22899,4.75215,5.27730
NVDA260116P01160000,NVDA,2026-01-16,1160.00,put,439.07,332.48,328.45,11,336.50,14,0,29,2024-05-17,0.50755,-0.45311,0.00065,-0.08801,4.73263,-12.47756
NVDA260116C01170000,NVDA,2026-01-16,1170.00,call,172.77,172.53,171.75,2,173.30,5,0,138,2024-05-17,0.46853,0.52429,0.00071,-0.22880,4.75674,5.23532
NVDA260116P01170000,NVDA,2026-01-16,1170.00,put,368.45,339.75,335.50,7,344.00,4,0,62,2024-05-17,0.50755,-0.45830,0.00065,-0.08665,4.73952,-12.66557
NVDA260116C01180000,NVDA,2026-01-16,1180.00,call,174.86,169.82,169.05,6,170.60,5,20,62,2024-05-17,0.46853,0.51869,0.00071,-0.22857,4.76035,5.19326
NVDA260116P01180000,NVDA,2026-01-16,1180.00,put,347.55,344.55,338.00,32,351.10,6,9,102,2024-05-17,0.50755,-0.46346,0.00066,-0.08525,4.74557,-12.85369
NVDA260116C01190000,NVDA,2026-01-16,1190.00,call,180.92,167.15,166.35,7,167.95,5,0,20,2024-05-17,0.46853,0.51313,0.00071,-0.22830,4.76300,5.15114
NVDA260116P01190000,NVDA,2026-01-16,1190.00,put,376.65,351.98,346.00,33,357.95,13,0,54,2024-05-17,0.50755,-0.46858,0.00066,-0.08382,4.75078,-13.04190
NVDA260116C01200000,NVDA,2026-01-16,1200.00,call,166.40,164.53,163.80,13,165.25,5,20,677,2024-05-17,0.46853,0.50761,0.00071,-0.22800,4.76471,5.10898
NVDA260116P01200000,NVDA,2026-01-16,1200.00,put,357.51,362.27,354.90,42,369.65,24,4,135,2024-05-17,0.52706,-0.46479,0.00063,-0.08947,4.74700,-13.24807
NVDA260116C01210000,NVDA,2026-01-16,1210.00,call,168.20,161.97,161.20,1,162.75,5,4,122,2024-05-17,0.46853,0.50214,0.00071,-0.22766,4.76551,5.06680
NVDA260116P01210000,NVDA,2026-01-16,1210.00,put,398.85,369.65,361.40,72,377.90,56,0,194,2024-05-17,0.52706,-0.46963,0.00063,-0.08805,4.75176,-13.43356
NVDA260116C01220000,NVDA,2026-01-16,1220.00,call,164.85,159.43,158.65,13,160.20,5,4,18,2024-05-17,0.46853,0.49672,0.00071,-0.22729,4.76541,5.02461
NVDA260116P01220000,NVDA,2026-01-16,1220.00,put,513.75,375.80,369.65,69,381.95,42,0,23,2024-05-17,0.52706,-0.47445,0.00063,-0.08660,4.75580,-13.61912
NVDA260116C01230000,NVDA,2026-01-16,1230.00,call,155.70,156.97,156.20,4,157.75,5,4,21,2024-05-17,0.46853,0.49134,0.00071,-0.22688,4.76445,4.98244
NVDA260116P01230000,NVDA,2026-01-16,1230.00,put,521.20,384.50,376.85,44,392.15,34,0,95,2024-05-17,0.52706,-0.47922,0.00063,-0.08512,4.75911,-13.80474
NVDA260116C01240000,NVDA,2026-01-16,1240.00,call,161.35,154.45,153.70,16,155.20,2,4,19,2024-05-17,0.46853,0.48600,0.00071,-0.22644,4.76264,4.94028
NVDA260116P01240000,NVDA,2026-01-16,1240.00,put,532.65,392.23,384.80,83,399.65,33,0,127,2024-05-17,0.52706,-0.48396,0.00063,-0.08361,4.76172,-13.99041
NVDA260116C01250000,NVDA,2026-01-16,1250.00,call,153.10,152.07,151.35,16,152.80,5,4,345,2024-05-17,0.46853,0.48071,0.00071,-0.22597,4.76001,4.89817
NVDA260116P01250000,NVDA,2026-01-16,1250.00,put,390.95,399.65,391.70,28,407.60,21,1,75,2024-05-17,0.52706,-0.48866,0.00063,-0.08207,4.76365,-14.17611
NVDA260116C01260000,NVDA,2026-01-16,1260.00,call,148.60,149.70,149.00,20,150.40,1,1,26,2024-05-17,0.46853,0.47547,0.00071,-0.22547,4.75656,4.85610
NVDA260116P01260000,NVDA,2026-01-16,1260.00,put,421.10,406.40,399.45,36,413.35,22,0,110,2024-05-17,0.52706,-0.49333,0.00063,-0.08049,4.76491,-14.36184
NVDA260116C01270000,NVDA,2026-01-16,1270.00,call,152.60,147.43,146.65,12,148.20,5,1,25,2024-05-17,0.46853,0.47027,0.00071,-0.22494,4.75234,4.81411
NVDA260116P01270000,NVDA,2026-01-16,1270.00,put,428.95,414.35,406.65,50,422.05,41,0,116,2024-05-17,0.52706,-0.49796,0.00063,-0.07890,4.76551,-14.54757
NVDA260116C01280000,NVDA,2026-01-16,1280.00,call,144.05,145.10,144.35,16,145.85,2,2,62,2024-05-17,0.46853,0.46512,0.00071,-0.22438,4.74735,4.77219
NVDA260116P01280000,NVDA,2026-01-16,1280.00,put,439.00,422.35,414.85,48,429.85,31,0,81,2024-05-17,0.52706,-0.50256,0.00063,-0.07727,4.76548,-14.73332
NVDA260116C01290000,NVDA,2026-01-16,1290.00,call,148.00,142.90,142.15,12,143.65,5,1,30,2024-05-17,0.46853,0.46001,0.00071,-0.22379,4.74161,4.73036
NVDA260116P01290000,NVDA,2026-01-16,1290.00,put,441.20,429.48,422.90,56,436.05,38,0,39,2024-05-17,0.52706,-0.50712,0.00063,-0.07561,4.76482,-14.91905
NVDA260116C01300000,NVDA,2026-01-16,1300.00,call,138.75,140.75,140.10,5,141.40,5,17,766,2024-05-17,0.46853,0.45495,0.00071,-0.22318,4.73515,4.68862
NVDA260116P01300000,NVDA,2026-01-16,1300.00,put,485.54,437.35,431.10,13,443.60,37,0,32,2024-05-17,0.54657,-0.50136,0.00061,-0.08169,4.76555,-15.10113
NVDA260116C01320000,NVDA,2026-01-16,1320.00,call,150.60,136.40,135.65,12,137.15,5,0,64,2024-05-17,0.46853,0.44496,0.00071,-0.22188,4.72015,4.60551
NVDA260116P01320000,NVDA,2026-01-16,1320.00,put,499.18,454.60,447.30,40,461.90,40,0,0,2024-05-17,0.54657,-0.50998,0.00061,-0.07841,4.76408,-15.46758
NVDA260116C01340000,NVDA,2026-01-16,1340.00,call,136.70,132.20,131.45,14,132.95,3,2,80,2024-05-17,0.46853,0.43516,0.00070,-0.22047,4.70250,4.52292
NVDA260116P01340000,NVDA,2026-01-16,1340.00,put,495.54,469.80,461.60,73,478.00,34,0,2,2024-05-17,0.54657,-0.51847,0.00061,-0.07504,4.76047,-15.83396
NVDA260116C01360000,NVDA,2026-01-16,1360.00,call,122.07,128.22,127.45,22,129.00,5,0,120,2024-05-17,0.46853,0.42554,0.00070,-0.21898,4.68234,4.44094
NVDA260116P01360000,NVDA,2026-01-16,1360.00,put,578.52,486.30,479.10,36,493.50,35,0,56,2024-05-17,0.54657,-0.52683,0.00061,-0.07158,4.75479,-16.20021
NVDA260116C01380000,NVDA,2026-01-16,1380.00,call,123.93,124.35,123.60,6,125.10,5,1,190,2024-05-17,0.46853,0.41611,0.00070,-0.21740,4.65983,4.35963
NVDA260116P01380000,NVDA,2026-01-16,1380.00,put,582.02,502.70,495.45,14,509.95,54,0,18,2024-05-17,0.54657,-0.53506,0.00061,-0.06804,4.74717,-16.56628
NVDA260116C01400000,NVDA,2026-01-16,1400.00,call,120.13,120.60,119.90,10,121.30,5,4,580,2024-05-17,0.46853,0.40686,0.00069,-0.21575,4.63510,4.27904
NVDA260116P01400000,NVDA,2026-01-16,1400.00,put,555.00,518.10,511.05,30,525.15,63,0,6,2024-05-17,0.56608,-0.53183,0.00059,-0.07277,4.75040,-16.91190
NVDA260116C01420000,NVDA,2026-01-16,1420.00,call,112.25,117.00,116.25,12,117.75,6,0,28,2024-05-17,0.46853,0.39779,0.00069,-0.21402,4.60831,4.19925
NVDA260116P01420000,NVDA,2026-01-16,1420.00,put,579.35,534.80,527.60,60,542.00,60,0,5,2024-05-17,0.56608,-0.53953,0.00059,-0.06922,4.74216,-17.27328
NVDA260116C01440000,NVDA,2026-01-16,1440.00,call,120.30,113.47,112.75,13,114.20,3,1,195,2024-05-17,0.46853,0.38890,0.00068,-0.21222,4.57958,4.12028
NVDA260116P01440000,NVDA,2026-01-16,1440.00,put,702.62,552.88,543.75,35,562.00,42,0,0,2024-05-17,0.56608,-0.54712,0.00059,-0.06560,4.73230,-17.63443
NVDA260116C01460000,NVDA,2026-01-16,1460.00,call,109.45,110.10,109.40,22,110.80,3,2,38,2024-05-17,0.46853,0.38020,0.00068,-0.21036,4.54904,4.04220
NVDA260116P01460000,NVDA,2026-01-16,1460.00,put,669.51,568.20,560.80,47,575.60,14,0,83,2024-05-17,0.56608,-0.55458,0.00058,-0.06191,4.72090,-17.99532
NVDA260116C01480000,NVDA,2026-01-16,1480.00,call,102.50,106.80,106.05,19,107.55,6,0,593,2024-05-17,0.46853,0.37166,0.00068,-0.20845,4.51682,3.96503
NVDA260116P01480000,NVDA,2026-01-16,1480.00,put,671.91,586.40,579.15,56,593.65,44,0,52,2024-05-17,0.58560,-0.55009,0.00057,-0.06692,4.72797,-18.32684
NVDA260116C01500000,NVDA,2026-01-16,1500.00,call,104.00,103.67,103.00,11,104.35,5,20,1359,2024-05-17,0.46853,0.36331,0.00067,-0.20648,4.48303,3.88882
NVDA260116P01500000,NVDA,2026-01-16,1500.00,put,584.58,603.00,595.95,53,610.05,52,0,174,2024-05-17,0.58560,-0.55710,0.00056,-0.06325,4.71668,-18.68347
NVDA260116C01520000,NVDA,2026-01-16,1520.00,call,108.55,100.60,99.85,15,101.35,6,0,426,2024-05-17,0.46853,0.35513,0.00067,-0.20447,4.44779,3.81359
NVDA260116P01520000,NVDA,2026-01-16,1520.00,put,667.98,620.03,612.35,56,627.70,47,0,39,2024-05-17,0.58560,-0.56401,0.00056,-0.05953,4.70411,-19.03984
NVDA260116C01540000,NVDA,2026-01-16,1540.00,call,97.20,97.68,96.95,15,98.40,6,2,81,2024-05-17,0.46853,0.34712,0.00066,-0.20241,4.41121,3.73937
NVDA260116P01540000,NVDA,2026-01-16,1540.00,put,678.45,638.48,630.75,46,646.20,71,0,112,2024-05-17,0.58560,-0.57080,0.00056,-0.05575,4.69032,-19.39591
NVDA260116C01560000,NVDA,2026-01-16,1560.00,call,97.40,94.88,94.20,23,95.55,6,2,36,2024-05-17,0.46853,0.33928,0.00065,-0.20032,4.37340,3.66617
NVDA260116P01560000,NVDA,2026-01-16,1560.00,put,707.55,657.12,650.10,32,664.15,55,0,73,2024-05-17,0.60511,-0.56528,0.00054,-0.06102,4.70163,-19.71595
NVDA260116C01580000,NVDA,2026-01-16,1580.00,call,94.65,92.07,91.35,15,92.80,6,2,86,2024-05-17,0.46853,0.33161,0.00065,-0.19819,4.33445,3.59403
NVDA260116P01580000,NVDA,2026-01-16,1580.00,put,710.05,674.42,666.80,80,682.05,58,0,11,2024-05-17,0.60511,-0.57169,0.00054,-0.05728,4.68842,-20.06819
NVDA260116C01600000,NVDA,2026-01-16,1600.00,call,91.80,89.38,88.70,6,90.05,5,1,309,2024-05-17,0.46853,0.32410,0.00064,-0.19603,4.29447,3.52296
NVDA260116P01600000,NVDA,2026-01-16,1600.00,put,740.17,692.33,684.65,51,700.00,61,0,83,2024-05-17,0.60511,-0.57800,0.00054,-0.05350,4.67421,-20.42015
NVDA260116C01620000,NVDA,2026-01-16,1620.00,call,80.08,86.82,86.10,7,87.55,6,0,36,2024-05-17,0.46853,0.31675,0.00064,-0.19384,4.25354,3.45296
NVDA260116P01620000,NVDA,2026-01-16,1620.00,put,751.87,709.33,702.95,73,715.70,34,0,38,2024-05-17,0.62462,-0.57190,0.00053,-0.05894,4.68797,-20.73408
NVDA260116C01640000,NVDA,2026-01-16,1640.00,call,79.50,84.32,83.60,15,85.05,6,0,392,2024-05-17,0.46853,0.30957,0.00063,-0.19163,4.21176,3.38406
NVDA260116P01640000,NVDA,2026-01-16,1640.00,put,749.85,728.85,720.80,53,736.90,39,0,1,2024-05-17,0.62462,-0.57786,0.00052,-0.05521,4.67453,-21.08258
NVDA260116C01650000,NVDA,2026-01-16,1650.00,call,94.30,83.10,82.45,10,83.75,5,0,124,2024-05-17,0.46853,0.30604,0.00063,-0.19052,4.19057,3.35002
NVDA260116P01650000,NVDA,2026-01-16,1650.00,put,0.00,738.70,731.25,57,746.15,47,0,0,2024-05-17,0.62462,-0.58080,0.00052,-0.05332,4.66748,-21.25674
NVDA260116C01660000,NVDA,2026-01-16,1660.00,call,79.44,81.93,81.20,15,82.65,6,0,12,2024-05-17,0.46853,0.30254,0.00062,-0.18940,4.16920,3.31625
NVDA260116P01660000,NVDA,2026-01-16,1660.00,put,0.00,747.83,739.65,56,756.00,1,0,0,2024-05-17,0.62462,-0.58373,0.00052,-0.05142,4.66023,-21.43082
NVDA260116C01670000,NVDA,2026-01-16,1670.00,call,76.85,80.75,80.05,7,81.45,6,0,8,2024-05-17,0.46853,0.29909,0.00062,-0.18828,4.14765,3.28276
NVDA260116P01670000,NVDA,2026-01-16,1670.00,put,0.00,755.45,748.80,82,762.10,38,0,0,2024-05-17,0.62462,-0.58663,0.00052,-0.04952,4.65277,-21.60483
NVDA260116C01680000,NVDA,2026-01-16,1680.00,call,82.90,79.60,78.90,7,80.30,6,2,10,2024-05-17,0.46853,0.29567,0.00062,-0.18715,4.12594,3.24954
NVDA260116P01680000,NVDA,2026-01-16,1680.00,put,775.65,765.80,759.00,39,772.60,7,0,0,2024-05-17,0.64413,-0.57715,0.00051,-0.05703,4.67618,-21.73980
NVDA260116C01690000,NVDA,2026-01-16,1690.00,call,61.07,78.45,77.75,10,79.15,6,0,1,2024-05-17,0.46853,0.29229,0.00061,-0.18602,4.10408,3.21661
NVDA260116P01690000,NVDA,2026-01-16,1690.00,put,785.55,775.73,767.45,52,784.00,11,0,0,2024-05-17,0.64413,-0.57994,0.00051,-0.05517,4.66958,-21.91238
NVDA260116C01700000,NVDA,2026-01-16,1700.00,call,81.00,78.15,76.85,6,79.45,5,1,853,2024-05-17,0.46853,0.28895,0.00061,-0.18489,4.08207,3.18395
NVDA260116P01700000,NVDA,2026-01-16,1700.00,put,858.93,785.05,776.85,56,793.25,27,0,0,2024-05-17,0.64413,-0.58271,0.00051,-0.05330,4.66279,-22.08491
NVDA260116C01710000,NVDA,2026-01-16,1710.00,call,57.90,76.33,75.70,23,76.95,6,0,5,2024-05-17,0.46853,0.28565,0.00061,-0.18376,4.05993,3.15156
NVDA260116P01710000,NVDA,2026-01-16,1710.00,put,816.90,795.25,786.65,51,803.85,50,0,0,2024-05-17,0.64413,-0.58546,0.00051,-0.05142,4.65581,-22.25737
NVDA260116C01720000,NVDA,2026-01-16,1720.00,call,52.00,75.18,74.65,16,75.70,2,0,22,2024-05-17,0.46853,0.28239,0.00060,-0.18262,4.03766,3.11946
NVDA260116P01720000,NVDA,2026-01-16,1720.00,put,826.15,805.05,796.15,27,813.95,43,0,0,2024-05-17,0.66364,-0.57593,0.00049,-0.05896,4.67899,-22.39252
NVDA260116C01730000,NVDA,2026-01-16,1730.00,call,79.15,74.22,73.60,17,74.85,13,1,18,2024-05-17,0.46853,0.27916,0.00060,-0.18148,4.01526,3.08763
NVDA260116P01730000,NVDA,2026-01-16,1730.00,put,0.00,814.02,806.05,11,822.00,23,0,0,2024-05-17,0.66364,-0.57858,0.00049,-0.05713,4.67282,-22.56367
NVDA260116C01740000,NVDA,2026-01-16,1740.00,call,79.42,73.17,72.55,16,73.80,6,0,52,2024-05-17,0.46853,0.27597,0.00060,-0.18034,3.99276,3.05608
NVDA260116P01740000,NVDA,2026-01-16,1740.00,put,844.55,823.30,814.60,53,832.00,23,0,0,2024-05-17,0.66364,-0.58121,0.00049,-0.05528,4.66649,-22.73477
NVDA260116C01750000,NVDA,2026-01-16,1750.00,call,79.70,72.12,71.55,16,72.70,5,0,32,2024-05-17,0.46853,0.27281,0.00059,-0.17919,3.97016,3.02480
NVDA260116P01750000,NVDA,2026-01-16,1750.00,put,853.90,833.25,824.60,11,841.90,42,0,0,2024-05-17,0.66364,-0.58382,0.00049,-0.05343,4.66000,-22.90582
NVDA260116C01760000,NVDA,2026-01-16,1760.00,call,77.34,71.12,70.50,12,71.75,6,0,8,2024-05-17,0.46853,0.26969,0.00059,-0.17805,3.94746,2.99381
NVDA260116P01760000,NVDA,2026-01-16,1760.00,put,861.75,841.95,832.05,51,851.85,41,0,0,2024-05-17,0.66364,-0.58641,0.00049,-0.05157,4.65334,-23.07680
NVDA260116C01770000,NVDA,2026-01-16,1770.00,call,72.30,70.10,69.55,17,70.65,3,3,12,2024-05-17,0.46853,0.26660,0.00059,-0.17690,3.92467,2.96308
NVDA260116P01770000,NVDA,2026-01-16,1770.00,put,872.70,851.02,842.05,51,860.00,12,0,0,2024-05-17,0.66364,-0.58898,0.00049,-0.04971,4.64653,-23.24773
NVDA260116C01780000,NVDA,2026-01-16,1780.00,call,56.12,69.20,68.60,16,69.80,6,0,57,2024-05-17,0.46853,0.26355,0.00058,-0.17576,3.90180,2.93264
NVDA260116P01780000,NVDA,2026-01-16,1780.00,put,882.10,861.02,852.05,51,870.00,11,0,0,2024-05-17,0.66364,-0.59154,0.00049,-0.04783,4.63957,-23.41860
NVDA260116C01790000,NVDA,2026-01-16,1790.00,call,73.50,68.18,67.65,16,68.70,2,0,181,2024-05-17,0.46853,0.26054,0.00058,-0.17461,3.87886,2.90246
NVDA260116P01790000,NVDA,2026-01-16,1790.00,put,891.40,871.00,862.00,1,880.00,22,0,0,2024-05-17,0.68315,-0.58176,0.00048,-0.05554,4.66514,-23.55075
NVDA260116C01800000,NVDA,2026-01-16,1800.00,call,74.57,67.22,66.75,2,67.70,2,0,353,2024-05-17,0.46853,0.25756,0.00058,-0.17346,3.85585,2.87256
NVDA260116P01800000,NVDA,2026-01-16,1800.00,put,957.12,880.05,870.10,51,890.00,41,0,0,2024-05-17,0.68315,-0.58422,0.00048,-0.05371,4.65898,-23.72044
NVDA260116C01810000,NVDA,2026-01-16,1810.00,call,74.00,66.30,65.75,15,66.85,1,0,25,2024-05-17,0.46853,0.25461,0.00057,-0.17232,3.83278,2.84294
NVDA260116P01810000,NVDA,2026-01-16,1810.00,put,0.00,890.02,880.05,51,900.00,41,0,0,2024-05-17,0.68315,-0.58667,0.00048,-0.05187,4.65267,-23.89009
NVDA260116C01820000,NVDA,2026-01-16,1820.00,call,71.50,65.38,64.85,18,65.90,2,0,46,2024-05-17,0.46853,0.25170,0.00057,-0.17117,3.80966,2.81358
NVDA260116P01820000,NVDA,2026-01-16,1820.00,put,906.54,899.02,890.05,51,908.00,12,0,0,2024-05-17,0.68315,-0.58910,0.00048,-0.05003,4.64622,-24.05968
NVDA260116C01830000,NVDA,2026-01-16,1830.00,call,47.28,64.55,63.95,17,65.15,6,0,1,2024-05-17,0.46853,0.24882,0.00057,-0.17002,3.78649,2.78450
NVDA260116P01830000,NVDA,2026-01-16,1830.00,put,0.00,909.05,900.10,51,918.00,12,0,0,2024-05-17,0.68315,-0.59151,0.00048,-0.04817,4.63964,-24.22922
NVDA260116C01840000,NVDA,2026-01-16,1840.00,call,58.50,63.70,63.10,17,64.30,6,0,72,2024-05-17,0.46853,0.24598,0.00056,-0.16888,3.76329,2.75569
NVDA260116P01840000,NVDA,2026-01-16,1840.00,put,939.63,919.00,910.00,10,928.00,12,0,0,2024-05-17,0.70267,-0.58167,0.00047,-0.05594,4.66537,-24.36118
NVDA260116C01850000,NVDA,2026-01-16,1850.00,call,71.20,62.83,62.30,5,63.35,6,0,66,2024-05-17,0.46853,0.24316,0.00056,-0.16774,3.74005,2.72715
NVDA260116P01850000,NVDA,2026-01-16,1850.00,put,956.50,929.00,920.00,1,938.00,22,0,0,2024-05-17,0.70267,-0.58400,0.00046,-0.05413,4.65954,-24.52964
NVDA260116C01860000,NVDA,2026-01-16,1860.00,call,56.82,61.97,61.40,18,62.55,6,0,17,2024-05-17,0.46853,0.24038,0.00056,-0.16659,3.71678,2.69888
NVDA260116P01860000,NVDA,2026-01-16,1860.00,put,0.00,938.00,928.00,51,948.00,21,0,0,2024-05-17,0.70267,-0.58632,0.00046,-0.05231,4.65359,-24.69805
NVDA260116C01870000,NVDA,2026-01-16,1870.00,call,68.68,61.08,60.55,17,61.60,1,0,12,2024-05-17,0.46853,0.23764,0.00055,-0.16545,3.69349,2.67087
NVDA260116P01870000,NVDA,2026-01-16,1870.00,put,0.00,948.00,938.00,42,958.00,21,0,0,2024-05-17,0.70267,-0.58862,0.00046,-0.05048,4.64752,-24.86642
NVDA260116C01880000,NVDA,2026-01-16,1880.00,call,65.55,60.27,59.75,18,60.80,3,0,20,2024-05-17,0.46853,0.23492,0.00055,-0.16431,3.67018,2.64313
NVDA260116P01880000,NVDA,2026-01-16,1880.00,put,1003.45,958.00,948.00,41,968.00,41,0,0,2024-05-17,0.70267,-0.59090,0.00046,-0.04865,4.64133,-25.03474
NVDA260116C01890000,NVDA,2026-01-16,1890.00,call,64.81,59.48,58.95,17,60.00,1,0,25,2024-05-17,0.46853,0.23223,0.00055,-0.16318,3.64686,2.61565
NVDA260116P01890000,NVDA,2026-01-16,1890.00,put,949.55,967.00,958.00,11,976.00,12,0,0,2024-05-17,0.72218,-0.58101,0.00045,-0.05645,4.66699,-25.16680
NVDA260116C01900000,NVDA,2026-01-16,1900.00,call,64.95,58.73,58.20,8,59.25,6,0,67,2024-05-17,0.46853,0.22958,0.00054,-0.16204,3.62354,2.58844
NVDA260116P01900000,NVDA,2026-01-16,1900.00,put,1012.00,977.00,968.00,11,986.00,12,0,4,2024-05-17,0.72218,-0.58322,0.00045,-0.05467,4.66152,-25.33413
NVDA260116C01910000,NVDA,2026-01-16,1910.00,call,62.90,57.95,57.35,17,58.55,14,0,70,2024-05-17,0.46853,0.22696,0.00054,-0.16091,3.60021,2.56149
NVDA260116P01910000,NVDA,2026-01-16,1910.00,put,0.00,987.00,978.00,11,996.00,12,0,0,2024-05-17,0.72218,-0.58541,0.00045,-0.05287,4.65593,-25.50142
NVDA260116C01920000,NVDA,2026-01-16,1920.00,call,51.65,57.10,56.60,18,57.60,3,0,89,2024-05-17,0.46853,0.22437,0.00054,-0.15978,3.57689,2.53480
NVDA260116P01920000,NVDA,2026-01-16,1920.00,put,0.00,997.00,988.00,1,1006.00,12,0,0,2024-05-17,0.72218,-0.58759,0.00045,-0.05107,4.65024,-25.66867
NVDA260116C01930000,NVDA,2026-01-16,1930.00,call,62.69,56.42,55.85,8,57.00,7,0,151,2024-05-17,0.46853,0.22180,0.00053,-0.15865,3.55358,2.50837
NVDA260116P01930000,NVDA,2026-01-16,1930.00,put,0.00,1007.00,998.00,11,1016.00,12,0,0,2024-05-17,0.72218,-0.58976,0.00045,-0.04926,4.64444,-25.83588
NVDA260116C01940000,NVDA,2026-01-16,1940.00,call,55.85,56.42,55.10,6,57.75,8,30,780,2024-05-17,0.46853,0.21927,0.00053,-0.15752,3.53027,2.48219
NVDA260116P01940000,NVDA,2026-01-16,1940.00,put,1038.03,1017.00,1008.00,11,1026.00,12,0,0,2024-05-17,0.74169,-0.57984,0.00044,-0.05709,4.66983,-25.96827
NVDA260618C00005000,NVDA,2026-06-18,5.00,call,945.55,922.23,916.20,5,928.25,5,0,90,2024-05-17,2.32214,0.99946,0.00000,-0.00422,0.02569,0.04340
NVDA260618P00005000,NVDA,2026-06-18,5.00,put,0.06,0.04,0.01,230,0.08,20,10,279,2024-05-17,1.26851,-0.00007,0.00000,-0.00028,0.00354,-0.00216
NVDA260618C00010000,NVDA,2026-06-18,10.00,call,879.27,917.52,911.65,5,923.40,5,0,3,2024-05-17,1.75630,0.99902,0.00000,-0.00601,0.04411,0.13297
NVDA260618P00010000,NVDA,2026-06-18,10.00,put,0.01,0.01,0.00,0,0.39,2,0,20,2024-05-17,0.95632,-0.00003,0.00000,-0.00009,0.00148,-0.00072
NVDA260618C00015000,NVDA,2026-06-18,15.00,call,0.00,913.15,907.25,5,919.05,5,0,0,2024-05-17,1.56118,0.99867,0.00000,-0.00750,0.05845,0.21656
NVDA260618P00015000,NVDA,2026-06-18,15.00,put,0.03,0.01,0.00,0,0.48,70,0,52,2024-05-17,0.85876,-0.00003,0.00000,-0.00008,0.00157,-0.00074
NVDA260618C00020000,NVDA,2026-06-18,20.00,call,786.00,908.42,902.45,5,914.40,5,0,39,2024-05-17,1.36606,0.99859,0.00000,-0.00775,0.06182,0.31536
NVDA260618P00020000,NVDA,2026-06-18,20.00,put,0.04,0.01,0.00,0,0.50,6,0,4,2024-05-17,0.80022,-0.00003,0.00000,-0.00009,0.00186,-0.00086
NVDA260618C00025000,NVDA,2026-06-18,25.00,call,796.00,904.05,898.20,5,909.90,5,0,8,2024-05-17,1.28802,0.99831,0.00000,-0.00895,0.07278,0.40045
NVDA260618P00025000,NVDA,2026-06-18,25.00,put,0.10,0.27,0.01,1,0.52,40,0,5,2024-05-17,0.99534,-0.00047,0.00000,-0.00137,0.02248,-0.01439
NVDA260618C00030000,NVDA,2026-06-18,30.00,call,672.16,899.53,893.70,5,905.35,5,0,22,2024-05-17,1.20997,0.99813,0.00000,-0.00977,0.07982,0.49033
NVDA260618P00030000,NVDA,2026-06-18,30.00,put,0.17,0.01,0.00,0,0.50,1,0,16,2024-05-17,0.70267,-0.00003,0.00000,-0.00008,0.00183,-0.00081
NVDA260618C00035000,NVDA,2026-06-18,35.00,call,855.79,894.92,889.05,5,900.80,5,0,20,2024-05-17,1.13192,0.99806,0.00000,-0.01021,0.08241,0.58494
NVDA260618P00035000,NVDA,2026-06-18,35.00,put,0.08,0.01,0.00,0,0.57,41,0,3,2024-05-17,0.68315,-0.00004,0.00000,-0.00010,0.00242,-0.00109
NVDA260618C00040000,NVDA,2026-06-18,40.00,call,850.99,890.48,884.60,5,896.35,5,0,24,2024-05-17,1.07339,0.99796,0.00000,-0.01081,0.08617,0.67750
NVDA260618P00040000,NVDA,2026-06-18,40.00,put,0.22,0.30,0.01,1,0.60,40,0,45,2024-05-17,0.87827,-0.00069,0.00000,-0.00171,0.03215,-0.02011
NVDA260618C00045000,NVDA,2026-06-18,45.00,call,677.66,886.05,880.25,5,891.85,5,0,3,2024-05-17,1.03437,0.99777,0.00001,-0.01169,0.09332,0.76611
NVDA260618P00045000,NVDA,2026-06-18,45.00,put,0.27,0.01,0.00,0,0.62,40,0,34,2024-05-17,0.62462,-0.00004,0.00000,-0.00009,0.00242,-0.00106
NVDA260618C00050000,NVDA,2026-06-18,50.00,call,730.00,881.58,876.30,5,886.85,5,0,4,2024-05-17,0.99534,0.99764,0.00001,-0.01243,0.09855,0.85666
NVDA260618P00050000,NVDA,2026-06-18,50.00,put,0.15,0.21,0.04,200,0.39,61,0,234,2024-05-17,0.78071,-0.00058,0.00000,-0.00128,0.02720,-0.01584
NVDA260618C00060000,NVDA,2026-06-18,60.00,call,898.10,872.65,866.80,5,878.50,5,0,3,2024-05-17,0.93681,0.99728,0.00001,-0.01412,0.11192,1.03450
NVDA260618P00060000,NVDA,2026-06-18,60.00,put,0.19,0.01,0.00,0,0.71,45,0,19,2024-05-17,0.56608,-0.00005,0.00000,-0.00009,0.00277,-0.00119
NVDA260618C00070000,NVDA,2026-06-18,70.00,call,566.85,863.58,857.60,5,869.55,5,0,4,2024-05-17,0.85876,0.99737,0.00001,-0.01472,0.10869,1.22820
NVDA260618P00070000,NVDA,2026-06-18,70.00,put,0.36,0.01,0.00,0,0.78,45,0,8,2024-05-17,0.52706,-0.00004,0.00000,-0.00008,0.00249,-0.00105
NVDA260618C00080000,NVDA,2026-06-18,80.00,call,851.45,854.70,848.80,5,860.60,5,0,6,2024-05-17,0.81974,0.99704,0.00001,-0.01633,0.12064,1.40697
NVDA260618P00080000,NVDA,2026-06-18,80.00,put,0.44,0.44,0.02,70,0.86,40,0,5,2024-05-17,0.70267,-0.00123,0.00000,-0.00228,0.05443,-0.03298
NVDA260618C00090000,NVDA,2026-06-18,90.00,call,0.00,845.75,839.85,5,851.65,5,0,0,2024-05-17,0.78071,0.99681,0.00001,-0.01773,0.12906,1.58892
NVDA260618P00090000,NVDA,2026-06-18,90.00,put,0.59,0.54,0.11,65,0.96,65,0,141,2024-05-17,0.68315,-0.00151,0.00001,-0.00265,0.06544,-0.04015
NVDA260618C00100000,NVDA,2026-06-18,100.00,call,598.60,836.92,831.65,5,842.20,5,0,7,2024-05-17,0.76120,0.99625,0.00001,-0.01978,0.14950,1.75991
NVDA260618P00100000,NVDA,2026-06-18,100.00,put,0.63,0.65,0.47,200,0.83,52,1,403,2024-05-17,0.66364,-0.00178,0.00001,-0.00298,0.07608,-0.04709
NVDA260618C00110000,NVDA,2026-06-18,110.00,call,0.00,828.08,822.20,11,833.95,5,0,0,2024-05-17,0.72218,0.99619,0.00001,-0.02080,0.15142,1.94767
NVDA260618P00110000,NVDA,2026-06-18,110.00,put,1.11,0.79,0.35,57,1.24,41,0,27,2024-05-17,0.66364,-0.00243,0.00001,-0.00395,0.10116,-0.06504
NVDA260618C00120000,NVDA,2026-06-18,120.00,call,792.98,819.23,813.35,11,825.10,5,0,14,2024-05-17,0.70267,0.99571,0.00001,-0.02261,0.16842,2.12185
NVDA260618P00120000,NVDA,2026-06-18,120.00,put,1.11,0.95,0.50,50,1.41,41,0,92,2024-05-17,0.64413,-0.00273,0.00001,-0.00423,0.11213,-0.07234
NVDA260618C00130000,NVDA,2026-06-18,130.00,call,669.63,810.53,804.60,5,816.45,5,0,28,2024-05-17,0.68315,0.99526,0.00002,-0.02433,0.18435,2.29697
NVDA260618P00130000,NVDA,2026-06-18,130.00,put,1.25,1.13,0.65,53,1.61,40,0,10,2024-05-17,0.64413,-0.00354,0.00001,-0.00533,0.14188,-0.09471
NVDA260618C00140000,NVDA,2026-06-18,140.00,call,0.00,801.65,795.65,5,807.65,5,0,0,2024-05-17,0.66364,0.99483,0.00002,-0.02596,0.19899,2.47324
NVDA260618P00140000,NVDA,2026-06-18,140.00,put,1.41,1.33,0.84,53,1.83,65,0,20,2024-05-17,0.62462,-0.00383,0.00001,-0.00553,0.15237,-0.10165
NVDA260618C00150000,NVDA,2026-06-18,150.00,call,548.38,792.90,787.55,6,798.25,6,0,4,2024-05-17,0.66364,0.99366,0.00002,-0.02877,0.23869,2.62643
NVDA260618P00150000,NVDA,2026-06-18,150.00,put,1.69,1.56,1.37,162,1.75,144,0,137,2024-05-17,0.62462,-0.00480,0.00002,-0.00674,0.18628,-0.12819
NVDA260618C00160000,NVDA,2026-06-18,160.00,call,390.92,784.05,778.25,6,789.85,6,0,1,2024-05-17,0.64413,0.99324,0.00002,-0.03028,0.25237,2.80362
NVDA260618P00160000,NVDA,2026-06-18,160.00,put,2.00,1.82,1.29,51,2.35,37,0,7,2024-05-17,0.60511,-0.00507,0.00002,-0.00683,0.19561,-0.13411
NVDA260618C00170000,NVDA,2026-06-18,170.00,call,728.25,775.35,769.80,24,780.90,24,0,14,2024-05-17,0.62462,0.99288,0.00002,-0.03169,0.26423,2.98252
NVDA260618P00170000,NVDA,2026-06-18,170.00,put,2.40,2.10,1.56,49,2.65,39,0,61,2024-05-17,0.60511,-0.00618,0.00002,-0.00811,0.23322,-0.16457
NVDA260618C00180000,NVDA,2026-06-18,180.00,call,697.86,766.65,761.10,24,772.20,24,0,16,2024-05-17,0.60511,0.99258,0.00003,-0.03301,0.27408,3.16325
NVDA260618P00180000,NVDA,2026-06-18,180.00,put,2.25,2.42,1.85,48,2.98,30,0,21,2024-05-17,0.60511,-0.00742,0.00003,-0.00949,0.27408,-0.19884
NVDA260618C00190000,NVDA,2026-06-18,190.00,call,761.00,757.97,752.40,24,763.55,24,3,8,2024-05-17,0.60511,0.99121,0.00003,-0.03579,0.31804,3.31186
NVDA260618P00190000,NVDA,2026-06-18,190.00,put,2.60,2.76,2.17,47,3.35,41,0,31,2024-05-17,0.58560,-0.00766,0.00003,-0.00941,0.28177,-0.20296
NVDA260618C00200000,NVDA,2026-06-18,200.00,call,766.80,749.35,744.30,24,754.40,24,0,12,2024-05-17,0.58560,0.99097,0.00003,-0.03696,0.32579,3.49477
NVDA260618P00200000,NVDA,2026-06-18,200.00,put,2.98,3.12,2.89,141,3.35,123,1,91,2024-05-17,0.58560,-0.00903,0.00003,-0.01083,0.32579,-0.24088
NVDA260618C00210000,NVDA,2026-06-18,210.00,call,744.00,740.75,735.20,24,746.30,24,0,12,2024-05-17,0.58560,0.98946,0.00004,-0.03978,0.37276,3.63974
NVDA260618P00210000,NVDA,2026-06-18,210.00,put,4.55,3.53,2.91,44,4.15,39,0,26,2024-05-17,0.58560,-0.01054,0.00004,-0.01235,0.37276,-0.28270
NVDA260618C00220000,NVDA,2026-06-18,220.00,call,629.25,732.15,726.60,24,737.70,24,0,23,2024-05-17,0.58560,0.98783,0.00004,-0.04268,0.42252,3.78078
NVDA260618P00220000,NVDA,2026-06-18,220.00,put,4.15,3.90,3.30,43,4.50,5,0,38,2024-05-17,0.56608,-0.01071,0.00004,-0.01205,0.37799,-0.28387
NVDA260618C00230000,NVDA,2026-06-18,230.00,call,574.92,723.62,718.10,24,729.15,24,0,24,2024-05-17,0.56608,0.98766,0.00004,-0.04363,0.42770,3.96694
NVDA260618P00230000,NVDA,2026-06-18,230.00,put,5.50,4.40,4.10,37,4.70,33,0,43,2024-05-17,0.56608,-0.01234,0.00004,-0.01358,0.42770,-0.32907
NVDA260618C00240000,NVDA,2026-06-18,240.00,call,678.00,715.10,709.55,24,720.65,24,0,12,2024-05-17,0.56608,0.98589,0.00005,-0.04654,0.48008,4.10460
NVDA260618P00240000,NVDA,2026-06-18,240.00,put,5.20,4.93,4.65,144,5.20,127,0,34,2024-05-17,0.56608,-0.01411,0.00005,-0.01519,0.48008,-0.37819
NVDA260618C00250000,NVDA,2026-06-18,250.00,call,695.60,706.62,701.60,24,711.65,24,0,41,2024-05-17,0.56608,0.98400,0.00005,-0.04952,0.53497,4.23831
NVDA260618P00250000,NVDA,2026-06-18,250.00,put,5.30,5.45,5.30,1,5.60,1,0,148,2024-05-17,0.56608,-0.01600,0.00005,-0.01685,0.53497,-0.43126
NVDA260618C00260000,NVDA,2026-06-18,260.00,call,565.19,698.80,693.80,3,703.80,28,0,39,2024-05-17,0.56608,0.98197,0.00006,-0.05255,0.59222,4.36806
NVDA260618P00260000,NVDA,2026-06-18,260.00,put,5.90,6.05,5.75,141,6.35,127,0,221,2024-05-17,0.54657,-0.01608,0.00006,-0.01627,0.53705,-0.42767
NVDA260618C00270000,NVDA,2026-06-18,270.00,call,666.16,689.83,684.30,28,695.35,28,0,14,2024-05-17,0.54657,0.98190,0.00006,-0.05320,0.59427,4.55925
NVDA260618P00270000,NVDA,2026-06-18,270.00,put,8.35,6.68,6.40,137,6.95,127,0,7,2024-05-17,0.54657,-0.01810,0.00006,-0.01793,0.59427,-0.48389
NVDA260618C00280000,NVDA,2026-06-18,280.00,call,635.68,681.25,677.10,2,685.40,2,0,55,2024-05-17,0.54657,0.97975,0.00007,-0.05622,0.65376,4.68586
NVDA260618P00280000,NVDA,2026-06-18,280.00,put,7.92,7.35,7.05,137,7.65,127,0,99,2024-05-17,0.54657,-0.02025,0.00007,-0.01964,0.65376,-0.54406
NVDA260618C00290000,NVDA,2026-06-18,290.00,call,697.18,673.77,668.80,1,678.75,25,0,11,2024-05-17,0.54657,0.97748,0.00007,-0.05929,0.71536,4.80852
NVDA260618P00290000,NVDA,2026-06-18,290.00,put,7.80,8.05,7.75,134,8.35,127,0,29,2024-05-17,0.54657,-0.02252,0.00007,-0.02140,0.71536,-0.60819
NVDA260618C00300000,NVDA,2026-06-18,300.00,call,688.55,664.55,660.50,23,668.60,1,0,84,2024-05-17,0.52706,0.97753,0.00008,-0.05970,0.71397,5.00495
NVDA260618P00300000,NVDA,2026-06-18,300.00,put,8.80,8.57,8.15,35,9.00,10,2,934,2024-05-17,0.52706,-0.02247,0.00008,-0.02051,0.71397,-0.59853
NVDA260618C00310000,NVDA,2026-06-18,310.00,call,594.00,656.77,651.25,28,662.30,24,0,272,2024-05-17,0.52706,0.97513,0.00008,-0.06274,0.77764,5.12465
NVDA260618P00310000,NVDA,2026-06-18,310.00,put,9.85,9.65,9.35,130,9.95,130,0,79,2024-05-17,0.52706,-0.02487,0.00008,-0.02224,0.77764,-0.66562
NVDA260618C00320000,NVDA,2026-06-18,320.00,call,590.39,648.35,644.20,1,652.50,2,0,29,2024-05-17,0.52706,0.97260,0.00009,-0.06582,0.84319,5.24039
NVDA260618P00320000,NVDA,2026-06-18,320.00,put,10.50,10.55,10.25,130,10.85,130,0,73,2024-05-17,0.52706,-0.02740,0.00009,-0.02401,0.84319,-0.73666
NVDA260618C00330000,NVDA,2026-06-18,330.00,call,594.02,640.52,635.05,24,646.00,28,0,5,2024-05-17,0.52706,0.96995,0.00010,-0.06893,0.91048,5.35219
NVDA260618P00330000,NVDA,2026-06-18,330.00,put,11.60,11.50,11.20,1,11.80,130,2,121,2024-05-17,0.52706,-0.03005,0.00010,-0.02581,0.91048,-0.81164
NVDA260618C00340000,NVDA,2026-06-18,340.00,call,657.07,633.05,628.10,1,638.00,25,0,11,2024-05-17,0.52706,0.96718,0.00010,-0.07206,0.97937,5.46008
NVDA260618P00340000,NVDA,2026-06-18,340.00,put,17.95,12.50,12.20,1,12.80,127,0,29,2024-05-17,0.52706,-0.03282,0.00010,-0.02764,0.97937,-0.89054
NVDA260618C00350000,NVDA,2026-06-18,350.00,call,591.85,624.17,620.15,1,628.20,4,0,49,2024-05-17,0.50755,0.96736,0.00011,-0.07209,0.97486,5.66465
NVDA260618P00350000,NVDA,2026-06-18,350.00,put,15.00,13.53,13.30,102,13.75,111,0,366,2024-05-17,0.52706,-0.03571,0.00011,-0.02949,1.04969,-0.97332
NVDA260618C00360000,NVDA,2026-06-18,360.00,call,596.57,616.70,615.00,5,618.40,2,0,14,2024-05-17,0.52706,0.96128,0.00012,-0.07840,1.12131,5.66424
NVDA260618P00360000,NVDA,2026-06-18,360.00,put,14.60,14.68,14.35,116,15.00,123,1,72,2024-05-17,0.52706,-0.03872,0.00012,-0.03137,1.12131,-1.05995
NVDA260618C00370000,NVDA,2026-06-18,370.00,call,474.00,608.88,607.20,5,610.55,2,0,44,2024-05-17,0.50755,0.96143,0.00012,-0.07829,1.11778,5.87074
NVDA260618P00370000,NVDA,2026-06-18,370.00,put,16.00,15.88,15.55,24,16.20,120,1,27,2024-05-17,0.52706,-0.04183,0.00013,-0.03325,1.19409,-1.15038
NVDA260618C00380000,NVDA,2026-06-18,380.00,call,525.80,601.00,599.25,2,602.75,2,0,160,2024-05-17,0.50755,0.95829,0.00013,-0.08142,1.19120,5.96796
NVDA260618P00380000,NVDA,2026-06-18,380.00,put,17.00,17.15,16.80,21,17.50,120,1,88,2024-05-17,0.52706,-0.04506,0.00013,-0.03514,1.26788,-1.24457
NVDA260618C00390000,NVDA,2026-06-18,390.00,call,566.15,593.33,591.60,2,595.05,2,0,26,2024-05-17,0.50755,0.95504,0.00014,-0.08455,1.26574,6.06134
NVDA260618P00390000,NVDA,2026-06-18,390.00,put,18.00,18.50,18.15,12,18.85,116,0,82,2024-05-17,0.52706,-0.04839,0.00014,-0.03704,1.34255,-1.34248
NVDA260618C00400000,NVDA,2026-06-18,400.00,call,614.50,585.67,584.10,2,587.25,2,0,500,2024-05-17,0.50755,0.95167,0.00015,-0.08769,1.34125,6.15092
NVDA260618P00400000,NVDA,2026-06-18,400.00,put,19.70,19.80,19.60,84,20.00,1,2,173,2024-05-17,0.50755,-0.04833,0.00015,-0.03543,1.34125,-1.32039
NVDA260618C00410000,NVDA,2026-06-18,410.00,call,561.20,578.17,576.55,5,579.80,2,0,14,2024-05-17,0.50755,0.94819,0.00016,-0.09084,1.41761,6.23677
NVDA260618P00410000,NVDA,2026-06-18,410.00,put,28.62,21.43,21.10,5,21.75,28,0,36,2024-05-17,0.50755,-0.05181,0.00016,-0.03727,1.41761,-1.42133
NVDA260618C00420000,NVDA,2026-06-18,420.00,call,474.20,570.60,568.90,2,572.30,2,0,109,2024-05-17,0.50755,0.94461,0.00016,-0.09398,1.49468,6.31893
NVDA260618P00420000,NVDA,2026-06-18,420.00,put,26.35,22.95,22.60,22,23.30,13,0,37,2024-05-17,0.50755,-0.05539,0.00016,-0.03910,1.49468,-1.52595
NVDA260618C00430000,NVDA,2026-06-18,430.00,call,432.07,563.17,561.50,2,564.85,2,0,32,2024-05-17,0.50755,0.94093,0.00017,-0.09711,1.57234,6.39746
NVDA260618P00430000,NVDA,2026-06-18,430.00,put,23.85,24.52,24.10,25,24.95,26,0,55,2024-05-17,0.50755,-0.05907,0.00017,-0.04093,1.57234,-1.63420
NVDA260618C00440000,NVDA,2026-06-18,440.00,call,556.75,555.83,554.15,2,557.50,2,1,46,2024-05-17,0.50755,0.93715,0.00018,-0.10024,1.65047,6.47242
NVDA260618P00440000,NVDA,2026-06-18,440.00,put,25.85,26.25,26.00,9,26.50,1,20,145,2024-05-17,0.50755,-0.06285,0.00018,-0.04275,1.65047,-1.74603
NVDA260618C00450000,NVDA,2026-06-18,450.00,call,558.85,548.55,547.00,2,550.10,2,2,99,2024-05-17,0.50755,0.93328,0.00019,-0.10335,1.72896,6.54387
NVDA260618P00450000,NVDA,2026-06-18,450.00,put,27.33,28.02,27.75,10,28.30,1,0,397,2024-05-17,0.50755,-0.06672,0.00019,-0.04456,1.72896,-1.86136
NVDA260618C00460000,NVDA,2026-06-18,460.00,call,433.95,541.38,539.75,5,543.00,2,0,41,2024-05-17,0.50755,0.92931,0.00020,-0.10645,1.80768,6.61188
NVDA260618P00460000,NVDA,2026-06-18,460.00,put,29.05,29.98,29.60,6,30.35,24,0,31,2024-05-17,0.50755,-0.07069,0.00020,-0.04635,1.80768,-1.98013
NVDA260618C00470000,NVDA,2026-06-18,470.00,call,444.45,534.12,532.55,2,535.70,1,0,94,2024-05-17,0.50755,0.92526,0.00021,-0.10953,1.88654,6.67651
NVDA260618P00470000,NVDA,2026-06-18,470.00,put,30.85,31.80,31.30,23,32.30,12,0,131,2024-05-17,0.50755,-0.07474,0.00021,-0.04812,1.88654,-2.10228
NVDA260618C00480000,NVDA,2026-06-18,480.00,call,400.95,527.15,525.50,2,528.80,2,0,101,2024-05-17,0.48804,0.92512,0.00022,-0.10872,1.88922,6.89356
NVDA260618P00480000,NVDA,2026-06-18,480.00,put,33.40,33.92,33.50,16,34.35,23,0,86,2024-05-17,0.50755,-0.07888,0.00022,-0.04987,1.96543,-2.22774
NVDA260618C00490000,NVDA,2026-06-18,490.00,call,503.01,520.22,518.65,2,521.80,2,0,71,2024-05-17,0.48804,0.92090,0.00023,-0.11172,1.96965,6.95483
NVDA260618P00490000,NVDA,2026-06-18,490.00,put,36.50,35.92,35.40,20,36.45,23,1,76,2024-05-17,0.50755,-0.08310,0.00023,-0.05160,2.04426,-2.35643
NVDA260618C00500000,NVDA,2026-06-18,500.00,call,521.70,513.35,511.90,1,514.80,3,18,126,2024-05-17,0.48804,0.91659,0.00024,-0.11470,2.05007,7.01273
NVDA260618P00500000,NVDA,2026-06-18,500.00,put,37.20,38.12,37.80,7,38.45,6,0,336,2024-05-17,0.50755,-0.08740,0.00023,-0.05330,2.12293,-2.48829
NVDA260618C00510000,NVDA,2026-06-18,510.00,call,373.10,506.43,504.85,5,508.00,2,0,72,2024-05-17,0.48804,0.91219,0.00024,-0.11766,2.13039,7.06733
NVDA260618P00510000,NVDA,2026-06-18,510.00,put,50.75,40.45,39.95,5,40.95,22,0,36,2024-05-17,0.50755,-0.09176,0.00024,-0.05496,2.20136,-2.62325
NVDA260618C00520000,NVDA,2026-06-18,520.00,call,422.35,499.65,498.10,5,501.20,1,0,52,2024-05-17,0.48804,0.90772,0.00025,-0.12058,2.21050,7.11872
NVDA260618P00520000,NVDA,2026-06-18,520.00,put,46.65,42.67,42.30,8,43.05,11,0,630,2024-05-17,0.50755,-0.09620,0.00025,-0.05660,2.27946,-2.76123
NVDA260618C00530000,NVDA,2026-06-18,530.00,call,431.40,492.98,491.35,2,494.60,2,0,141,2024-05-17,0.48804,0.90317,0.00026,-0.12348,2.29033,7.16695
NVDA260618P00530000,NVDA,2026-06-18,530.00,put,45.66,45.20,44.75,1,45.65,21,0,64,2024-05-17,0.50755,-0.10071,0.00026,-0.05820,2.35717,-2.90216
NVDA260618C00540000,NVDA,2026-06-18,540.00,call,468.72,486.43,485.00,5,487.85,2,0,24,2024-05-17,0.48804,0.89855,0.00027,-0.12634,2.36979,7.21210
NVDA260618P00540000,NVDA,2026-06-18,540.00,put,46.00,47.60,47.20,22,48.00,5,0,42,2024-05-17,0.50755,-0.10528,0.00027,-0.05977,2.43439,-3.04597
NVDA260618C00550000,NVDA,2026-06-18,550.00,call,388.43,479.88,478.55,2,481.20,2,0,46,2024-05-17,0.48804,0.89386,0.00028,-0.12916,2.44880,7.25425
NVDA260618P00550000,NVDA,2026-06-18,550.00,put,50.60,50.20,49.80,3,50.60,5,19,165,2024-05-17,0.50755,-0.10991,0.00028,-0.06130,2.51108,-3.19259
NVDA260618C00560000,NVDA,2026-06-18,560.00,call,473.81,473.45,472.05,5,474.85,2,0,45,2024-05-17,0.48804,0.88910,0.00029,-0.13195,2.52728,7.29346
NVDA260618P00560000,NVDA,2026-06-18,560.00,put,51.51,52.88,52.45,1,53.30,1,0,19,2024-05-17,0.50755,-0.11460,0.00029,-0.06279,2.58715,-3.34195
NVDA260618C00570000,NVDA,2026-06-18,570.00,call,466.16,467.02,465.70,5,468.35,1,0,49,2024-05-17,0.48804,0.88428,0.00030,-0.13470,2.60516,7.32981
NVDA260618P00570000,NVDA,2026-06-18,570.00,put,55.35,55.62,55.20,5,56.05,5,24,51,2024-05-17,0.50755,-0.11934,0.00029,-0.06423,2.66256,-3.49397
NVDA260618C00580000,NVDA,2026-06-18,580.00,call,359.58,460.70,459.25,2,462.15,2,0,63,2024-05-17,0.48804,0.87940,0.00031,-0.13740,2.68238,7.36337
NVDA260618P00580000,NVDA,2026-06-18,580.00,put,58.60,58.45,58.00,1,58.90,1,25,52,2024-05-17,0.50755,-0.12413,0.00030,-0.06564,2.73724,-3.64859
NVDA260618C00590000,NVDA,2026-06-18,590.00,call,358.31,454.50,453.10,5,455.90,2,0,24,2024-05-17,0.48804,0.87446,0.00032,-0.14007,2.75887,7.39421
NVDA260618P00590000,NVDA,2026-06-18,590.00,put,59.45,61.30,60.80,9,61.80,1,0,34,2024-05-17,0.50755,-0.12897,0.00031,-0.06700,2.81115,-3.80573
NVDA260618C00600000,NVDA,2026-06-18,600.00,call,429.65,448.38,447.15,5,449.60,2,0,160,2024-05-17,0.48804,0.86947,0.00033,-0.14269,2.83458,7.42242
NVDA260618P00600000,NVDA,2026-06-18,600.00,put,65.20,64.33,63.90,4,64.75,3,3,684,2024-05-17,0.50755,-0.13385,0.00032,-0.06832,2.88423,-3.96532
NVDA260618C00610000,NVDA,2026-06-18,610.00,call,401.10,442.30,440.95,5,443.65,2,0,30,2024-05-17,0.48804,0.86444,0.00033,-0.14527,2.90945,7.44805
NVDA260618P00610000,NVDA,2026-06-18,610.00,put,65.00,67.43,66.95,5,67.90,5,0,65,2024-05-17,0.50755,-0.13878,0.00033,-0.06959,2.95644,-4.12731
NVDA260618C00620000,NVDA,2026-06-18,620.00,call,312.98,436.25,434.85,2,437.65,2,0,65,2024-05-17,0.48804,0.85935,0.00034,-0.14780,2.98343,7.47118
NVDA260618P00620000,NVDA,2026-06-18,620.00,put,74.68,70.57,70.10,4,71.05,6,0,53,2024-05-17,0.50755,-0.14375,0.00033,-0.07082,3.02773,-4.29160
NVDA260618C00630000,NVDA,2026-06-18,630.00,call,459.35,430.38,429.10,2,431.65,1,0,56,2024-05-17,0.48804,0.85422,0.00035,-0.15028,3.05648,7.49188
NVDA260618P00630000,NVDA,2026-06-18,630.00,put,71.18,73.80,73.30,5,74.30,5,0,69,2024-05-17,0.50755,-0.14875,0.00034,-0.07199,3.09808,-4.45815
NVDA260618C00640000,NVDA,2026-06-18,640.00,call,390.20,424.52,423.25,2,425.80,1,0,31,2024-05-17,0.48804,0.84905,0.00036,-0.15272,3.12855,7.51022
NVDA260618P00640000,NVDA,2026-06-18,640.00,put,92.50,77.10,76.60,5,77.60,1,0,55,2024-05-17,0.50755,-0.15378,0.00035,-0.07312,3.16745,-4.62689
NVDA260618C00650000,NVDA,2026-06-18,650.00,call,305.30,418.73,417.50,2,419.95,2,0,78,2024-05-17,0.48804,0.84385,0.00037,-0.15511,3.19961,7.52627
NVDA260618P00650000,NVDA,2026-06-18,650.00,put,85.59,80.45,79.90,7,81.00,1,0,135,2024-05-17,0.50755,-0.15885,0.00036,-0.07420,3.23579,-4.79774
NVDA260618C00660000,NVDA,2026-06-18,660.00,call,331.00,413.02,411.70,2,414.35,2,0,224,2024-05-17,0.48804,0.83861,0.00038,-0.15745,3.26961,7.54009
NVDA260618P00660000,NVDA,2026-06-18,660.00,put,82.90,84.03,83.55,6,84.50,1,1,123,2024-05-17,0.50755,-0.16394,0.00036,-0.07524,3.30309,-4.97066
NVDA260618C00670000,NVDA,2026-06-18,670.00,call,395.73,407.40,406.10,5,408.70,2,0,97,2024-05-17,0.48804,0.83333,0.00038,-0.15973,3.33852,7.55176
NVDA260618P00670000,NVDA,2026-06-18,670.00,put,93.00,87.43,86.90,5,87.95,1,0,22,2024-05-17,0.50755,-0.16906,0.00037,-0.07622,3.36932,-5.14556
NVDA260618C00680000,NVDA,2026-06-18,680.00,call,375.00,401.80,400.50,2,403.10,1,0,197,2024-05-17,0.48804,0.82803,0.00039,-0.16197,3.40632,7.56134
NVDA260618P00680000,NVDA,2026-06-18,680.00,put,89.85,91.07,90.60,5,91.55,1,11,32,2024-05-17,0.50755,-0.17420,0.00038,-0.07715,3.43446,-5.32240
NVDA260618C00690000,NVDA,2026-06-18,690.00,call,389.79,396.32,394.95,2,397.70,7,0,233,2024-05-17,0.48804,0.82270,0.00040,-0.16416,3.47298,7.56889
NVDA260618P00690000,NVDA,2026-06-18,690.00,put,94.40,94.95,94.40,7,95.50,8,22,37,2024-05-17,0.50755,-0.17937,0.00039,-0.07803,3.49848,-5.50110
NVDA260618C00700000,NVDA,2026-06-18,700.00,call,373.65,390.88,389.70,5,392.05,1,0,434,2024-05-17,0.48804,0.81735,0.00041,-0.16630,3.53846,7.57448
NVDA260618P00700000,NVDA,2026-06-18,700.00,put,98.95,98.47,97.95,7,99.00,1,6485,278,2024-05-17,0.50755,-0.18455,0.00039,-0.07887,3.56136,-5.68162
NVDA260618C00710000,NVDA,2026-06-18,710.00,call,384.60,385.52,384.20,2,386.85,1,1,55,2024-05-17,0.48804,0.81197,0.00041,-0.16838,3.60276,7.57817
NVDA260618P00710000,NVDA,2026-06-18,710.00,put,101.30,102.55,101.85,1,103.25,8,2,19,2024-05-17,0.50755,-0.18975,0.00040,-0.07965,3.62309,-5.86390
NVDA260618C00720000,NVDA,2026-06-18,720.00,call,398.80,380.32,379.00,2,381.65,2,0,136,2024-05-17,0.48804,0.80658,0.00042,-0.17041,3.66586,7.58002
NVDA260618P00720000,NVDA,2026-06-18,720.00,put,102.65,106.45,105.75,8,107.15,1,0,58,2024-05-17,0.50755,-0.19497,0.00041,-0.08038,3.68366,-6.04787
NVDA260618C00730000,NVDA,2026-06-18,730.00,call,373.15,375.02,373.70,2,376.35,1,1,357,2024-05-17,0.48804,0.80117,0.00043,-0.17240,3.72772,7.58010
NVDA260618P00730000,NVDA,2026-06-18,730.00,put,109.60,110.53,109.50,36,111.55,1,2,1370,2024-05-17,0.50755,-0.20019,0.00041,-0.08106,3.74305,-6.23348
NVDA260618C00740000,NVDA,2026-06-18,740.00,call,366.55,370.00,368.75,5,371.25,2,22,58,2024-05-17,0.48804,0.79574,0.00043,-0.17433,3.78835,7.57845
NVDA260618P00740000,NVDA,2026-06-18,740.00,put,111.34,114.57,113.85,8,115.30,4,0,13,2024-05-17,0.50755,-0.20543,0.00042,-0.08168,3.80125,-6.42068
NVDA260618C00750000,NVDA,2026-06-18,750.00,call,370.68,364.85,363.55,1,366.15,2,10,857,2024-05-17,0.48804,0.79030,0.00044,-0.17620,3.84773,7.57514
NVDA260618P00750000,NVDA,2026-06-18,750.00,put,119.30,118.67,118.05,7,119.30,1,7400,294,2024-05-17,0.50755,-0.21068,0.00043,-0.08226,3.85825,-6.60941
NVDA260618C00760000,NVDA,2026-06-18,760.00,call,361.25,359.90,358.60,2,361.20,2,5,44,2024-05-17,0.48804,0.78485,0.00045,-0.17803,3.90584,7.57023
NVDA260618P00760000,NVDA,2026-06-18,760.00,put,122.85,123.08,122.40,12,123.75,7,19,1439,2024-05-17,0.50755,-0.21593,0.00043,-0.08279,3.91406,-6.79962
NVDA260618C00770000,NVDA,2026-06-18,770.00,call,356.55,354.92,353.65,5,356.20,2,2,122,2024-05-17,0.48804,0.77939,0.00045,-0.17981,3.96268,7.56377
NVDA260618P00770000,NVDA,2026-06-18,770.00,put,131.65,127.42,126.60,6,128.25,7,0,117,2024-05-17,0.50755,-0.22119,0.00044,-0.08327,3.96865,-6.99127
NVDA260618C00780000,NVDA,2026-06-18,780.00,call,338.63,350.07,348.75,3,351.40,2,0,65,2024-05-17,0.48804,0.77393,0.00046,-0.18153,4.01825,7.55581
NVDA260618P00780000,NVDA,2026-06-18,780.00,put,131.80,131.82,130.95,7,132.70,7,237,240,2024-05-17,0.50755,-0.22645,0.00044,-0.08370,4.02204,-7.18430
NVDA260618C00790000,NVDA,2026-06-18,790.00,call,341.55,345.30,344.00,6,346.60,2,25,313,2024-05-17,0.48804,0.76846,0.00047,-0.18320,4.07254,7.54641
NVDA260618P00790000,NVDA,2026-06-18,790.00,put,132.77,136.30,135.40,7,137.20,7,0,26,2024-05-17,0.50755,-0.23171,0.00045,-0.08407,4.07421,-7.37866
NVDA260618C00800000,NVDA,2026-06-18,800.00,call,348.40,340.58,339.35,1,341.80,1,6,790,2024-05-17,0.46853,0.76331,0.00049,-0.18067,4.12248,7.70979
NVDA260618P00800000,NVDA,2026-06-18,800.00,put,139.70,140.88,140.00,6,141.75,6,2,274,2024-05-17,0.50755,-0.23697,0.00046,-0.08440,4.12516,-7.57430
NVDA260618C00810000,NVDA,2026-06-18,810.00,call,332.75,335.95,334.70,2,337.20,2,48,86,2024-05-17,0.46853,0.75761,0.00050,-0.18222,4.17637,7.69546
NVDA260618P00810000,NVDA,2026-06-18,810.00,put,144.00,145.48,144.55,7,146.40,7,20,16,2024-05-17,0.50755,-0.24224,0.00046,-0.08468,4.17491,-7.77119
NVDA260618C00820000,NVDA,2026-06-18,820.00,call,327.10,331.35,330.10,1,332.60,2,12,39,2024-05-17,0.46853,0.75191,0.00051,-0.18373,4.22890,7.67973
NVDA260618P00820000,NVDA,2026-06-18,820.00,put,148.15,150.18,149.25,7,151.10,7,22,93,2024-05-17,0.50755,-0.24749,0.00047,-0.08491,4.22344,-7.96927
NVDA260618C00830000,NVDA,2026-06-18,830.00,call,333.55,326.73,325.40,3,328.05,3,2,152,2024-05-17,0.46853,0.74621,0.00051,-0.18518,4.28005,7.66264
NVDA260618P00830000,NVDA,2026-06-18,830.00,put,154.65,155.18,154.40,1,155.95,7,6,8,2024-05-17,0.50755,-0.25275,0.00047,-0.08510,4.27076,-8.16850
NVDA260618C00840000,NVDA,2026-06-18,840.00,call,321.33,322.30,321.05,5,323.55,3,4,25,2024-05-17,0.46853,0.74051,0.00052,-0.18658,4.32984,7.64426
NVDA260618P00840000,NVDA,2026-06-18,840.00,put,158.00,160.00,159.20,12,160.80,7,14,25,2024-05-17,0.50755,-0.25800,0.00048,-0.08523,4.31688,-8.36885
NVDA260618C00850000,NVDA,2026-06-18,850.00,call,314.71,317.90,316.80,5,319.00,2,6,392,2024-05-17,0.46853,0.73481,0.00052,-0.18793,4.37826,7.62463
NVDA260618P00850000,NVDA,2026-06-18,850.00,put,163.05,164.75,163.80,6,165.70,6,2,49,2024-05-17,0.50755,-0.26324,0.00048,-0.08532,4.36180,-8.57026
NVDA260618C00860000,NVDA,2026-06-18,860.00,call,319.30,313.48,312.35,5,314.60,1,5,81,2024-05-17,0.46853,0.72912,0.00053,-0.18924,4.42532,7.60380
NVDA260618P00860000,NVDA,2026-06-18,860.00,put,165.30,169.72,168.70,7,170.75,7,1,49,2024-05-17,0.50755,-0.26847,0.00049,-0.08536,4.40553,-8.77269
NVDA260618C00870000,NVDA,2026-06-18,870.00,call,313.70,309.20,307.90,3,310.50,3,3,201,2024-05-17,0.46853,0.72343,0.00053,-0.19049,4.47102,7.58182
NVDA260618P00870000,NVDA,2026-06-18,870.00,put,173.30,174.80,173.75,7,175.85,14,0,62,2024-05-17,0.50755,-0.27369,0.00049,-0.08535,4.44806,-8.97612
NVDA260618C00880000,NVDA,2026-06-18,880.00,call,302.50,304.95,303.80,5,306.10,2,6,70,2024-05-17,0.46853,0.71776,0.00054,-0.19169,4.51537,7.55874
NVDA260618P00880000,NVDA,2026-06-18,880.00,put,186.30,179.95,178.90,7,181.00,6,0,48,2024-05-17,0.50755,-0.27890,0.00050,-0.08530,4.48942,-9.18050
NVDA260618C00890000,NVDA,2026-06-18,890.00,call,315.50,300.83,299.55,3,302.10,3,0,72,2024-05-17,0.46853,0.71209,0.00054,-0.19284,4.55837,7.53460
NVDA260618P00890000,NVDA,2026-06-18,890.00,put,200.75,185.12,184.25,12,186.00,5,0,10,2024-05-17,0.50755,-0.28410,0.00050,-0.08520,4.52961,-9.38579
NVDA260618C00900000,NVDA,2026-06-18,900.00,call,298.65,296.65,295.45,2,297.85,2,113,1332,2024-05-17,0.46853,0.70643,0.00055,-0.19395,4.60003,7.50944
NVDA260618P00900000,NVDA,2026-06-18,900.00,put,197.35,190.32,189.25,6,191.40,6,0,67,2024-05-17,0.50755,-0.28929,0.00050,-0.08506,4.56864,-9.59195
NVDA260618C00910000,NVDA,2026-06-18,910.00,call,308.47,292.58,291.35,6,293.80,2,0,465,2024-05-17,0.46853,0.70079,0.00055,-0.19500,4.64037,7.48331
NVDA260618P00910000,NVDA,2026-06-18,910.00,put,188.70,195.72,194.60,7,196.85,13,0,10,2024-05-17,0.50755,-0.29446,0.00051,-0.08487,4.60652,-9.79896
NVDA260618C00920000,NVDA,2026-06-18,920.00,call,290.40,288.58,287.30,3,289.85,2,1,166,2024-05-17,0.46853,0.69516,0.00056,-0.19601,4.67938,7.45625
NVDA260618P00920000,NVDA,2026-06-18,920.00,put,193.61,201.22,200.20,11,202.25,6,0,6,2024-05-17,0.50755,-0.29962,0.00051,-0.08464,4.64325,-10.00677
NVDA260618C00930000,NVDA,2026-06-18,930.00,call,299.55,284.65,283.35,3,285.95,1,0,233,2024-05-17,0.46853,0.68954,0.00056,-0.19698,4.71709,7.42829
NVDA260618P00930000,NVDA,2026-06-18,930.00,put,198.81,206.85,205.95,11,207.75,6,0,1,2024-05-17,0.50755,-0.30476,0.00052,-0.08437,4.67885,-10.21536
NVDA260618C00940000,NVDA,2026-06-18,940.00,call,294.64,280.80,279.50,3,282.10,3,0,67,2024-05-17,0.46853,0.68394,0.00057,-0.19789,4.75349,7.39949
NVDA260618P00940000,NVDA,2026-06-18,940.00,put,210.10,212.12,210.95,6,213.30,6,4,30,2024-05-17,0.50755,-0.30989,0.00052,-0.08405,4.71333,-10.42470
NVDA260618C00950000,NVDA,2026-06-18,950.00,call,275.12,277.00,275.85,5,278.15,2,2,291,2024-05-17,0.46853,0.67836,0.00057,-0.19877,4.78862,7.36988
NVDA260618P00950000,NVDA,2026-06-18,950.00,put,215.70,217.88,216.90,11,218.85,5,2,86,2024-05-17,0.50755,-0.31500,0.00052,-0.08370,4.74670,-10.63474
NVDA260618C00960000,NVDA,2026-06-18,960.00,call,290.85,273.17,271.90,3,274.45,3,0,38,2024-05-17,0.46853,0.67280,0.00058,-0.19960,4.82247,7.33949
NVDA260618P00960000,NVDA,2026-06-18,960.00,put,241.55,223.38,222.15,6,224.60,6,0,3,2024-05-17,0.50755,-0.32009,0.00053,-0.08330,4.77898,-10.84547
NVDA260618C00970000,NVDA,2026-06-18,970.00,call,286.50,269.45,268.15,6,270.75,3,0,143,2024-05-17,0.46853,0.66726,0.00058,-0.20038,4.85506,7.30836
NVDA260618P00970000,NVDA,2026-06-18,970.00,put,233.90,229.15,227.90,6,230.40,6,0,9,2024-05-17,0.50755,-0.32516,0.00053,-0.08286,4.81017,-11.05684
NVDA260618C00980000,NVDA,2026-06-18,980.00,call,272.90,265.83,264.60,6,267.05,3,3,50,2024-05-17,0.46853,0.66173,0.00058,-0.20112,4.88640,7.27653
NVDA260618P00980000,NVDA,2026-06-18,980.00,put,232.40,235.20,234.20,14,236.20,6,14,14,2024-05-17,0.50755,-0.33021,0.00053,-0.08238,4.84029,-11.26884
NVDA260618C00990000,NVDA,2026-06-18,990.00,call,251.00,262.12,260.90,6,263.35,1,0,15,2024-05-17,0.46853,0.65623,0.00059,-0.20182,4.91652,7.24403
NVDA260618P00990000,NVDA,2026-06-18,990.00,put,238.75,241.00,239.95,14,242.05,12,2,6,2024-05-17,0.50755,-0.33524,0.00054,-0.08186,4.86935,-11.48143
NVDA260618C01000000,NVDA,2026-06-18,1000.00,call,258.00,258.62,257.45,2,259.80,2,10,1065,2024-05-17,0.46853,0.65075,0.00059,-0.20248,4.94542,7.21089
NVDA260618P01000000,NVDA,2026-06-18,1000.00,put,239.88,246.93,245.90,22,247.95,5,0,325,2024-05-17,0.50755,-0.34025,0.00054,-0.08130,4.89737,-11.69459
NVDA260618C01010000,NVDA,2026-06-18,1010.00,call,257.15,255.02,253.85,6,256.20,1,0,36,2024-05-17,0.46853,0.64530,0.00059,-0.20309,4.97312,7.17715
NVDA260618P01010000,NVDA,2026-06-18,1010.00,put,250.50,253.12,251.15,23,255.10,5,2,19,2024-05-17,0.50755,-0.34523,0.00054,-0.08070,4.92436,-11.90830
NVDA260618C01020000,NVDA,2026-06-18,1020.00,call,242.77,251.65,250.45,6,252.85,3,0,72,2024-05-17,0.46853,0.63987,0.00060,-0.20367,4.99963,7.14284
NVDA260618P01020000,NVDA,2026-06-18,1020.00,put,309.50,258.52,255.95,36,261.10,5,0,6,2024-05-17,0.50755,-0.35020,0.00055,-0.08007,4.95032,-12.12252
NVDA260618C01030000,NVDA,2026-06-18,1030.00,call,246.05,248.20,247.00,6,249.40,1,8,43,2024-05-17,0.46853,0.63446,0.00060,-0.20420,5.02498,7.10798
NVDA260618P01030000,NVDA,2026-06-18,1030.00,put,298.20,264.73,262.10,47,267.35,4,0,12,2024-05-17,0.50755,-0.35514,0.00055,-0.07940,4.97529,-12.33723
NVDA260618C01040000,NVDA,2026-06-18,1040.00,call,226.52,244.88,243.60,3,246.15,6,0,17,2024-05-17,0.46853,0.62908,0.00060,-0.20470,5.04918,7.07261
NVDA260618P01040000,NVDA,2026-06-18,1040.00,put,298.15,270.85,268.10,119,273.60,10,0,7,2024-05-17,0.50755,-0.36006,0.00055,-0.07869,4.99927,-12.55241
NVDA260618C01050000,NVDA,2026-06-18,1050.00,call,255.24,241.55,240.45,5,242.65,2,0,61,2024-05-17,0.46853,0.62373,0.00061,-0.20516,5.07224,7.03676
NVDA260618P01050000,NVDA,2026-06-18,1050.00,put,268.25,277.17,274.70,40,279.65,3,0,44,2024-05-17,0.50755,-0.36495,0.00055,-0.07795,5.02227,-12.76803
NVDA260618C01060000,NVDA,2026-06-18,1060.00,call,254.40,238.27,237.10,6,239.45,1,0,27,2024-05-17,0.46853,0.61840,0.00061,-0.20558,5.09418,7.00045
NVDA260618P01060000,NVDA,2026-06-18,1060.00,put,440.40,283.55,280.55,31,286.55,32,0,7,2024-05-17,0.50755,-0.36982,0.00056,-0.07717,5.04431,-12.98408
NVDA260618C01070000,NVDA,2026-06-18,1070.00,call,249.00,235.10,233.85,6,236.35,5,0,45,2024-05-17,0.46853,0.61310,0.00061,-0.20596,5.11502,6.96370
NVDA260618P01070000,NVDA,2026-06-18,1070.00,put,316.13,289.70,286.95,36,292.45,6,0,23,2024-05-17,0.50755,-0.37466,0.00056,-0.07636,5.06540,-13.20053
NVDA260618C01080000,NVDA,2026-06-18,1080.00,call,236.55,231.90,231.10,11,232.70,5,0,14,2024-05-17,0.46853,0.60783,0.00061,-0.20631,5.13477,6.92656
NVDA260618P01080000,NVDA,2026-06-18,1080.00,put,304.39,296.32,293.25,45,299.40,33,0,5,2024-05-17,0.50755,-0.37948,0.00056,-0.07552,5.08557,-13.41736
NVDA260618C01090000,NVDA,2026-06-18,1090.00,call,235.10,228.75,227.95,5,229.55,5,1,111,2024-05-17,0.46853,0.60259,0.00062,-0.20662,5.15346,6.88903
NVDA260618P01090000,NVDA,2026-06-18,1090.00,put,415.45,302.82,299.75,41,305.90,37,0,6,2024-05-17,0.52706,-0.37788,0.00054,-0.07969,5.07896,-13.71853
NVDA260618C01100000,NVDA,2026-06-18,1100.00,call,244.40,225.72,225.00,10,226.45,4,0,223,2024-05-17,0.46853,0.59738,0.00062,-0.20690,5.17110,6.85115
NVDA260618P01100000,NVDA,2026-06-18,1100.00,put,321.10,309.12,306.30,39,311.95,6,0,16,2024-05-17,0.52706,-0.38245,0.00054,-0.07884,5.09757,-13.93296
NVDA260618C01110000,NVDA,2026-06-18,1110.00,call,220.50,222.65,221.85,5,223.45,5,1,26,2024-05-17,0.46853,0.59219,0.00062,-0.20714,5.18771,6.81293
NVDA260618P01110000,NVDA,2026-06-18,1110.00,put,458.05,315.85,312.65,36,319.05,26,0,9,2024-05-17,0.52706,-0.38699,0.00054,-0.07795,5.11536,-14.14770
NVDA260618C01120000,NVDA,2026-06-18,1120.00,call,236.86,219.68,218.90,11,220.45,5,0,37,2024-05-17,0.46853,0.58704,0.00062,-0.20735,5.20331,6.77441
NVDA260618P01120000,NVDA,2026-06-18,1120.00,put,447.91,322.43,319.10,14,325.75,26,0,9,2024-05-17,0.52706,-0.39151,0.00055,-0.07703,5.13233,-14.36274
NVDA260618C01130000,NVDA,2026-06-18,1130.00,call,200.10,216.73,215.90,5,217.55,5,0,25,2024-05-17,0.46853,0.58192,0.00062,-0.20753,5.21791,6.73559
NVDA260618P01130000,NVDA,2026-06-18,1130.00,put,334.80,328.98,326.00,62,331.95,28,0,7,2024-05-17,0.52706,-0.39600,0.00055,-0.07609,5.14851,-14.57806
NVDA260618C01140000,NVDA,2026-06-18,1140.00,call,197.97,213.88,213.10,11,214.65,5,0,156,2024-05-17,0.46853,0.57683,0.00063,-0.20767,5.23153,6.69651
NVDA260618P01140000,NVDA,2026-06-18,1140.00,put,351.75,336.27,333.75,26,338.80,4,0,6,2024-05-17,0.52706,-0.40046,0.00055,-0.07511,5.16390,-14.79365
NVDA260618C01150000,NVDA,2026-06-18,1150.00,call,224.20,211.00,210.30,10,211.70,4,0,30,2024-05-17,0.46853,0.57178,0.00063,-0.20779,5.24419,6.65719
NVDA260618P01150000,NVDA,2026-06-18,1150.00,put,355.32,343.30,340.85,25,345.75,25,0,3,2024-05-17,0.52706,-0.40490,0.00055,-0.07411,5.17851,-15.00948
NVDA260618C01160000,NVDA,2026-06-18,1160.00,call,138.10,208.18,207.40,11,208.95,5,0,4,2024-05-17,0.46853,0.56675,0.00063,-0.20787,5.25591,6.61764
NVDA260618P01160000,NVDA,2026-06-18,1160.00,put,356.55,349.43,343.30,58,355.55,27,0,3,2024-05-17,0.52706,-0.40931,0.00055,-0.07307,5.19236,-15.22555
NVDA260618C01170000,NVDA,2026-06-18,1170.00,call,198.55,205.40,204.60,5,206.20,5,0,15,2024-05-17,0.46853,0.56176,0.00063,-0.20793,5.26670,6.57788
NVDA260618P01170000,NVDA,2026-06-18,1170.00,put,366.65,357.82,349.50,37,366.15,32,0,6,2024-05-17,0.52706,-0.41370,0.00055,-0.07201,5.20547,-15.44184
NVDA260618C01180000,NVDA,2026-06-18,1180.00,call,199.49,202.65,201.85,5,203.45,5,3,16,2024-05-17,0.46853,0.55680,0.00063,-0.20795,5.27658,6.53793
NVDA260618P01180000,NVDA,2026-06-18,1180.00,put,399.11,364.77,357.20,31,372.35,50,0,2,2024-05-17,0.52706,-0.41806,0.00055,-0.07093,5.21785,-15.65834
NVDA260618C01190000,NVDA,2026-06-18,1190.00,call,210.10,199.97,199.20,5,200.75,5,0,12,2024-05-17,0.46853,0.55187,0.00063,-0.20795,5.28558,6.49781
NVDA260618P01190000,NVDA,2026-06-18,1190.00,put,378.57,371.62,363.05,48,380.20,51,0,0,2024-05-17,0.52706,-0.42239,0.00056,-0.06982,5.22950,-15.87503
NVDA260618C01200000,NVDA,2026-06-18,1200.00,call,196.26,197.35,196.65,10,198.05,4,38,450,2024-05-17,0.46853,0.54698,0.00063,-0.20791,5.29370,6.45754
NVDA260618P01200000,NVDA,2026-06-18,1200.00,put,422.97,379.12,371.70,13,386.55,45,0,14,2024-05-17,0.52706,-0.42669,0.00056,-0.06868,5.24045,-16.09190
NVDA260618C01210000,NVDA,2026-06-18,1210.00,call,206.04,194.70,193.90,5,195.50,5,0,33,2024-05-17,0.46853,0.54212,0.00063,-0.20785,5.30096,6.41713
NVDA260618P01210000,NVDA,2026-06-18,1210.00,put,393.85,386.23,378.60,36,393.85,36,0,12,2024-05-17,0.52706,-0.43097,0.00056,-0.06751,5.25070,-16.30893
NVDA260618C01220000,NVDA,2026-06-18,1220.00,call,202.87,192.15,191.35,5,192.95,5,0,26,2024-05-17,0.46853,0.53729,0.00063,-0.20777,5.30739,6.37661
NVDA260618P01220000,NVDA,2026-06-18,1220.00,put,399.10,392.88,385.50,40,400.25,54,0,20,2024-05-17,0.52706,-0.43522,0.00056,-0.06633,5.26027,-16.52613
NVDA260618C01230000,NVDA,2026-06-18,1230.00,call,180.99,189.60,188.80,5,190.40,5,0,39,2024-05-17,0.46853,0.53250,0.00064,-0.20766,5.31300,6.33597
NVDA260618P01230000,NVDA,2026-06-18,1230.00,put,444.09,400.20,392.50,35,407.90,62,0,24,2024-05-17,0.52706,-0.43945,0.00056,-0.06511,5.26917,-16.74346
NVDA260618C01240000,NVDA,2026-06-18,1240.00,call,201.48,187.15,186.40,11,187.90,5,0,26,2024-05-17,0.46853,0.52774,0.00064,-0.20752,5.31781,6.29525
NVDA260618P01240000,NVDA,2026-06-18,1240.00,put,416.89,407.85,399.55,45,416.15,59,0,81,2024-05-17,0.54657,-0.43472,0.00054,-0.06968,5.25917,-17.00328
NVDA260618C01250000,NVDA,2026-06-18,1250.00,call,179.54,184.68,183.95,5,185.40,4,0,187,2024-05-17,0.46853,0.52302,0.00064,-0.20736,5.32183,6.25445
NVDA260618P01250000,NVDA,2026-06-18,1250.00,put,460.25,414.60,407.25,67,421.95,48,0,81,2024-05-17,0.54657,-0.43873,0.00054,-0.06849,5.26770,-17.21806
NVDA260618C01260000,NVDA,2026-06-18,1260.00,call,172.85,182.28,181.50,11,183.05,5,0,26,2024-05-17,0.46853,0.51833,0.00064,-0.20717,5.32507,6.21358
NVDA260618P01260000,NVDA,2026-06-18,1260.00,put,428.34,422.52,414.60,21,430.45,44,0,32,2024-05-17,0.54657,-0.44271,0.00054,-0.06727,5.27563,-17.43297
NVDA260618C01270000,NVDA,2026-06-18,1270.00,call,193.68,179.90,179.15,11,180.65,5,0,10,2024-05-17,0.46853,0.51367,0.00064,-0.20696,5.32757,6.17267
NVDA260618P01270000,NVDA,2026-06-18,1270.00,put,428.51,430.60,422.75,13,438.45,36,0,86,2024-05-17,0.54657,-0.44666,0.00054,-0.06603,5.28298,-17.64798
NVDA260618C01280000,NVDA,2026-06-18,1280.00,call,179.40,177.55,176.80,11,178.30,5,0,30,2024-05-17,0.46853,0.50905,0.00064,-0.20673,5.32933,6.13173
NVDA260618P01280000,NVDA,2026-06-18,1280.00,put,426.52,437.77,429.45,51,446.10,26,0,90,2024-05-17,0.54657,-0.45059,0.00054,-0.06477,5.28976,-17.86310
NVDA260618C01290000,NVDA,2026-06-18,1290.00,call,177.01,175.20,174.40,5,176.00,5,0,15,2024-05-17,0.46853,0.50447,0.00064,-0.20648,5.33037,6.09076
NVDA260618P01290000,NVDA,2026-06-18,1290.00,put,615.55,444.73,437.55,69,451.90,42,0,45,2024-05-17,0.54657,-0.45449,0.00054,-0.06348,5.29598,-18.07831
NVDA260618C01300000,NVDA,2026-06-18,1300.00,call,183.57,172.93,172.20,5,173.65,4,0,71,2024-05-17,0.46853,0.49992,0.00064,-0.20620,5.33070,6.04977
NVDA260618P01300000,NVDA,2026-06-18,1300.00,put,473.10,452.33,444.85,43,459.80,67,0,44,2024-05-17,0.54657,-0.45837,0.00054,-0.06218,5.30165,-18.29361
NVDA260618C01320000,NVDA,2026-06-18,1320.00,call,149.92,168.50,167.75,11,169.25,5,0,17,2024-05-17,0.46853,0.49092,0.00064,-0.20558,5.32932,5.96782
NVDA260618P01320000,NVDA,2026-06-18,1320.00,put,535.21,466.77,460.60,43,472.95,7,0,96,2024-05-17,0.54657,-0.46605,0.00054,-0.05952,5.31138,-18.72442
NVDA260618C01340000,NVDA,2026-06-18,1340.00,call,175.75,164.15,163.40,6,164.90,5,0,25,2024-05-17,0.46853,0.48206,0.00064,-0.20489,5.32531,5.88596
NVDA260618P01340000,NVDA,2026-06-18,1340.00,put,544.27,482.77,475.30,31,490.25,41,0,144,2024-05-17,0.54657,-0.47362,0.00055,-0.05678,5.31904,-19.15547
NVDA260618C01360000,NVDA,2026-06-18,1360.00,call,169.00,159.95,159.20,3,160.70,5,1,12,2024-05-17,0.46853,0.47335,0.00064,-0.20412,5.31880,5.80426
NVDA260618P01360000,NVDA,2026-06-18,1360.00,put,566.56,498.73,491.35,32,506.10,50,0,121,2024-05-17,0.56608,-0.47071,0.00053,-0.06035,5.31633,-19.60299
NVDA260618C01380000,NVDA,2026-06-18,1380.00,call,165.70,155.85,155.10,5,156.60,5,0,24,2024-05-17,0.46853,0.46477,0.00063,-0.20327,5.30990,5.72281
NVDA260618P01380000,NVDA,2026-06-18,1380.00,put,583.46,514.90,507.55,47,522.25,75,0,58,2024-05-17,0.56608,-0.47782,0.00053,-0.05760,5.32246,-20.02947
NVDA260618C01400000,NVDA,2026-06-18,1400.00,call,162.40,151.93,151.25,10,152.60,5,0,54,2024-05-17,0.46853,0.45633,0.00063,-0.20236,5.29873,5.64166
NVDA260618P01400000,NVDA,2026-06-18,1400.00,put,589.68,530.67,523.30,48,538.05,46,0,21,2024-05-17,0.56608,-0.48483,0.00053,-0.05478,5.32685,-20.45607
NVDA260618C01420000,NVDA,2026-06-18,1420.00,call,153.15,148.07,147.35,5,148.80,5,14,185,2024-05-17,0.46853,0.44803,0.00063,-0.20139,5.28541,5.56089
NVDA260618P01420000,NVDA,2026-06-18,1420.00,put,0.00,546.92,539.30,46,554.55,42,0,0,2024-05-17,0.56608,-0.49175,0.00053,-0.05189,5.32956,-20.88277
NVDA260618C01440000,NVDA,2026-06-18,1440.00,call,154.80,144.35,143.60,11,145.10,5,0,23,2024-05-17,0.46853,0.43987,0.00063,-0.20035,5.27004,5.48055
NVDA260618P01440000,NVDA,2026-06-18,1440.00,put,635.94,563.92,555.45,37,572.40,34,0,12,2024-05-17,0.56608,-0.49857,0.00053,-0.04895,5.33067,-21.30951
NVDA260618C01460000,NVDA,2026-06-18,1460.00,call,150.85,140.72,140.00,5,141.45,5,0,10,2024-05-17,0.46853,0.43185,0.00063,-0.19926,5.25273,5.40070
NVDA260618P01460000,NVDA,2026-06-18,1460.00,put,653.35,580.52,572.90,18,588.15,55,0,58,2024-05-17,0.58560,-0.49406,0.00051,-0.05277,5.33011,-21.73647
NVDA260618C01480000,NVDA,2026-06-18,1480.00,call,134.90,137.22,136.50,11,137.95,5,1,69,2024-05-17,0.46853,0.42396,0.00063,-0.19812,5.23358,5.32138
NVDA260618P01480000,NVDA,2026-06-18,1480.00,put,748.40,597.73,589.45,40,606.00,33,0,0,2024-05-17,0.58560,-0.50047,0.00051,-0.04984,5.33070,-22.15893
NVDA260618C01500000,NVDA,2026-06-18,1500.00,call,133.05,133.80,133.15,10,134.45,5,35,238,2024-05-17,0.46853,0.41621,0.00062,-0.19693,5.21269,5.24263
NVDA260618P01500000,NVDA,2026-06-18,1500.00,put,599.87,614.15,605.95,25,622.35,26,0,12,2024-05-17,0.58560,-0.50680,0.00051,-0.04685,5.32993,-22.58138
NVDA260618C01520000,NVDA,2026-06-18,1520.00,call,140.60,130.47,129.75,11,131.20,5,0,147,2024-05-17,0.46853,0.40859,0.00062,-0.19569,5.19016,5.16451
NVDA260618P01520000,NVDA,2026-06-18,1520.00,put,675.20,630.72,623.15,43,638.30,19,0,3,2024-05-17,0.58560,-0.51304,0.00051,-0.04382,5.32785,-23.00380
NVDA260618C01540000,NVDA,2026-06-18,1540.00,call,135.70,127.28,126.55,5,128.00,5,0,19,2024-05-17,0.46853,0.40111,0.00062,-0.19440,5.16608,5.08704
NVDA260618P01540000,NVDA,2026-06-18,1540.00,put,690.90,648.50,640.60,36,656.40,46,0,2,2024-05-17,0.60511,-0.50753,0.00049,-0.04782,5.32975,-23.41771
NVDA260618C01560000,NVDA,2026-06-18,1560.00,call,122.00,124.12,123.40,11,124.85,5,1,61,2024-05-17,0.46853,0.39376,0.00061,-0.19308,5.14054,5.01025
NVDA260618P01560000,NVDA,2026-06-18,1560.00,put,707.73,665.10,657.30,12,672.90,44,0,1,2024-05-17,0.60511,-0.51341,0.00049,-0.04481,5.32769,-23.83620
NVDA260618C01580000,NVDA,2026-06-18,1580.00,call,117.05,121.07,120.35,5,121.80,5,0,7,2024-05-17,0.46853,0.38654,0.00061,-0.19172,5.11363,4.93419
NVDA260618P01580000,NVDA,2026-06-18,1580.00,put,721.08,682.92,674.60,37,691.25,12,0,12,2024-05-17,0.60511,-0.51922,0.00049,-0.04176,5.32451,-24.25464
NVDA260618C01600000,NVDA,2026-06-18,1600.00,call,126.00,118.15,117.50,5,118.80,5,0,86,2024-05-17,0.46853,0.37945,0.00061,-0.19033,5.08543,4.85887
NVDA260618P01600000,NVDA,2026-06-18,1600.00,put,769.42,701.27,692.55,10,710.00,37,0,11,2024-05-17,0.60511,-0.52495,0.00049,-0.03866,5.32027,-24.67300
NVDA260618C01620000,NVDA,2026-06-18,1620.00,call,84.49,115.30,114.60,12,116.00,5,0,13,2024-05-17,0.46853,0.37248,0.00060,-0.18890,5.05601,4.78431
NVDA260618P01620000,NVDA,2026-06-18,1620.00,put,828.00,719.40,710.80,20,728.00,31,0,0,2024-05-17,0.62462,-0.51860,0.00048,-0.04284,5.32491,-25.07621
NVDA260618C01640000,NVDA,2026-06-18,1640.00,call,119.00,112.50,111.80,12,113.20,5,0,35,2024-05-17,0.46853,0.36565,0.00060,-0.18745,5.02547,4.71055
NVDA260618P01640000,NVDA,2026-06-18,1640.00,put,758.20,736.88,728.45,9,745.30,61,0,12,2024-05-17,0.62462,-0.52402,0.00048,-0.03978,5.32104,-25.49101
NVDA260618C01650000,NVDA,2026-06-18,1650.00,call,91.80,111.15,110.50,5,111.80,5,0,4,2024-05-17,0.46853,0.36227,0.00060,-0.18671,5.00979,4.67397
NVDA260618P01650000,NVDA,2026-06-18,1650.00,put,796.65,744.83,736.15,43,753.50,32,0,0,2024-05-17,0.62462,-0.52670,0.00048,-0.03824,5.31876,-25.69837
NVDA260618C01660000,NVDA,2026-06-18,1660.00,call,80.74,109.78,109.05,6,110.50,5,0,25,2024-05-17,0.46853,0.35893,0.00060,-0.18597,4.99386,4.63760
NVDA260618P01660000,NVDA,2026-06-18,1660.00,put,0.00,755.10,746.55,62,763.65,36,0,0,2024-05-17,0.62462,-0.52936,0.00048,-0.03669,5.31626,-25.90572
NVDA260618C01670000,NVDA,2026-06-18,1670.00,call,86.70,108.43,107.70,6,109.15,5,0,7,2024-05-17,0.46853,0.35562,0.00060,-0.18522,4.97768,4.60143
NVDA260618P01670000,NVDA,2026-06-18,1670.00,put,799.00,763.23,755.20,11,771.25,31,0,0,2024-05-17,0.62462,-0.53201,0.00048,-0.03512,5.31353,-26.11303
NVDA260618C01680000,NVDA,2026-06-18,1680.00,call,79.70,107.12,106.40,6,107.85,5,0,24,2024-05-17,0.46853,0.35234,0.00059,-0.18446,4.96127,4.56547
NVDA260618P01680000,NVDA,2026-06-18,1680.00,put,0.00,773.23,764.50,27,781.95,15,0,0,2024-05-17,0.64413,-0.52254,0.00046,-0.04096,5.32219,-26.30338
NVDA260618C01690000,NVDA,2026-06-18,1690.00,call,99.36,105.88,105.15,6,106.60,5,0,13,2024-05-17,0.46853,0.34909,0.00059,-0.18370,4.94462,4.52972
NVDA260618P01690000,NVDA,2026-06-18,1690.00,put,0.00,781.73,773.45,17,790.00,1,0,0,2024-05-17,0.64413,-0.52508,0.00046,-0.03944,5.32016,-26.50912
NVDA260618C01700000,NVDA,2026-06-18,1700.00,call,112.20,104.60,103.95,5,105.25,5,0,54,2024-05-17,0.46853,0.34587,0.00059,-0.18293,4.92775,4.49418
NVDA260618P01700000,NVDA,2026-06-18,1700.00,put,863.59,791.03,782.35,48,799.70,7,0,7,2024-05-17,0.64413,-0.52761,0.00046,-0.03790,5.31793,-26.71484
NVDA260618C01710000,NVDA,2026-06-18,1710.00,call,103.50,103.38,102.70,12,104.05,5,2,41,2024-05-17,0.46853,0.34268,0.00059,-0.18216,4.91067,4.45886
NVDA260618P01710000,NVDA,2026-06-18,1710.00,put,812.65,800.77,791.55,16,810.00,49,0,69,2024-05-17,0.64413,-0.53011,0.00046,-0.03636,5.31551,-26.92054
NVDA260618C01720000,NVDA,2026-06-18,1720.00,call,74.91,102.15,101.45,12,102.85,5,0,42,2024-05-17,0.46853,0.33952,0.00058,-0.18138,4.89338,4.42375
NVDA260618P01720000,NVDA,2026-06-18,1720.00,put,830.25,809.15,800.65,37,817.65,48,0,1,2024-05-17,0.64413,-0.53260,0.00046,-0.03481,5.31289,-27.12622
NVDA260618C01730000,NVDA,2026-06-18,1730.00,call,60.23,100.92,100.25,12,101.60,5,0,14,2024-05-17,0.46853,0.33639,0.00058,-0.18060,4.87589,4.38885
NVDA260618P01730000,NVDA,2026-06-18,1730.00,put,839.50,819.05,810.55,16,827.55,9,0,1,2024-05-17,0.64413,-0.53508,0.00046,-0.03326,5.31008,-27.33187
NVDA260618C01740000,NVDA,2026-06-18,1740.00,call,60.16,99.72,99.05,6,100.40,5,0,10,2024-05-17,0.46853,0.33329,0.00058,-0.17981,4.85821,4.35417
NVDA260618P01740000,NVDA,2026-06-18,1740.00,put,848.45,828.55,819.10,53,838.00,33,0,0,2024-05-17,0.66364,-0.52539,0.00045,-0.03917,5.31990,-27.51940
NVDA260618C01750000,NVDA,2026-06-18,1750.00,call,96.13,98.58,97.95,11,99.20,5,0,80,2024-05-17,0.46853,0.33022,0.00058,-0.17902,4.84035,4.31971
NVDA260618P01750000,NVDA,2026-06-18,1750.00,put,849.80,837.25,828.50,32,846.00,58,0,69,2024-05-17,0.66364,-0.52777,0.00045,-0.03765,5.31778,-27.72362
NVDA260618C01760000,NVDA,2026-06-18,1760.00,call,58.50,97.40,96.70,12,98.10,11,0,6,2024-05-17,0.46853,0.32718,0.00058,-0.17823,4.82232,4.28547
NVDA260618P01760000,NVDA,2026-06-18,1760.00,put,856.95,846.83,838.30,49,855.35,37,0,0,2024-05-17,0.66364,-0.53014,0.00045,-0.03612,5.31548,-27.92782
NVDA260618C01770000,NVDA,2026-06-18,1770.00,call,86.05,96.25,95.55,12,96.95,5,0,15,2024-05-17,0.46853,0.32416,0.00057,-0.17743,4.80411,4.25145
NVDA260618P01770000,NVDA,2026-06-18,1770.00,put,876.15,856.27,846.80,35,865.75,31,0,0,2024-05-17,0.66364,-0.53249,0.00045,-0.03458,5.31302,-28.13200
NVDA260618C01780000,NVDA,2026-06-18,1780.00,call,65.92,95.12,94.45,12,95.80,5,0,9,2024-05-17,0.46853,0.32118,0.00057,-0.17663,4.78575,4.21765
NVDA260618P01780000,NVDA,2026-06-18,1780.00,put,0.00,865.00,856.00,16,874.00,51,0,0,2024-05-17,0.66364,-0.53482,0.00045,-0.03304,5.31038,-28.33616
NVDA260618C01790000,NVDA,2026-06-18,1790.00,call,91.71,94.03,93.35,5,94.70,5,0,140,2024-05-17,0.46853,0.31822,0.00057,-0.17583,4.76723,4.18407
NVDA260618P01790000,NVDA,2026-06-18,1790.00,put,946.18,875.12,866.25,38,884.00,49,0,0,2024-05-17,0.66364,-0.53714,0.00045,-0.03149,5.30758,-28.54029
NVDA260618C01800000,NVDA,2026-06-18,1800.00,call,100.78,92.92,92.30,11,93.55,5,0,47,2024-05-17,0.46853,0.31529,0.00057,-0.17502,4.74856,4.15071
NVDA260618P01800000,NVDA,2026-06-18,1800.00,put,0.00,884.33,874.65,41,894.00,38,0,0,2024-05-17,0.68315,-0.52728,0.00044,-0.03747,5.31823,-28.72578
NVDA260618C01810000,NVDA,2026-06-18,1810.00,call,95.20,91.83,91.15,12,92.50,5,1,3,2024-05-17,0.46853,0.31238,0.00057,-0.17421,4.72975,4.11758
NVDA260618P01810000,NVDA,2026-06-18,1810.00,put,0.00,893.12,884.35,13,901.90,5,0,0,2024-05-17,0.68315,-0.52951,0.00044,-0.03595,5.31611,-28.92861
NVDA260618C01820000,NVDA,2026-06-18,1820.00,call,88.93,90.78,90.10,12,91.45,5,0,14,2024-05-17,0.46853,0.30951,0.00056,-0.17340,4.71080,4.08467
NVDA260618P01820000,NVDA,2026-06-18,1820.00,put,0.00,903.05,894.10,38,912.00,51,0,0,2024-05-17,0.68315,-0.53173,0.00044,-0.03443,5.31383,-29.13142
NVDA260618C01830000,NVDA,2026-06-18,1830.00,call,70.89,89.72,89.05,12,90.40,5,0,14,2024-05-17,0.46853,0.30666,0.00056,-0.17258,4.69173,4.05198
NVDA260618P01830000,NVDA,2026-06-18,1830.00,put,0.00,913.00,904.00,1,922.00,26,0,0,2024-05-17,0.68315,-0.53394,0.00044,-0.03291,5.31140,-29.33421
NVDA260618C01840000,NVDA,2026-06-18,1840.00,call,83.73,88.67,88.00,12,89.35,5,0,22,2024-05-17,0.46853,0.30384,0.00056,-0.17176,4.67253,4.01951
NVDA260618P01840000,NVDA,2026-06-18,1840.00,put,941.85,922.00,912.00,20,932.00,20,0,0,2024-05-17,0.68315,-0.53613,0.00044,-0.03137,5.30882,-29.53698
NVDA260618C01850000,NVDA,2026-06-18,1850.00,call,93.90,87.67,87.05,5,88.30,5,0,23,2024-05-17,0.46853,0.30105,0.00056,-0.17094,4.65321,3.98727
NVDA260618P01850000,NVDA,2026-06-18,1850.00,put,0.00,931.00,922.00,11,940.00,2,0,0,2024-05-17,0.68315,-0.53831,0.00044,-0.02983,5.30610,-29.73973
NVDA260618C01860000,NVDA,2026-06-18,1860.00,call,80.60,86.67,86.00,6,87.35,6,0,72,2024-05-17,0.46853,0.29828,0.00055,-0.17012,4.63378,3.95525
NVDA260618P01860000,NVDA,2026-06-18,1860.00,put,0.00,941.00,932.00,11,950.00,11,0,0,2024-05-17,0.70267,-0.52831,0.00042,-0.03585,5.31727,-29.92381
NVDA260618C01870000,NVDA,2026-06-18,1870.00,call,83.92,85.67,85.00,6,86.35,6,0,54,2024-05-17,0.46853,0.29554,0.00055,-0.16930,4.61425,3.92345
NVDA260618P01870000,NVDA,2026-06-18,1870.00,put,0.00,951.00,942.00,11,960.00,11,0,0,2024-05-17,0.70267,-0.53041,0.00042,-0.03435,5.31520,-30.12537
NVDA260618C01880000,NVDA,2026-06-18,1880.00,call,79.06,84.67,84.00,6,85.35,6,0,10,2024-05-17,0.46853,0.29282,0.00055,-0.16848,4.59462,3.89188
NVDA260618P01880000,NVDA,2026-06-18,1880.00,put,0.00,960.00,950.00,20,970.00,20,0,0,2024-05-17,0.70267,-0.53250,0.00042,-0.03284,5.31300,-30.32691
NVDA260618C01890000,NVDA,2026-06-18,1890.00,call,49.20,83.72,83.05,6,84.40,6,0,36,2024-05-17,0.46853,0.29013,0.00055,-0.16765,4.57489,3.86053
NVDA260618P01890000,NVDA,2026-06-18,1890.00,put,1044.79,970.00,960.00,20,980.00,20,0,0,2024-05-17,0.70267,-0.53458,0.00042,-0.03132,5.31066,-30.52843
NVDA260618C01900000,NVDA,2026-06-18,1900.00,call,88.75,82.78,82.15,5,83.40,5,0,22,2024-05-17,0.46853,0.28747,0.00054,-0.16682,4.55507,3.82940
NVDA260618P01900000,NVDA,2026-06-18,1900.00,put,0.00,979.00,970.00,11,988.00,1,0,0,2024-05-17,0.70267,-0.53664,0.00042,-0.02980,5.30820,-30.72994
NVDA260618C01910000,NVDA,2026-06-18,1910.00,call,48.03,81.85,81.20,6,82.50,6,0,9,2024-05-17,0.46853,0.28483,0.00054,-0.16600,4.53517,3.79850
NVDA260618P01910000,NVDA,2026-06-18,1910.00,put,0.00,989.00,980.00,11,998.00,11,0,0,2024-05-17,0.72218,-0.52660,0.00041,-0.03581,5.31885,-30.91420
NVDA260618C01920000,NVDA,2026-06-18,1920.00,call,83.05,80.92,80.25,6,81.60,6,0,126,2024-05-17,0.46853,0.28222,0.00054,-0.16517,4.51519,3.76782
NVDA260618P01920000,NVDA,2026-06-18,1920.00,put,0.00,999.00,990.00,11,1008.00,12,0,0,2024-05-17,0.72218,-0.52859,0.00041,-0.03432,5.31701,-31.11461
NVDA260618C01930000,NVDA,2026-06-18,1930.00,call,76.00,80.00,79.30,6,80.70,6,0,42,2024-05-17,0.46853,0.27963,0.00054,-0.16434,4.49514,3.73736
NVDA260618P01930000,NVDA,2026-06-18,1930.00,put,0.00,1009.00,1000.00,11,1018.00,12,0,0,2024-05-17,0.72218,-0.53057,0.00041,-0.03282,5.31504,-31.31500
NVDA260618C01940000,NVDA,2026-06-18,1940.00,call,79.59,79.15,78.50,2,79.80,6,53,343,2024-05-17,0.46853,0.27707,0.00053,-0.16351,4.47501,3.70713
NVDA260618P01940000,NVDA,2026-06-18,1940.00,put,1038.38,1019.00,1010.00,1,1028.00,22,0,0,2024-05-17,0.72218,-0.53254,0.00041,-0.03132,5.31296,-31.51538
NVDA261218C00005000,NVDA,2026-12-18,5.00,call,922.80,922.08,914.00,22,930.15,5,1,2351,2024-05-17,2.02946,0.99947,0.00000,-0.00332,0.02796,0.05675
NVDA261218P00005000,NVDA,2026-12-18,5.00,put,0.08,0.04,0.01,600,0.08,28,111,1179,2024-05-17,1.13192,-0.00006,0.00000,-0.00020,0.00355,-0.00238
NVDA261218C00010000,NVDA,2026-12-18,10.00,call,922.33,918.02,910.00,11,926.05,5,1,3,2024-05-17,1.63923,0.99899,0.00000,-0.00524,0.05054,0.15192
NVDA261218P00010000,NVDA,2026-12-18,10.00,put,0.25,0.52,0.01,1000,1.03,71,0,16,2024-05-17,1.28802,-0.00051,0.00000,-0.00168,0.02674,-0.02532
NVDA261218C00015000,NVDA,2026-12-18,15.00,call,899.05,913.77,906.00,2,921.55,5,0,1,2024-05-17,1.44411,0.99863,0.00000,-0.00655,0.06696,0.25338
NVDA261218P00015000,NVDA,2026-12-18,15.00,put,0.15,0.01,0.00,0,1.06,71,0,5,2024-05-17,0.78071,-0.00003,0.00000,-0.00007,0.00185,-0.00097
NVDA261218C00020000,NVDA,2026-12-18,20.00,call,862.90,908.62,900.10,5,917.15,5,0,1,2024-05-17,1.20997,0.99871,0.00000,-0.00623,0.06332,0.38653
NVDA261218P00020000,NVDA,2026-12-18,20.00,put,0.14,0.01,0.00,0,1.08,71,0,4,2024-05-17,0.72218,-0.00003,0.00000,-0.00007,0.00200,-0.00103
NVDA261218C00025000,NVDA,2026-12-18,25.00,call,0.00,904.38,896.00,21,912.75,5,0,0,2024-05-17,1.13192,0.99851,0.00000,-0.00711,0.07236,0.49303
NVDA261218P00025000,NVDA,2026-12-18,25.00,put,0.15,0.31,0.10,1,0.52,20,0,104,2024-05-17,0.91729,-0.00052,0.00000,-0.00122,0.02757,-0.02018
NVDA261218C00030000,NVDA,2026-12-18,30.00,call,836.47,900.17,892.00,2,908.35,5,0,5,2024-05-17,1.09290,0.99818,0.00000,-0.00835,0.08672,0.59180
NVDA261218P00030000,NVDA,2026-12-18,30.00,put,0.31,0.01,0.00,0,1.13,40,0,10,2024-05-17,0.64413,-0.00004,0.00000,-0.00007,0.00234,-0.00117
NVDA261218C00035000,NVDA,2026-12-18,35.00,call,788.75,896.02,888.00,12,904.05,5,0,16,2024-05-17,1.05388,0.99788,0.00000,-0.00945,0.09936,0.69295
NVDA261218P00035000,NVDA,2026-12-18,35.00,put,0.30,0.01,0.00,0,1.15,71,0,6,2024-05-17,0.60511,-0.00003,0.00000,-0.00006,0.00206,-0.00101
NVDA261218C00040000,NVDA,2026-12-18,40.00,call,0.00,891.80,884.00,1,899.60,5,0,0,2024-05-17,1.01485,0.99763,0.00000,-0.01040,0.11000,0.79680
NVDA261218P00040000,NVDA,2026-12-18,40.00,put,0.25,0.01,0.00,0,1.18,71,0,65,2024-05-17,0.58560,-0.00004,0.00000,-0.00007,0.00242,-0.00118
NVDA261218C00045000,NVDA,2026-12-18,45.00,call,0.00,886.62,878.05,5,895.20,5,0,0,2024-05-17,0.87827,0.99838,0.00000,-0.00899,0.07805,0.95096
NVDA261218P00045000,NVDA,2026-12-18,45.00,put,0.38,0.63,0.05,1,1.21,70,0,6,2024-05-17,0.81974,-0.00112,0.00000,-0.00218,0.05567,-0.04181
NVDA261218C00050000,NVDA,2026-12-18,50.00,call,732.00,882.45,874.00,21,890.90,5,0,1,2024-05-17,0.87827,0.99794,0.00000,-0.01040,0.09693,1.04562
NVDA261218P00050000,NVDA,2026-12-18,50.00,put,0.30,0.34,0.01,136,0.67,123,0,32,2024-05-17,0.74169,-0.00080,0.00000,-0.00144,0.04067,-0.02795
NVDA261218C00060000,NVDA,2026-12-18,60.00,call,892.76,874.05,866.00,12,882.10,5,0,21,2024-05-17,0.83925,0.99747,0.00001,-0.01226,0.11684,1.25416
NVDA261218P00060000,NVDA,2026-12-18,60.00,put,0.44,0.43,0.30,2,0.57,10,0,12,2024-05-17,0.70267,-0.00095,0.00000,-0.00159,0.04763,-0.03258
NVDA261218C00070000,NVDA,2026-12-18,70.00,call,776.23,864.80,856.25,5,873.35,5,0,27,2024-05-17,0.74169,0.99798,0.00001,-0.01223,0.09518,1.50561
NVDA261218P00070000,NVDA,2026-12-18,70.00,put,0.60,0.29,0.02,35,0.57,1,0,46,2024-05-17,0.64413,-0.00084,0.00000,-0.00130,0.04268,-0.02784
NVDA261218C00080000,NVDA,2026-12-18,80.00,call,852.70,856.35,848.00,12,864.70,5,0,25,2024-05-17,0.72218,0.99749,0.00001,-0.01409,0.11581,1.71389
NVDA261218P00080000,NVDA,2026-12-18,80.00,put,0.60,0.82,0.01,120,1.62,41,0,19,2024-05-17,0.68315,-0.00186,0.00001,-0.00282,0.08813,-0.06447
NVDA261218C00090000,NVDA,2026-12-18,90.00,call,0.00,848.05,840.00,10,856.10,5,0,0,2024-05-17,0.72218,0.99658,0.00001,-0.01660,0.15312,1.90504
NVDA261218P00090000,NVDA,2026-12-18,90.00,put,0.79,0.76,0.62,1,0.90,1,7,23,2024-05-17,0.64413,-0.00187,0.00001,-0.00267,0.08878,-0.06342
NVDA261218C00100000,NVDA,2026-12-18,100.00,call,843.73,838.88,830.35,5,847.40,5,0,32,2024-05-17,0.66364,0.99699,0.00001,-0.01693,0.13672,2.15014
NVDA261218P00100000,NVDA,2026-12-18,100.00,put,0.95,0.85,0.76,1,0.95,1,0,1092,2024-05-17,0.62462,-0.00217,0.00001,-0.00294,0.10138,-0.07285
NVDA261218C00110000,NVDA,2026-12-18,110.00,call,778.90,830.40,822.00,12,838.80,5,0,13,2024-05-17,0.64413,0.99659,0.00001,-0.01853,0.15274,2.36290
NVDA261218P00110000,NVDA,2026-12-18,110.00,put,1.02,1.12,0.65,201,1.59,214,0,186,2024-05-17,0.62462,-0.00291,0.00001,-0.00382,0.13228,-0.09870
NVDA261218C00120000,NVDA,2026-12-18,120.00,call,847.33,822.08,814.00,1,830.15,5,0,30,2024-05-17,0.64413,0.99562,0.00001,-0.02091,0.19101,2.55358
NVDA261218P00120000,NVDA,2026-12-18,120.00,put,1.21,1.39,0.22,106,2.56,40,0,15,2024-05-17,0.62462,-0.00377,0.00001,-0.00480,0.16733,-0.12935
NVDA261218C00130000,NVDA,2026-12-18,130.00,call,754.52,813.88,806.00,1,821.75,6,0,14,2024-05-17,0.64413,0.99453,0.00002,-0.02340,0.23318,2.73905
NVDA261218P00130000,NVDA,2026-12-18,130.00,put,1.87,1.35,0.46,103,2.25,44,0,26,2024-05-17,0.58560,-0.00347,0.00001,-0.00415,0.15513,-0.11554
NVDA261218C00140000,NVDA,2026-12-18,140.00,call,731.15,804.70,796.60,12,812.80,12,0,2,2024-05-17,0.60511,0.99488,0.00002,-0.02386,0.21978,2.98228
NVDA261218P00140000,NVDA,2026-12-18,140.00,put,2.10,1.64,0.73,100,2.55,41,0,28,2024-05-17,0.58560,-0.00438,0.00001,-0.00510,0.19123,-0.14708
NVDA261218C00150000,NVDA,2026-12-18,150.00,call,553.32,796.30,788.00,10,804.60,6,0,11,2024-05-17,0.58560,0.99458,0.00002,-0.02521,0.23107,3.19974
NVDA261218P00150000,NVDA,2026-12-18,150.00,put,2.26,2.38,2.00,14,2.77,201,0,68,2024-05-17,0.60511,-0.00627,0.00002,-0.00720,0.26298,-0.21607
NVDA261218C00160000,NVDA,2026-12-18,160.00,call,660.00,788.08,780.00,10,796.15,6,0,26,2024-05-17,0.58560,0.99342,0.00002,-0.02759,0.27449,3.38436
NVDA261218P00160000,NVDA,2026-12-18,160.00,put,3.33,2.51,1.37,49,3.65,41,0,22,2024-05-17,0.58560,-0.00658,0.00002,-0.00724,0.27449,-0.22415
NVDA261218C00170000,NVDA,2026-12-18,170.00,call,747.25,779.85,772.00,1,787.70,6,0,12,2024-05-17,0.58560,0.99214,0.00002,-0.03006,0.32130,3.56417
NVDA261218P00170000,NVDA,2026-12-18,170.00,put,3.75,3.07,2.49,201,3.65,214,0,420,2024-05-17,0.58560,-0.00786,0.00002,-0.00843,0.32130,-0.26987
NVDA261218C00180000,NVDA,2026-12-18,180.00,call,739.05,770.83,762.30,6,779.35,6,0,35,2024-05-17,0.56608,0.99189,0.00003,-0.03124,0.33028,3.78459
NVDA261218P00180000,NVDA,2026-12-18,180.00,put,3.35,3.51,2.93,201,4.10,14,0,178,2024-05-17,0.58560,-0.00927,0.00003,-0.00970,0.37131,-0.32046
NVDA261218C00190000,NVDA,2026-12-18,190.00,call,666.34,762.50,754.00,13,771.00,6,0,66,2024-05-17,0.54657,0.99171,0.00003,-0.03233,0.33638,4.00794
NVDA261218P00190000,NVDA,2026-12-18,190.00,put,4.40,4.30,3.80,1,4.80,31,0,42,2024-05-17,0.58560,-0.01081,0.00003,-0.01103,0.42432,-0.37594
NVDA261218C00200000,NVDA,2026-12-18,200.00,call,762.00,754.35,746.00,10,762.70,6,1,63,2024-05-17,0.54657,0.99030,0.00003,-0.03477,0.38618,4.18416
NVDA261218P00200000,NVDA,2026-12-18,200.00,put,4.30,4.60,4.20,100,5.00,201,0,188,2024-05-17,0.56608,-0.01107,0.00003,-0.01083,0.43324,-0.37992
NVDA261218C00210000,NVDA,2026-12-18,210.00,call,715.99,746.20,738.20,12,754.20,12,0,53,2024-05-17,0.54657,0.98876,0.00004,-0.03726,0.43898,4.35569
NVDA261218P00210000,NVDA,2026-12-18,210.00,put,4.81,4.95,4.40,77,5.50,67,0,55,2024-05-17,0.56608,-0.01273,0.00004,-0.01217,0.48903,-0.43959
NVDA261218C00220000,NVDA,2026-12-18,220.00,call,740.50,738.10,730.00,10,746.20,6,1,26,2024-05-17,0.54657,0.98711,0.00004,-0.03981,0.49461,4.52249
NVDA261218P00220000,NVDA,2026-12-18,220.00,put,5.75,5.53,5.05,201,6.00,76,0,88,2024-05-17,0.54657,-0.01289,0.00004,-0.01183,0.49461,-0.43921
NVDA261218C00230000,NVDA,2026-12-18,230.00,call,679.47,730.00,722.00,1,738.00,6,0,21,2024-05-17,0.54657,0.98533,0.00005,-0.04241,0.55290,4.68456
NVDA261218P00230000,NVDA,2026-12-18,230.00,put,6.72,6.33,5.70,201,6.95,201,0,84,2024-05-17,0.54657,-0.01467,0.00005,-0.01315,0.55290,-0.50268
NVDA261218C00240000,NVDA,2026-12-18,240.00,call,731.10,721.95,714.00,1,729.90,6,1,33,2024-05-17,0.54657,0.98343,0.00005,-0.04506,0.61366,4.84189
NVDA261218P00240000,NVDA,2026-12-18,240.00,put,6.80,7.05,6.45,42,7.65,201,0,71,2024-05-17,0.54657,-0.01657,0.00005,-0.01453,0.61366,-0.57088
NVDA261218C00250000,NVDA,2026-12-18,250.00,call,722.40,713.47,705.65,12,721.30,3,1,54,2024-05-17,0.52706,0.98338,0.00005,-0.04578,0.61529,5.07406
NVDA261218P00250000,NVDA,2026-12-18,250.00,put,7.75,7.70,7.35,167,8.05,151,2,155,2024-05-17,0.54657,-0.01858,0.00006,-0.01594,0.67672,-0.64381
NVDA261218C00260000,NVDA,2026-12-18,260.00,call,619.91,705.55,697.55,12,713.55,12,0,25,2024-05-17,0.52706,0.98137,0.00006,-0.04840,0.67824,5.22799
NVDA261218P00260000,NVDA,2026-12-18,260.00,put,8.48,8.60,8.00,27,9.20,201,2,110,2024-05-17,0.54657,-0.02070,0.00006,-0.01739,0.74189,-0.72142
NVDA261218C00270000,NVDA,2026-12-18,270.00,call,721.00,697.40,689.20,12,705.60,12,0,98,2024-05-17,0.52706,0.97925,0.00006,-0.05106,0.74337,5.37724
NVDA261218P00270000,NVDA,2026-12-18,270.00,put,9.75,9.45,8.85,85,10.05,201,0,156,2024-05-17,0.54657,-0.02294,0.00007,-0.01886,0.80900,-0.80370
NVDA261218C00280000,NVDA,2026-12-18,280.00,call,676.50,689.35,680.80,6,697.90,6,0,24,2024-05-17,0.50755,0.97934,0.00007,-0.05157,0.74060,5.61680
NVDA261218P00280000,NVDA,2026-12-18,280.00,put,10.50,10.47,10.00,1,10.95,201,1,311,2024-05-17,0.54657,-0.02528,0.00007,-0.02036,0.87788,-0.89058
NVDA261218C00290000,NVDA,2026-12-18,290.00,call,540.10,681.25,672.95,6,689.55,3,0,51,2024-05-17,0.50755,0.97711,0.00007,-0.05419,0.80771,5.76296
NVDA261218P00290000,NVDA,2026-12-18,290.00,put,11.40,11.18,10.60,214,11.75,8,0,80,2024-05-17,0.52706,-0.02534,0.00008,-0.01957,0.87955,-0.87861
NVDA261218C00300000,NVDA,2026-12-18,300.00,call,695.10,673.98,666.00,11,681.95,12,0,177,2024-05-17,0.50755,0.97476,0.00008,-0.05685,0.87678,5.90450
NVDA261218P00300000,NVDA,2026-12-18,300.00,put,12.35,12.30,11.95,35,12.65,190,2,360,2024-05-17,0.52706,-0.02780,0.00008,-0.02104,0.95026,-0.96873
NVDA261218C00310000,NVDA,2026-12-18,310.00,call,623.70,665.95,658.00,17,673.90,3,0,88,2024-05-17,0.50755,0.97230,0.00008,-0.05952,0.94764,6.04144
NVDA261218P00310000,NVDA,2026-12-18,310.00,put,13.10,13.40,12.75,201,14.05,201,0,70,2024-05-17,0.52706,-0.03036,0.00009,-0.02252,1.02249,-1.06337
NVDA261218C00320000,NVDA,2026-12-18,320.00,call,650.28,658.20,650.15,3,666.25,3,0,289,2024-05-17,0.50755,0.96973,0.00009,-0.06222,1.02014,6.17383
NVDA261218P00320000,NVDA,2026-12-18,320.00,put,14.23,14.52,13.85,201,15.20,33,0,112,2024-05-17,0.52706,-0.03302,0.00009,-0.02401,1.09610,-1.16247
NVDA261218C00330000,NVDA,2026-12-18,330.00,call,604.72,650.88,647.25,5,654.50,5,0,32,2024-05-17,0.50755,0.96705,0.00010,-0.06492,1.09411,6.30171
NVDA261218P00330000,NVDA,2026-12-18,330.00,put,15.40,15.65,15.30,75,16.00,1,0,131,2024-05-17,0.52706,-0.03579,0.00010,-0.02551,1.17092,-1.26598
NVDA261218C00340000,NVDA,2026-12-18,340.00,call,650.55,643.00,639.80,5,646.20,2,1,31,2024-05-17,0.50755,0.96427,0.00010,-0.06764,1.16942,6.42512
NVDA261218P00340000,NVDA,2026-12-18,340.00,put,17.10,17.07,16.65,66,17.50,14,1,212,2024-05-17,0.52706,-0.03864,0.00011,-0.02702,1.24682,-1.37382
NVDA261218C00350000,NVDA,2026-12-18,350.00,call,648.69,635.75,632.55,4,638.95,4,1,328,2024-05-17,0.50755,0.96139,0.00011,-0.07037,1.24590,6.54414
NVDA261218P00350000,NVDA,2026-12-18,350.00,put,18.20,18.40,18.00,54,18.80,146,2,349,2024-05-17,0.52706,-0.04160,0.00011,-0.02853,1.32366,-1.48592
NVDA261218C00360000,NVDA,2026-12-18,360.00,call,594.66,628.35,624.75,5,631.95,5,0,27,2024-05-17,0.50755,0.95841,0.00012,-0.07310,1.32341,6.65883
NVDA261218P00360000,NVDA,2026-12-18,360.00,put,21.80,19.88,19.15,71,20.60,30,0,38,2024-05-17,0.52706,-0.04464,0.00012,-0.03004,1.40130,-1.60221
NVDA261218C00370000,NVDA,2026-12-18,370.00,call,597.00,621.00,617.55,5,624.45,5,0,24,2024-05-17,0.50755,0.95534,0.00012,-0.07583,1.40183,6.76924
NVDA261218P00370000,NVDA,2026-12-18,370.00,put,21.10,21.40,20.95,58,21.85,14,5,62,2024-05-17,0.52706,-0.04776,0.00013,-0.03155,1.47960,-1.72261
NVDA261218C00380000,NVDA,2026-12-18,380.00,call,566.77,613.73,610.20,6,617.25,5,0,20,2024-05-17,0.50755,0.95218,0.00013,-0.07855,1.48101,6.87546
NVDA261218P00380000,NVDA,2026-12-18,380.00,put,22.60,22.93,22.10,201,23.75,201,0,90,2024-05-17,0.52706,-0.05097,0.00013,-0.03304,1.55846,-1.84704
NVDA261218C00390000,NVDA,2026-12-18,390.00,call,474.00,606.50,603.00,5,610.00,5,0,162,2024-05-17,0.48804,0.95233,0.00014,-0.07839,1.47726,7.13576
NVDA261218P00390000,NVDA,2026-12-18,390.00,put,26.68,24.52,23.85,65,25.20,1,0,57,2024-05-17,0.50755,-0.05107,0.00014,-0.03166,1.56084,-1.81819
NVDA261218C00400000,NVDA,2026-12-18,400.00,call,623.00,599.33,596.20,4,602.45,4,0,332,2024-05-17,0.48804,0.94904,0.00014,-0.08106,1.55807,7.23902
NVDA261218P00400000,NVDA,2026-12-18,400.00,put,26.35,26.23,25.85,51,26.60,5,53,589,2024-05-17,0.50755,-0.05441,0.00015,-0.03310,1.64118,-1.94567
NVDA261218C00410000,NVDA,2026-12-18,410.00,call,621.33,591.88,588.80,5,594.95,1,0,87,2024-05-17,0.48804,0.94566,0.00015,-0.08372,1.63949,7.33811
NVDA261218P00410000,NVDA,2026-12-18,410.00,put,31.00,28.18,27.35,44,29.00,27,0,69,2024-05-17,0.50755,-0.05782,0.00015,-0.03453,1.72192,-2.07713
NVDA261218C00420000,NVDA,2026-12-18,420.00,call,607.14,584.83,581.80,5,587.85,2,0,80,2024-05-17,0.48804,0.94220,0.00016,-0.08637,1.72140,7.43313
NVDA261218P00420000,NVDA,2026-12-18,420.00,put,30.25,29.98,29.35,52,30.60,14,2,56,2024-05-17,0.50755,-0.06132,0.00016,-0.03594,1.80296,-2.21246
NVDA261218C00430000,NVDA,2026-12-18,430.00,call,575.28,578.08,574.80,10,581.35,3,0,85,2024-05-17,0.48804,0.93865,0.00017,-0.08901,1.80370,7.52414
NVDA261218P00430000,NVDA,2026-12-18,430.00,put,34.02,32.00,31.10,61,32.90,25,0,72,2024-05-17,0.50755,-0.06489,0.00017,-0.03734,1.88419,-2.35161
NVDA261218C00440000,NVDA,2026-12-18,440.00,call,542.90,571.10,568.05,10,574.15,1,0,85,2024-05-17,0.48804,0.93502,0.00017,-0.09164,1.88627,7.61122
NVDA261218P00440000,NVDA,2026-12-18,440.00,put,33.80,34.35,33.70,5,35.00,56,1,121,2024-05-17,0.50755,-0.06853,0.00017,-0.03871,1.96550,-2.49448
NVDA261218C00450000,NVDA,2026-12-18,450.00,call,576.69,564.77,561.65,2,567.90,9,1,72,2024-05-17,0.48804,0.93131,0.00018,-0.09424,1.96900,7.69444
NVDA261218P00450000,NVDA,2026-12-18,450.00,put,34.95,36.27,34.30,12,38.25,14,0,1624,2024-05-17,0.50755,-0.07224,0.00018,-0.04007,2.04681,-2.64099
NVDA261218C00460000,NVDA,2026-12-18,460.00,call,513.63,557.67,554.65,6,560.70,1,0,100,2024-05-17,0.48804,0.92753,0.00019,-0.09683,2.05180,7.77390
NVDA261218P00460000,NVDA,2026-12-18,460.00,put,37.45,38.25,37.20,84,39.30,27,0,101,2024-05-17,0.50755,-0.07601,0.00019,-0.04140,2.12803,-2.79106
NVDA261218C00470000,NVDA,2026-12-18,470.00,call,413.05,550.95,547.95,5,553.95,2,0,37,2024-05-17,0.48804,0.92368,0.00020,-0.09939,2.13456,7.84968
NVDA261218P00470000,NVDA,2026-12-18,470.00,put,40.81,40.70,39.95,37,41.45,47,2,141,2024-05-17,0.50755,-0.07985,0.00020,-0.04272,2.20907,-2.94461
NVDA261218C00480000,NVDA,2026-12-18,480.00,call,566.14,544.40,541.40,5,547.40,1,0,78,2024-05-17,0.48804,0.91976,0.00021,-0.10193,2.21721,7.92184
NVDA261218P00480000,NVDA,2026-12-18,480.00,put,42.80,43.30,42.60,25,44.00,28,2,116,2024-05-17,0.50755,-0.08375,0.00020,-0.04400,2.28985,-3.10155
NVDA261218C00490000,NVDA,2026-12-18,490.00,call,505.89,538.25,534.85,7,541.65,5,0,279,2024-05-17,0.48804,0.91578,0.00021,-0.10445,2.29964,7.99049
NVDA261218P00490000,NVDA,2026-12-18,490.00,put,45.19,45.35,44.25,39,46.45,28,2,72,2024-05-17,0.50755,-0.08770,0.00021,-0.04526,2.37030,-3.26180
NVDA261218C00500000,NVDA,2026-12-18,500.00,call,546.00,531.80,528.70,4,534.90,4,24,422,2024-05-17,0.48804,0.91173,0.00022,-0.10694,2.38180,8.05569
NVDA261218P00500000,NVDA,2026-12-18,500.00,put,47.79,47.88,47.25,7,48.50,1,4,920,2024-05-17,0.50755,-0.09171,0.00022,-0.04648,2.45035,-3.42527
NVDA261218C00510000,NVDA,2026-12-18,510.00,call,517.32,525.38,522.05,7,528.70,5,0,124,2024-05-17,0.48804,0.90762,0.00023,-0.10940,2.46358,8.11753
NVDA261218P00510000,NVDA,2026-12-18,510.00,put,49.25,50.55,49.75,44,51.35,45,0,190,2024-05-17,0.50755,-0.09576,0.00023,-0.04768,2.52994,-3.59189
NVDA261218C00520000,NVDA,2026-12-18,520.00,call,511.95,518.88,515.75,10,522.00,1,0,134,2024-05-17,0.48804,0.90346,0.00024,-0.11183,2.54494,8.17609
NVDA261218P00520000,NVDA,2026-12-18,520.00,put,57.70,52.98,52.20,43,53.75,14,0,69,2024-05-17,0.50755,-0.09987,0.00023,-0.04885,2.60900,-3.76158
NVDA261218C00530000,NVDA,2026-12-18,530.00,call,477.70,512.53,509.85,5,515.20,2,0,112,2024-05-17,0.48804,0.89925,0.00024,-0.11423,2.62580,8.23145
NVDA261218P00530000,NVDA,2026-12-18,530.00,put,56.50,55.77,55.00,41,56.55,14,8,98,2024-05-17,0.50755,-0.10402,0.00024,-0.04998,2.68748,-3.93425
NVDA261218C00540000,NVDA,2026-12-18,540.00,call,502.33,506.43,503.75,5,509.10,1,0,71,2024-05-17,0.48804,0.89498,0.00025,-0.11660,2.70609,8.28371
NVDA261218P00540000,NVDA,2026-12-18,540.00,put,57.00,58.52,57.75,41,59.30,14,0,220,2024-05-17,0.50755,-0.10821,0.00025,-0.05108,2.76532,-4.10983
NVDA261218C00550000,NVDA,2026-12-18,550.00,call,521.11,500.62,497.90,7,503.35,10,0,392,2024-05-17,0.48804,0.89067,0.00026,-0.11893,2.78576,8.33292
NVDA261218P00550000,NVDA,2026-12-18,550.00,put,61.50,61.42,60.70,36,62.15,14,1,288,2024-05-17,0.50755,-0.11245,0.00025,-0.05215,2.84248,-4.28823
NVDA261218C00560000,NVDA,2026-12-18,560.00,call,476.30,494.57,491.70,5,497.45,6,0,94,2024-05-17,0.48804,0.88632,0.00027,-0.12123,2.86475,8.37918
NVDA261218P00560000,NVDA,2026-12-18,560.00,put,62.70,64.47,63.75,25,65.20,14,0,155,2024-05-17,0.50755,-0.11672,0.00026,-0.05318,2.91891,-4.46939
NVDA261218C00570000,NVDA,2026-12-18,570.00,call,460.45,488.73,485.80,19,491.65,5,0,72,2024-05-17,0.48804,0.88192,0.00027,-0.12350,2.94302,8.42256
NVDA261218P00570000,NVDA,2026-12-18,570.00,put,65.80,67.53,66.80,39,68.25,1,0,360,2024-05-17,0.50755,-0.12103,0.00027,-0.05417,2.99457,-4.65322
NVDA261218C00580000,NVDA,2026-12-18,580.00,call,485.05,482.50,479.85,16,485.15,1,2,100,2024-05-17,0.48804,0.87748,0.00028,-0.12573,3.02052,8.46314
NVDA261218P00580000,NVDA,2026-12-18,580.00,put,68.75,70.53,69.70,24,71.35,14,0,668,2024-05-17,0.50755,-0.12537,0.00027,-0.05513,3.06941,-4.83965
NVDA261218C00590000,NVDA,2026-12-18,590.00,call,492.60,476.95,473.25,7,480.65,5,0,1170,2024-05-17,0.48804,0.87300,0.00029,-0.12792,3.09719,8.50100
NVDA261218P00590000,NVDA,2026-12-18,590.00,put,73.60,73.75,72.90,38,74.60,8,1,41,2024-05-17,0.50755,-0.12973,0.00028,-0.05605,3.14341,-5.02862
NVDA261218C00600000,NVDA,2026-12-18,600.00,call,474.30,471.10,468.70,2,473.50,2,3,498,2024-05-17,0.48804,0.86849,0.00029,-0.13008,3.17301,8.53621
NVDA261218P00600000,NVDA,2026-12-18,600.00,put,76.67,76.85,76.10,16,77.60,6,3,1513,2024-05-17,0.50755,-0.13413,0.00029,-0.05694,3.21653,-5.22003
NVDA261218C00610000,NVDA,2026-12-18,610.00,call,459.91,465.27,462.70,5,467.85,1,0,73,2024-05-17,0.48804,0.86395,0.00030,-0.13220,3.24794,8.56885
NVDA261218P00610000,NVDA,2026-12-18,610.00,put,78.08,80.30,79.40,42,81.20,1,0,94,2024-05-17,0.50755,-0.13856,0.00029,-0.05778,3.28875,-5.41384
NVDA261218C00620000,NVDA,2026-12-18,620.00,call,478.18,459.82,457.15,5,462.50,1,0,194,2024-05-17,0.48804,0.85938,0.00031,-0.13428,3.32193,8.59898
NVDA261218P00620000,NVDA,2026-12-18,620.00,put,81.18,83.80,82.95,37,84.65,13,0,207,2024-05-17,0.50755,-0.14301,0.00030,-0.05859,3.36002,-5.60996
NVDA261218C00630000,NVDA,2026-12-18,630.00,call,472.18,454.23,451.65,5,456.80,1,0,258,2024-05-17,0.48804,0.85478,0.00031,-0.13632,3.39497,8.62669
NVDA261218P00630000,NVDA,2026-12-18,630.00,put,88.10,87.25,86.35,37,88.15,1,2,108,2024-05-17,0.50755,-0.14748,0.00031,-0.05936,3.43034,-5.80834
NVDA261218C00640000,NVDA,2026-12-18,640.00,call,445.73,448.85,446.10,7,451.60,1,0,120,2024-05-17,0.48804,0.85016,0.00032,-0.13832,3.46702,8.65203
NVDA261218P00640000,NVDA,2026-12-18,640.00,put,88.10,90.75,89.80,22,91.70,8,0,48,2024-05-17,0.50755,-0.15197,0.00031,-0.06009,3.49967,-6.00889
NVDA261218C00650000,NVDA,2026-12-18,650.00,call,460.20,443.38,441.00,10,445.75,2,14,370,2024-05-17,0.46853,0.84795,0.00034,-0.13705,3.50092,8.91135
NVDA261218P00650000,NVDA,2026-12-18,650.00,put,94.59,94.42,93.55,9,95.30,1,32,1956,2024-05-17,0.50755,-0.15647,0.00032,-0.06078,3.56800,-6.21157
NVDA261218C00660000,NVDA,2026-12-18,660.00,call,455.00,438.10,435.45,5,440.75,1,5,88,2024-05-17,0.46853,0.84314,0.00034,-0.13897,3.57381,8.93230
NVDA261218P00660000,NVDA,2026-12-18,660.00,put,97.80,98.22,97.35,37,99.10,1,19,82,2024-05-17,0.50755,-0.16100,0.00032,-0.06143,3.63531,-6.41630
NVDA261218C00670000,NVDA,2026-12-18,670.00,call,390.15,432.95,430.20,6,435.70,6,0,129,2024-05-17,0.46853,0.83830,0.00035,-0.14086,3.64563,8.95090
NVDA261218P00670000,NVDA,2026-12-18,670.00,put,101.55,101.85,100.80,37,102.90,1,27,102,2024-05-17,0.50755,-0.16554,0.00033,-0.06205,3.70159,-6.62303
NVDA261218C00680000,NVDA,2026-12-18,680.00,call,444.65,427.62,424.95,6,430.30,1,2,141,2024-05-17,0.46853,0.83344,0.00036,-0.14270,3.71635,8.96724
NVDA261218P00680000,NVDA,2026-12-18,680.00,put,105.35,105.30,104.90,40,105.70,1,19,137,2024-05-17,0.50755,-0.17009,0.00034,-0.06262,3.76681,-6.83169
NVDA261218C00690000,NVDA,2026-12-18,690.00,call,439.40,422.07,418.95,13,425.20,1,2,822,2024-05-17,0.46853,0.82856,0.00036,-0.14451,3.78595,8.98137
NVDA261218P00690000,NVDA,2026-12-18,690.00,put,109.50,109.72,108.45,1,111.00,17,4,113,2024-05-17,0.50755,-0.17465,0.00034,-0.06316,3.83098,-7.04222
NVDA261218C00700000,NVDA,2026-12-18,700.00,call,425.87,417.50,415.00,10,420.00,1,17,670,2024-05-17,0.46853,0.82366,0.00037,-0.14627,3.85441,8.99337
NVDA261218P00700000,NVDA,2026-12-18,700.00,put,113.80,113.72,112.80,15,114.65,5,14,772,2024-05-17,0.50755,-0.17923,0.00035,-0.06366,3.89407,-7.25457
NVDA261218C00710000,NVDA,2026-12-18,710.00,call,431.05,412.27,409.65,12,414.90,1,0,208,2024-05-17,0.46853,0.81874,0.00038,-0.14800,3.92171,9.00330
NVDA261218P00710000,NVDA,2026-12-18,710.00,put,118.98,117.82,116.80,29,118.85,8,2,75,2024-05-17,0.50755,-0.18381,0.00035,-0.06411,3.95608,-7.46868
NVDA261218C00720000,NVDA,2026-12-18,720.00,call,418.09,407.45,404.85,6,410.05,1,3,130,2024-05-17,0.46853,0.81381,0.00038,-0.14968,3.98784,9.01122
NVDA261218P00720000,NVDA,2026-12-18,720.00,put,122.00,121.90,120.80,21,123.00,17,203,1693,2024-05-17,0.50755,-0.18840,0.00036,-0.06453,4.01700,-7.68450
NVDA261218C00730000,NVDA,2026-12-18,730.00,call,400.20,402.73,399.85,6,405.60,6,2,82,2024-05-17,0.46853,0.80887,0.00039,-0.15133,4.05278,9.01720
NVDA261218P00730000,NVDA,2026-12-18,730.00,put,123.50,126.28,125.05,34,127.50,16,0,59,2024-05-17,0.50755,-0.19299,0.00036,-0.06491,4.07683,-7.90197
NVDA261218C00740000,NVDA,2026-12-18,740.00,call,416.17,397.93,395.00,6,400.85,6,0,553,2024-05-17,0.46853,0.80391,0.00040,-0.15293,4.11652,9.02130
NVDA261218P00740000,NVDA,2026-12-18,740.00,put,126.40,130.65,129.50,34,131.80,16,0,113,2024-05-17,0.50755,-0.19759,0.00037,-0.06525,4.13557,-8.12104
NVDA261218C00750000,NVDA,2026-12-18,750.00,call,402.00,392.98,390.60,5,395.35,1,3,647,2024-05-17,0.46853,0.79895,0.00040,-0.15449,4.17905,9.02358
NVDA261218P00750000,NVDA,2026-12-18,750.00,put,133.54,134.70,133.65,30,135.75,1,8,370,2024-05-17,0.50755,-0.20219,0.00037,-0.06556,4.19320,-8.34166
NVDA261218C00760000,NVDA,2026-12-18,760.00,call,398.60,388.23,385.65,6,390.80,1,2,59,2024-05-17,0.46853,0.79398,0.00041,-0.15602,4.24037,9.02409
NVDA261218P00760000,NVDA,2026-12-18,760.00,put,136.06,139.40,138.20,33,140.60,16,0,179,2024-05-17,0.50755,-0.20679,0.00038,-0.06582,4.24974,-8.56378
NVDA261218C00770000,NVDA,2026-12-18,770.00,call,365.48,383.65,381.05,8,386.25,6,0,217,2024-05-17,0.46853,0.78900,0.00041,-0.15750,4.30047,9.02290
NVDA261218P00770000,NVDA,2026-12-18,770.00,put,156.20,143.73,142.30,33,145.15,32,0,90,2024-05-17,0.50755,-0.21139,0.00038,-0.06605,4.30517,-8.78735
NVDA261218C00780000,NVDA,2026-12-18,780.00,call,379.41,379.02,376.45,6,381.60,2,3,118,2024-05-17,0.46853,0.78402,0.00042,-0.15894,4.35935,9.02006
NVDA261218P00780000,NVDA,2026-12-18,780.00,put,144.65,148.30,147.20,32,149.40,8,0,135,2024-05-17,0.50755,-0.21599,0.00039,-0.06624,4.35950,-9.01233
NVDA261218C00790000,NVDA,2026-12-18,790.00,call,398.67,374.42,371.90,6,376.95,1,0,157,2024-05-17,0.46853,0.77904,0.00043,-0.16035,4.41699,9.01563
NVDA261218P00790000,NVDA,2026-12-18,790.00,put,147.85,152.78,151.50,20,154.05,8,0,87,2024-05-17,0.50755,-0.22059,0.00039,-0.06639,4.41273,-9.23866
NVDA261218C00800000,NVDA,2026-12-18,800.00,call,373.50,370.05,367.55,6,372.55,3,7,1809,2024-05-17,0.46853,0.77405,0.00043,-0.16171,4.47340,9.00966
NVDA261218P00800000,NVDA,2026-12-18,800.00,put,155.85,157.45,155.00,1,159.90,18,13,388,2024-05-17,0.50755,-0.22518,0.00040,-0.06651,4.46486,-9.46631
NVDA261218C00810000,NVDA,2026-12-18,810.00,call,364.76,365.60,363.05,6,368.15,1,2,261,2024-05-17,0.46853,0.76907,0.00044,-0.16304,4.52859,9.00219
NVDA261218P00810000,NVDA,2026-12-18,810.00,put,157.51,161.65,158.70,35,164.60,1,0,185,2024-05-17,0.50755,-0.22977,0.00040,-0.06659,4.51589,-9.69523
NVDA261218C00820000,NVDA,2026-12-18,820.00,call,369.64,361.25,358.65,6,363.85,7,5,257,2024-05-17,0.46853,0.76409,0.00044,-0.16432,4.58254,8.99329
NVDA261218P00820000,NVDA,2026-12-18,820.00,put,165.20,166.50,163.50,28,169.50,5,2,95,2024-05-17,0.50755,-0.23436,0.00041,-0.06663,4.56584,-9.92538
NVDA261218C00830000,NVDA,2026-12-18,830.00,call,356.15,356.93,354.30,10,359.55,5,6,228,2024-05-17,0.46853,0.75911,0.00045,-0.16557,4.63526,8.98300
NVDA261218P00830000,NVDA,2026-12-18,830.00,put,172.35,171.65,168.85,16,174.45,6,1,166,2024-05-17,0.50755,-0.23894,0.00041,-0.06664,4.61470,-10.15671
NVDA261218C00840000,NVDA,2026-12-18,840.00,call,351.95,352.88,350.00,27,355.75,6,1,277,2024-05-17,0.46853,0.75413,0.00045,-0.16678,4.68676,8.97137
NVDA261218P00840000,NVDA,2026-12-18,840.00,put,172.19,177.10,173.40,11,180.80,11,0,34,2024-05-17,0.50755,-0.24351,0.00041,-0.06661,4.66248,-10.38919
NVDA261218C00850000,NVDA,2026-12-18,850.00,call,356.80,349.00,347.00,1,351.00,5,2,491,2024-05-17,0.46853,0.74916,0.00046,-0.16796,4.73703,8.95845
NVDA261218P00850000,NVDA,2026-12-18,850.00,put,180.49,181.45,178.45,32,184.45,6,1,132,2024-05-17,0.50755,-0.24807,0.00042,-0.06655,4.70918,-10.62278
NVDA261218C00860000,NVDA,2026-12-18,860.00,call,367.80,344.38,341.80,6,346.95,9,0,295,2024-05-17,0.46853,0.74420,0.00046,-0.16909,4.78609,8.94428
NVDA261218P00860000,NVDA,2026-12-18,860.00,put,189.00,186.55,183.50,23,189.60,18,4,51,2024-05-17,0.50755,-0.25263,0.00042,-0.06645,4.75482,-10.85744
NVDA261218C00870000,NVDA,2026-12-18,870.00,call,340.20,340.30,337.70,6,342.90,8,8,276,2024-05-17,0.46853,0.73924,0.00047,-0.17019,4.83394,8.92891
NVDA261218P00870000,NVDA,2026-12-18,870.00,put,192.08,191.72,188.70,15,194.75,12,2,47,2024-05-17,0.50755,-0.25717,0.00043,-0.06632,4.79939,-11.09313
NVDA261218C00880000,NVDA,2026-12-18,880.00,call,337.00,336.20,333.55,6,338.85,10,1,749,2024-05-17,0.46853,0.73429,0.00047,-0.17126,4.88058,8.91238
NVDA261218P00880000,NVDA,2026-12-18,880.00,put,196.89,199.20,193.65,28,204.75,14,2,66,2024-05-17,0.50755,-0.26170,0.00043,-0.06615,4.84292,-11.32982
NVDA261218C00890000,NVDA,2026-12-18,890.00,call,331.26,332.27,329.70,10,334.85,10,1,142,2024-05-17,0.46853,0.72935,0.00047,-0.17228,4.92602,8.89473
NVDA261218P00890000,NVDA,2026-12-18,890.00,put,205.00,202.85,197.00,38,208.70,9,2,108,2024-05-17,0.50755,-0.26623,0.00043,-0.06595,4.88539,-11.56747
NVDA261218C00900000,NVDA,2026-12-18,900.00,call,330.00,328.38,326.00,1,330.75,2,1045,2296,2024-05-17,0.46853,0.72442,0.00048,-0.17327,4.97028,8.87601
NVDA261218P00900000,NVDA,2026-12-18,900.00,put,206.20,207.10,202.70,49,211.50,30,3,188,2024-05-17,0.50755,-0.27074,0.00044,-0.06572,4.92684,-11.80605
NVDA261218C00910000,NVDA,2026-12-18,910.00,call,322.92,324.40,321.85,6,326.95,10,2,309,2024-05-17,0.46853,0.71951,0.00048,-0.17423,5.01335,8.85625
NVDA261218P00910000,NVDA,2026-12-18,910.00,put,207.55,211.93,205.55,44,218.30,2,0,113,2024-05-17,0.50755,-0.27524,0.00044,-0.06545,4.96725,-12.04553
NVDA261218C00920000,NVDA,2026-12-18,920.00,call,321.30,320.60,317.95,12,323.25,20,2,277,2024-05-17,0.46853,0.71460,0.00049,-0.17515,5.05525,8.83549
NVDA261218P00920000,NVDA,2026-12-18,920.00,put,216.00,216.45,211.35,56,221.55,25,3,77,2024-05-17,0.50755,-0.27972,0.00045,-0.06516,5.00665,-12.28587
NVDA261218C00930000,NVDA,2026-12-18,930.00,call,323.85,316.82,314.25,6,319.40,1,3,233,2024-05-17,0.46853,0.70971,0.00049,-0.17604,5.09599,8.81378
NVDA261218P00930000,NVDA,2026-12-18,930.00,put,228.60,223.55,217.50,46,229.60,2,0,96,2024-05-17,0.50755,-0.28419,0.00045,-0.06483,5.04504,-12.52705
NVDA261218C00940000,NVDA,2026-12-18,940.00,call,318.05,313.10,310.55,6,315.65,5,10,189,2024-05-17,0.46853,0.70483,0.00050,-0.17689,5.13558,8.79114
NVDA261218P00940000,NVDA,2026-12-18,940.00,put,228.40,227.97,223.25,44,232.70,2,1,46,2024-05-17,0.50755,-0.28865,0.00045,-0.06447,5.08244,-12.76903
NVDA261218C00950000,NVDA,2026-12-18,950.00,call,308.00,309.40,307.10,5,311.70,1,5,336,2024-05-17,0.46853,0.69997,0.00050,-0.17771,5.17402,8.76762
NVDA261218P00950000,NVDA,2026-12-18,950.00,put,234.02,233.93,228.55,42,239.30,2,1,104,2024-05-17,0.50755,-0.29309,0.00046,-0.06407,5.11885,-13.01178
NVDA261218C00960000,NVDA,2026-12-18,960.00,call,315.06,305.75,303.20,6,308.30,1,1,79,2024-05-17,0.46853,0.69512,0.00050,-0.17850,5.21134,8.74324
NVDA261218P00960000,NVDA,2026-12-18,960.00,put,239.72,239.23,233.30,50,245.15,6,1,44,2024-05-17,0.50755,-0.29752,0.00046,-0.06365,5.15428,-13.25527
NVDA261218C00970000,NVDA,2026-12-18,970.00,call,305.00,302.15,299.60,6,304.70,10,3,537,2024-05-17,0.46853,0.69029,0.00051,-0.17926,5.24753,8.71805
NVDA261218P00970000,NVDA,2026-12-18,970.00,put,268.95,244.45,239.15,46,249.75,23,0,28,2024-05-17,0.50755,-0.30193,0.00046,-0.06320,5.18874,-13.49949
NVDA261218C00980000,NVDA,2026-12-18,980.00,call,307.60,298.60,296.05,6,301.15,10,1,68,2024-05-17,0.46853,0.68548,0.00051,-0.17998,5.28262,8.69208
NVDA261218P00980000,NVDA,2026-12-18,980.00,put,247.77,251.52,245.10,36,257.95,5,2,21,2024-05-17,0.50755,-0.30632,0.00046,-0.06272,5.22225,-13.74439
NVDA261218C00990000,NVDA,2026-12-18,990.00,call,304.18,295.10,292.55,6,297.65,20,1,119,2024-05-17,0.46853,0.68068,0.00051,-0.18067,5.31662,8.66535
NVDA261218P00990000,NVDA,2026-12-18,990.00,put,267.92,258.20,251.20,34,265.20,11,0,131,2024-05-17,0.52706,-0.30629,0.00045,-0.06582,5.22199,-14.14897
NVDA261218C01000000,NVDA,2026-12-18,1000.00,call,292.75,292.05,290.00,6,294.10,22,1046,1703,2024-05-17,0.46853,0.67590,0.00052,-0.18133,5.34953,8.63790
NVDA261218P01000000,NVDA,2026-12-18,1000.00,put,256.60,264.80,257.15,22,272.45,15,0,284,2024-05-17,0.52706,-0.31046,0.00045,-0.06532,5.25305,-14.39226
NVDA261218C01010000,NVDA,2026-12-18,1010.00,call,286.95,288.20,285.60,12,290.80,16,4,95,2024-05-17,0.46853,0.67114,0.00052,-0.18196,5.38138,8.60976
NVDA261218P01010000,NVDA,2026-12-18,1010.00,put,264.57,270.70,263.15,37,278.25,13,0,27,2024-05-17,0.52706,-0.31461,0.00045,-0.06478,5.28326,-14.63614
NVDA261218C01020000,NVDA,2026-12-18,1020.00,call,303.50,284.88,282.25,6,287.50,4,0,143,2024-05-17,0.46853,0.66640,0.00052,-0.18256,5.41217,8.58096
NVDA261218P01020000,NVDA,2026-12-18,1020.00,put,279.53,276.07,269.15,35,283.00,10,0,9,2024-05-17,0.52706,-0.31875,0.00046,-0.06422,5.31262,-14.88058
NVDA261218C01030000,NVDA,2026-12-18,1030.00,call,298.50,281.62,279.00,6,284.25,8,0,49,2024-05-17,0.46853,0.66168,0.00052,-0.18314,5.44191,8.55153
NVDA261218P01030000,NVDA,2026-12-18,1030.00,put,343.00,283.55,275.15,62,291.95,21,0,12,2024-05-17,0.52706,-0.32287,0.00046,-0.06364,5.34114,-15.12555
NVDA261218C01040000,NVDA,2026-12-18,1040.00,call,266.86,278.32,275.65,6,281.00,11,0,55,2024-05-17,0.46853,0.65698,0.00053,-0.18368,5.47063,8.52149
NVDA261218P01040000,NVDA,2026-12-18,1040.00,put,293.72,287.73,281.40,43,294.05,5,0,30,2024-05-17,0.52706,-0.32697,0.00046,-0.06302,5.36884,-15.37104
NVDA261218C01050000,NVDA,2026-12-18,1050.00,call,280.47,274.83,272.55,8,277.10,1,40,1403,2024-05-17,0.46853,0.65231,0.00053,-0.18419,5.49833,8.49087
NVDA261218P01050000,NVDA,2026-12-18,1050.00,put,289.50,293.38,287.30,55,299.45,6,0,39,2024-05-17,0.52706,-0.33105,0.00046,-0.06239,5.39572,-15.61703
NVDA261218C01060000,NVDA,2026-12-18,1060.00,call,285.40,271.85,269.30,6,274.40,5,0,22,2024-05-17,0.46853,0.64765,0.00053,-0.18468,5.52503,8.45969
NVDA261218P01060000,NVDA,2026-12-18,1060.00,put,310.94,302.35,294.60,38,310.10,27,0,4,2024-05-17,0.52706,-0.33511,0.00046,-0.06172,5.42180,-15.86350
NVDA261218C01070000,NVDA,2026-12-18,1070.00,call,282.84,268.75,266.15,6,271.35,11,0,33,2024-05-17,0.46853,0.64301,0.00054,-0.18514,5.55074,8.42799
NVDA261218P01070000,NVDA,2026-12-18,1070.00,put,0.00,308.38,300.60,43,316.15,56,0,0,2024-05-17,0.52706,-0.33915,0.00047,-0.06104,5.44710,-16.11043
NVDA261218C01080000,NVDA,2026-12-18,1080.00,call,279.80,265.60,263.05,6,268.15,15,0,142,2024-05-17,0.46853,0.63840,0.00054,-0.18557,5.57548,8.39579
NVDA261218P01080000,NVDA,2026-12-18,1080.00,put,319.86,313.80,307.40,49,320.20,13,0,6,2024-05-17,0.52706,-0.34318,0.00047,-0.06032,5.47160,-16.35780
NVDA261218C01090000,NVDA,2026-12-18,1090.00,call,253.55,262.65,260.00,6,265.30,11,0,18,2024-05-17,0.46853,0.63381,0.00054,-0.18597,5.59925,8.36311
NVDA261218P01090000,NVDA,2026-12-18,1090.00,put,327.29,320.23,313.60,34,326.85,48,0,3,2024-05-17,0.52706,-0.34718,0.00047,-0.05959,5.49535,-16.60559
NVDA261218C01100000,NVDA,2026-12-18,1100.00,call,261.70,259.50,257.00,8,262.00,5,4,1107,2024-05-17,0.46853,0.62924,0.00054,-0.18635,5.62208,8.32997
NVDA261218P01100000,NVDA,2026-12-18,1100.00,put,340.85,327.83,319.60,38,336.05,28,0,305,2024-05-17,0.52706,-0.35117,0.00047,-0.05883,5.51833,-16.85380
NVDA261218C01110000,NVDA,2026-12-18,1110.00,call,262.80,256.48,253.95,6,259.00,7,1,59,2024-05-17,0.46853,0.62470,0.00054,-0.18671,5.64398,8.29640
NVDA261218P01110000,NVDA,2026-12-18,1110.00,put,381.00,333.35,326.65,21,340.05,39,0,27,2024-05-17,0.52706,-0.35513,0.00047,-0.05805,5.54056,-17.10239
NVDA261218C01120000,NVDA,2026-12-18,1120.00,call,266.64,253.62,251.00,6,256.25,15,0,193,2024-05-17,0.46853,0.62018,0.00055,-0.18703,5.66496,8.26241
NVDA261218P01120000,NVDA,2026-12-18,1120.00,put,393.00,340.40,333.00,49,347.80,15,0,196,2024-05-17,0.52706,-0.35908,0.00048,-0.05724,5.56206,-17.35135
NVDA261218C01130000,NVDA,2026-12-18,1130.00,call,240.24,250.70,248.10,6,253.30,21,0,235,2024-05-17,0.46853,0.61568,0.00055,-0.18734,5.68504,8.22803
NVDA261218P01130000,NVDA,2026-12-18,1130.00,put,350.30,346.20,339.40,41,353.00,12,0,176,2024-05-17,0.52706,-0.36300,0.00048,-0.05642,5.58284,-17.60067
NVDA261218C01140000,NVDA,2026-12-18,1140.00,call,261.17,247.90,245.25,15,250.55,14,0,33,2024-05-17,0.46853,0.61121,0.00055,-0.18762,5.70423,8.19329
NVDA261218P01140000,NVDA,2026-12-18,1140.00,put,366.00,354.38,346.60,49,362.15,64,0,21,2024-05-17,0.52706,-0.36691,0.00048,-0.05557,5.60290,-17.85034
NVDA261218C01150000,NVDA,2026-12-18,1150.00,call,258.25,245.05,243.55,10,246.55,9,0,120,2024-05-17,0.46853,0.60676,0.00055,-0.18787,5.72254,8.15819
NVDA261218P01150000,NVDA,2026-12-18,1150.00,put,370.38,360.52,353.35,40,367.70,34,0,27,2024-05-17,0.52706,-0.37079,0.00048,-0.05470,5.62225,-18.10033
NVDA261218C01160000,NVDA,2026-12-18,1160.00,call,243.81,242.25,240.60,10,243.90,10,1,21,2024-05-17,0.46853,0.60234,0.00055,-0.18811,5.73999,8.12276
NVDA261218P01160000,NVDA,2026-12-18,1160.00,put,0.00,366.23,359.10,45,373.35,19,0,0,2024-05-17,0.52706,-0.37466,0.00048,-0.05381,5.64092,-18.35064
NVDA261218C01170000,NVDA,2026-12-18,1170.00,call,240.41,239.47,237.75,10,241.20,10,1,98,2024-05-17,0.46853,0.59794,0.00055,-0.18832,5.75660,8.08702
NVDA261218P01170000,NVDA,2026-12-18,1170.00,put,416.36,374.52,366.85,28,382.20,49,0,2,2024-05-17,0.54657,-0.37100,0.00046,-0.05711,5.62326,-18.70659
NVDA261218C01180000,NVDA,2026-12-18,1180.00,call,252.14,236.78,235.15,10,238.40,10,0,43,2024-05-17,0.46853,0.59356,0.00056,-0.18850,5.77237,8.05098
NVDA261218P01180000,NVDA,2026-12-18,1180.00,put,378.00,380.27,373.60,29,386.95,26,1,237,2024-05-17,0.54657,-0.37466,0.00047,-0.05622,5.64094,-18.95455
NVDA261218C01190000,NVDA,2026-12-18,1190.00,call,246.82,234.10,232.45,10,235.75,10,0,73,2024-05-17,0.46853,0.58922,0.00056,-0.18867,5.78732,8.01466
NVDA261218P01190000,NVDA,2026-12-18,1190.00,put,399.00,387.27,380.80,31,393.75,47,0,2,2024-05-17,0.54657,-0.37830,0.00047,-0.05532,5.65800,-19.20278
NVDA261218C01200000,NVDA,2026-12-18,1200.00,call,234.00,231.25,228.75,20,233.75,9,2,1064,2024-05-17,0.46853,0.58489,0.00056,-0.18881,5.80147,7.97808
NVDA261218P01200000,NVDA,2026-12-18,1200.00,put,400.97,393.92,387.40,44,400.45,20,0,130,2024-05-17,0.54657,-0.38193,0.00047,-0.05439,5.67445,-19.45126
NVDA261218C01210000,NVDA,2026-12-18,1210.00,call,240.35,228.82,227.20,10,230.45,10,0,58,2024-05-17,0.46853,0.58060,0.00056,-0.18894,5.81483,7.94126
NVDA261218P01210000,NVDA,2026-12-18,1210.00,put,456.00,402.40,394.80,24,410.00,27,0,9,2024-05-17,0.54657,-0.38553,0.00047,-0.05345,5.69031,-19.69999
NVDA261218C01220000,NVDA,2026-12-18,1220.00,call,233.00,226.23,224.55,10,227.90,10,1,299,2024-05-17,0.46853,0.57633,0.00056,-0.18904,5.82741,7.90421
NVDA261218P01220000,NVDA,2026-12-18,1220.00,put,429.00,408.20,401.50,17,414.90,24,0,104,2024-05-17,0.54657,-0.38911,0.00047,-0.05248,5.70558,-19.94896
NVDA261218C01230000,NVDA,2026-12-18,1230.00,call,235.00,224.20,219.45,2,228.95,12,0,1768,2024-05-17,0.46853,0.57208,0.00056,-0.18912,5.83923,7.86694
NVDA261218P01230000,NVDA,2026-12-18,1230.00,put,455.87,416.18,408.50,39,423.85,28,0,12,2024-05-17,0.54657,-0.39268,0.00047,-0.05150,5.72026,-20.19815
NVDA261218C01240000,NVDA,2026-12-18,1240.00,call,232.35,221.18,219.55,10,222.80,10,0,46,2024-05-17,0.46853,0.56786,0.00056,-0.18919,5.85030,7.82948
NVDA261218P01240000,NVDA,2026-12-18,1240.00,put,469.18,423.75,415.60,27,431.90,40,0,10,2024-05-17,0.54657,-0.39622,0.00047,-0.05051,5.73438,-20.44755
NVDA261218C01250000,NVDA,2026-12-18,1250.00,call,230.67,218.82,217.50,2,220.15,9,0,495,2024-05-17,0.46853,0.56367,0.00056,-0.18923,5.86063,7.79183
NVDA261218P01250000,NVDA,2026-12-18,1250.00,put,419.75,430.30,422.70,32,437.90,28,0,25,2024-05-17,0.54657,-0.39974,0.00047,-0.04949,5.74794,-20.69716
NVDA261218C01260000,NVDA,2026-12-18,1260.00,call,214.70,216.20,214.55,21,217.85,10,0,77,2024-05-17,0.46853,0.55950,0.00057,-0.18926,5.87024,7.75402
NVDA261218P01260000,NVDA,2026-12-18,1260.00,put,455.22,437.55,429.25,41,445.85,17,0,71,2024-05-17,0.54657,-0.40325,0.00048,-0.04846,5.76095,-20.94697
NVDA261218C01270000,NVDA,2026-12-18,1270.00,call,230.40,213.80,212.15,11,215.45,10,0,24,2024-05-17,0.46853,0.55536,0.00057,-0.18926,5.87914,7.71604
NVDA261218P01270000,NVDA,2026-12-18,1270.00,put,443.51,445.62,437.35,47,453.90,33,0,67,2024-05-17,0.54657,-0.40673,0.00048,-0.04741,5.77341,-21.19696
NVDA261218C01280000,NVDA,2026-12-18,1280.00,call,204.00,211.43,209.80,22,213.05,11,0,34,2024-05-17,0.46853,0.55125,0.00057,-0.18925,5.88734,7.67792
NVDA261218P01280000,NVDA,2026-12-18,1280.00,put,0.00,451.60,444.90,26,458.30,27,0,0,2024-05-17,0.54657,-0.41020,0.00048,-0.04634,5.78534,-21.44712
NVDA261218C01290000,NVDA,2026-12-18,1290.00,call,194.38,209.05,207.40,24,210.70,11,0,74,2024-05-17,0.46853,0.54716,0.00057,-0.18922,5.89486,7.63967
NVDA261218P01290000,NVDA,2026-12-18,1290.00,put,448.74,460.33,452.80,24,467.85,16,0,4,2024-05-17,0.54657,-0.41364,0.00048,-0.04526,5.79675,-21.69745
NVDA261218C01300000,NVDA,2026-12-18,1300.00,call,208.55,207.32,205.20,1,209.45,2,126,2657,2024-05-17,0.46853,0.54310,0.00057,-0.18917,5.90171,7.60131
NVDA261218P01300000,NVDA,2026-12-18,1300.00,put,460.25,467.58,459.30,32,475.85,34,0,78,2024-05-17,0.54657,-0.41706,0.00048,-0.04416,5.80764,-21.94794
NVDA261218C01320000,NVDA,2026-12-18,1320.00,call,212.65,202.20,200.55,22,203.85,11,0,119,2024-05-17,0.46853,0.53506,0.00057,-0.18903,5.91345,7.52426
NVDA261218P01320000,NVDA,2026-12-18,1320.00,put,509.00,482.33,474.80,25,489.85,34,0,25,2024-05-17,0.56608,-0.41438,0.00046,-0.04670,5.79915,-22.51634
NVDA261218C01340000,NVDA,2026-12-18,1340.00,call,202.05,197.80,196.20,11,199.40,11,1,81,2024-05-17,0.46853,0.52713,0.00057,-0.18882,5.92266,7.44688
NVDA261218P01340000,NVDA,2026-12-18,1340.00,put,495.87,497.57,489.20,28,505.95,23,2,8,2024-05-17,0.56608,-0.42083,0.00046,-0.04449,5.81910,-23.01299
NVDA261218C01360000,NVDA,2026-12-18,1360.00,call,205.46,193.48,191.80,34,195.15,11,0,48,2024-05-17,0.46853,0.51930,0.00057,-0.18855,5.92944,7.36924
NVDA261218P01360000,NVDA,2026-12-18,1360.00,put,532.81,513.00,505.40,37,520.60,58,0,42,2024-05-17,0.56608,-0.42720,0.00047,-0.04223,5.83727,-23.51013
NVDA261218C01380000,NVDA,2026-12-18,1380.00,call,184.50,189.22,187.60,24,190.85,11,0,253,2024-05-17,0.46853,0.51158,0.00057,-0.18822,5.93389,7.29142
NVDA261218P01380000,NVDA,2026-12-18,1380.00,put,540.00,528.10,520.00,16,536.20,39,0,200,2024-05-17,0.56608,-0.43349,0.00047,-0.03992,5.85371,-24.00773
NVDA261218C01400000,NVDA,2026-12-18,1400.00,call,191.55,184.38,183.75,6,185.00,1,20,442,2024-05-17,0.46853,0.50397,0.00057,-0.18784,5.93610,7.21350
NVDA261218P01400000,NVDA,2026-12-18,1400.00,put,542.17,544.17,536.50,9,551.85,39,2,45,2024-05-17,0.56608,-0.43972,0.00047,-0.03755,5.86849,-24.50572
NVDA261218C01420000,NVDA,2026-12-18,1420.00,call,128.23,181.02,179.60,11,182.45,1,0,98,2024-05-17,0.46853,0.49646,0.00057,-0.18740,5.93616,7.13555
NVDA261218P01420000,NVDA,2026-12-18,1420.00,put,585.00,561.23,552.45,16,570.00,44,0,23,2024-05-17,0.58560,-0.43548,0.00045,-0.04022,5.85858,-25.05185
NVDA261218C01440000,NVDA,2026-12-18,1440.00,call,179.81,177.23,175.80,1,178.65,1,0,117,2024-05-17,0.46853,0.48906,0.00057,-0.18691,5.93416,7.05763
NVDA261218P01440000,NVDA,2026-12-18,1440.00,put,585.57,576.50,568.45,21,584.55,42,0,1,2024-05-17,0.58560,-0.44133,0.00045,-0.03786,5.87207,-25.54576
NVDA261218C01460000,NVDA,2026-12-18,1460.00,call,167.30,173.40,172.00,1,174.80,1,0,157,2024-05-17,0.46853,0.48177,0.00057,-0.18638,5.93019,6.97979
NVDA261218P01460000,NVDA,2026-12-18,1460.00,put,598.01,592.58,584.50,12,600.65,11,0,104,2024-05-17,0.58560,-0.44711,0.00045,-0.03544,5.88414,-26.03998
NVDA261218C01480000,NVDA,2026-12-18,1480.00,call,169.20,169.78,168.25,11,171.30,2,7,619,2024-05-17,0.46853,0.47458,0.00057,-0.18579,5.92434,6.90210
NVDA261218P01480000,NVDA,2026-12-18,1480.00,put,614.98,609.17,600.35,34,618.00,31,0,195,2024-05-17,0.58560,-0.45282,0.00045,-0.03299,5.89484,-26.53447
NVDA261218C01500000,NVDA,2026-12-18,1500.00,call,168.40,166.32,165.00,5,167.65,1,20,613,2024-05-17,0.46853,0.46750,0.00057,-0.18516,5.91668,6.82461
NVDA261218P01500000,NVDA,2026-12-18,1500.00,put,609.58,624.95,616.90,14,633.00,38,0,61,2024-05-17,0.58560,-0.45847,0.00046,-0.03048,5.90420,-27.02918
NVDA261218C01520000,NVDA,2026-12-18,1520.00,call,171.15,162.62,161.20,10,164.05,1,0,21,2024-05-17,0.46853,0.46052,0.00057,-0.18450,5.90729,6.74735
NVDA261218P01520000,NVDA,2026-12-18,1520.00,put,667.35,641.67,633.25,26,650.10,15,0,6,2024-05-17,0.60511,-0.45295,0.00044,-0.03331,5.89506,-27.55654
NVDA261218C01540000,NVDA,2026-12-18,1540.00,call,168.30,159.25,157.85,10,160.65,5,0,98,2024-05-17,0.46853,0.45364,0.00057,-0.18379,5.89626,6.67039
NVDA261218P01540000,NVDA,2026-12-18,1540.00,put,677.55,658.58,650.45,36,666.70,18,0,1,2024-05-17,0.60511,-0.45827,0.00044,-0.03083,5.90389,-28.04742
NVDA261218C01560000,NVDA,2026-12-18,1560.00,call,156.18,155.90,154.50,6,157.30,5,16,291,2024-05-17,0.46853,0.44686,0.00057,-0.18304,5.88366,6.59375
NVDA261218P01560000,NVDA,2026-12-18,1560.00,put,708.07,674.83,666.75,40,682.90,40,0,7,2024-05-17,0.60511,-0.46354,0.00044,-0.02830,5.91158,-28.53846
NVDA261218C01580000,NVDA,2026-12-18,1580.00,call,156.02,152.65,151.20,11,154.10,2,1,23,2024-05-17,0.46853,0.44019,0.00057,-0.18226,5.86955,6.51747
NVDA261218P01580000,NVDA,2026-12-18,1580.00,put,730.38,693.00,684.00,1,702.00,32,0,12,2024-05-17,0.60511,-0.46874,0.00044,-0.02574,5.91816,-29.02966
NVDA261218C01600000,NVDA,2026-12-18,1600.00,call,154.55,149.65,148.25,1,151.05,10,3,113,2024-05-17,0.46853,0.43362,0.00056,-0.18145,5.85402,6.44160
NVDA261218P01600000,NVDA,2026-12-18,1600.00,put,788.15,709.92,700.75,15,719.10,17,0,78,2024-05-17,0.62462,-0.46240,0.00043,-0.02868,5.91001,-29.54514
NVDA261218C01620000,NVDA,2026-12-18,1620.00,call,95.45,146.43,145.00,22,147.85,3,0,131,2024-05-17,0.46853,0.42714,0.00056,-0.18061,5.83712,6.36616
NVDA261218P01620000,NVDA,2026-12-18,1620.00,put,759.75,726.75,718.60,15,734.90,14,0,1,2024-05-17,0.62462,-0.46731,0.00043,-0.02614,5.91646,-30.03279
NVDA261218C01640000,NVDA,2026-12-18,1640.00,call,144.35,143.40,142.05,6,144.75,5,777,3919,2024-05-17,0.46853,0.42077,0.00056,-0.17973,5.81893,6.29118
NVDA261218P01640000,NVDA,2026-12-18,1640.00,put,803.79,744.85,736.20,32,753.50,54,0,23,2024-05-17,0.62462,-0.47217,0.00043,-0.02357,5.92194,-30.52056
NVDA261218C01650000,NVDA,2026-12-18,1650.00,call,98.00,142.05,140.70,1,143.40,17,0,22,2024-05-17,0.46853,0.41762,0.00056,-0.17929,5.80937,6.25387
NVDA261218P01650000,NVDA,2026-12-18,1650.00,put,751.00,752.92,744.45,9,761.40,35,0,1,2024-05-17,0.62462,-0.47458,0.00043,-0.02227,5.92434,-30.76449
NVDA261218C01660000,NVDA,2026-12-18,1660.00,call,134.00,140.50,139.10,1,141.90,15,0,64,2024-05-17,0.46853,0.41449,0.00056,-0.17883,5.79951,6.21669
NVDA261218P01660000,NVDA,2026-12-18,1660.00,put,0.00,763.00,754.40,32,771.60,68,0,0,2024-05-17,0.64413,-0.46537,0.00041,-0.02654,5.91401,-31.02963
NVDA261218C01670000,NVDA,2026-12-18,1670.00,call,89.73,139.05,137.65,1,140.45,15,0,43,2024-05-17,0.46853,0.41139,0.00056,-0.17837,5.78935,6.17964
NVDA261218P01670000,NVDA,2026-12-18,1670.00,put,768.50,770.95,762.40,37,779.50,62,0,1,2024-05-17,0.64413,-0.46767,0.00041,-0.02527,5.91689,-31.27188
NVDA261218C01680000,NVDA,2026-12-18,1680.00,call,128.51,137.60,136.20,11,139.00,6,0,95,2024-05-17,0.46853,0.40831,0.00056,-0.17790,5.77891,6.14272
NVDA261218P01680000,NVDA,2026-12-18,1680.00,put,0.00,780.25,770.50,45,790.00,35,0,0,2024-05-17,0.64413,-0.46996,0.00042,-0.02400,5.91956,-31.51415
NVDA261218C01690000,NVDA,2026-12-18,1690.00,call,123.95,136.28,134.90,1,137.65,16,0,13,2024-05-17,0.46853,0.40526,0.00056,-0.17743,5.76819,6.10593
NVDA261218P01690000,NVDA,2026-12-18,1690.00,put,0.00,789.15,780.30,42,798.00,32,0,0,2024-05-17,0.64413,-0.47224,0.00042,-0.02272,5.92201,-31.75645
NVDA261218C01700000,NVDA,2026-12-18,1700.00,call,145.00,134.82,133.55,21,136.10,5,0,105,2024-05-17,0.46853,0.40223,0.00055,-0.17695,5.75720,6.06928
NVDA261218P01700000,NVDA,2026-12-18,1700.00,put,803.62,798.20,788.40,12,808.00,44,0,29,2024-05-17,0.64413,-0.47450,0.00042,-0.02143,5.92427,-31.99877
NVDA261218C01710000,NVDA,2026-12-18,1710.00,call,107.50,133.53,132.15,1,134.90,15,0,1,2024-05-17,0.46853,0.39922,0.00055,-0.17647,5.74595,6.03277
NVDA261218P01710000,NVDA,2026-12-18,1710.00,put,788.45,807.15,798.30,39,816.00,34,0,59,2024-05-17,0.64413,-0.47676,0.00042,-0.02013,5.92632,-32.24111
NVDA261218C01720000,NVDA,2026-12-18,1720.00,call,141.50,132.05,130.70,11,133.40,6,0,8,2024-05-17,0.46853,0.39624,0.00055,-0.17598,5.73444,5.99640
NVDA261218P01720000,NVDA,2026-12-18,1720.00,put,0.00,815.88,806.10,46,825.65,47,0,0,2024-05-17,0.64413,-0.47900,0.00042,-0.01882,5.92817,-32.48347
NVDA261218C01730000,NVDA,2026-12-18,1730.00,call,140.55,130.78,129.40,6,132.15,18,0,8,2024-05-17,0.46853,0.39327,0.00055,-0.17548,5.72268,5.96018
NVDA261218P01730000,NVDA,2026-12-18,1730.00,put,0.00,824.85,816.00,1,833.70,59,0,0,2024-05-17,0.66364,-0.46946,0.00040,-0.02316,5.91899,-32.74343
NVDA261218C01740000,NVDA,2026-12-18,1740.00,call,82.76,129.43,128.10,1,130.75,15,0,11,2024-05-17,0.46853,0.39034,0.00055,-0.17498,5.71068,5.92410
NVDA261218P01740000,NVDA,2026-12-18,1740.00,put,846.43,834.17,824.35,17,844.00,45,0,80,2024-05-17,0.66364,-0.47161,0.00040,-0.02188,5.92135,-32.98426
NVDA261218C01750000,NVDA,2026-12-18,1750.00,call,131.60,128.22,127.00,6,129.45,5,3,79,2024-05-17,0.46853,0.38742,0.00055,-0.17447,5.69844,5.88818
NVDA261218P01750000,NVDA,2026-12-18,1750.00,put,824.33,843.10,834.20,37,852.00,51,0,59,2024-05-17,0.66364,-0.47375,0.00040,-0.02060,5.92353,-33.22512
NVDA261218C01760000,NVDA,2026-12-18,1760.00,call,124.55,126.82,124.20,54,129.45,46,0,1619,2024-05-17,0.46853,0.38453,0.00055,-0.17396,5.68597,5.85240
NVDA261218P01760000,NVDA,2026-12-18,1760.00,put,0.00,853.08,844.15,6,862.00,44,0,0,2024-05-17,0.66364,-0.47587,0.00040,-0.01931,5.92553,-33.46599
NVDA261218C01770000,NVDA,2026-12-18,1770.00,call,123.28,125.72,124.25,1,127.20,16,0,30,2024-05-17,0.46853,0.38166,0.00055,-0.17345,5.67328,5.81677
NVDA261218P01770000,NVDA,2026-12-18,1770.00,put,917.64,861.17,852.35,40,870.00,26,0,0,2024-05-17,0.66364,-0.47798,0.00040,-0.01802,5.92735,-33.70688
NVDA261218C01780000,NVDA,2026-12-18,1780.00,call,115.88,124.38,123.00,1,125.75,15,0,92,2024-05-17,0.46853,0.37882,0.00055,-0.17293,5.66037,5.78130
NVDA261218P01780000,NVDA,2026-12-18,1780.00,put,882.88,870.83,862.40,37,879.25,47,0,80,2024-05-17,0.66364,-0.48008,0.00040,-0.01671,5.92899,-33.94778
NVDA261218C01790000,NVDA,2026-12-18,1790.00,call,132.40,123.17,121.80,1,124.55,15,0,298,2024-05-17,0.46853,0.37599,0.00054,-0.17240,5.64725,5.74599
NVDA261218P01790000,NVDA,2026-12-18,1790.00,put,899.70,880.25,870.55,16,889.95,45,0,1,2024-05-17,0.66364,-0.48218,0.00040,-0.01541,5.93047,-34.18869
NVDA261218C01800000,NVDA,2026-12-18,1800.00,call,132.00,121.95,120.70,1,123.20,15,0,188,2024-05-17,0.46853,0.37319,0.00054,-0.17187,5.63392,5.71083
NVDA261218P01800000,NVDA,2026-12-18,1800.00,put,912.00,888.60,880.10,45,897.10,37,0,0,2024-05-17,0.68315,-0.47238,0.00039,-0.01979,5.92216,-34.44465
NVDA261218C01810000,NVDA,2026-12-18,1810.00,call,116.85,120.78,119.40,1,122.15,25,0,18,2024-05-17,0.46853,0.37041,0.00054,-0.17134,5.62039,5.67583
NVDA261218P01810000,NVDA,2026-12-18,1810.00,put,0.00,898.85,890.20,38,907.50,31,0,0,2024-05-17,0.68315,-0.47438,0.00039,-0.01851,5.92415,-34.68418
NVDA261218C01820000,NVDA,2026-12-18,1820.00,call,118.31,119.55,118.15,6,120.95,24,0,83,2024-05-17,0.46853,0.36766,0.00054,-0.17080,5.60667,5.64100
NVDA261218P01820000,NVDA,2026-12-18,1820.00,put,0.00,908.15,898.30,41,918.00,33,0,0,2024-05-17,0.68315,-0.47638,0.00039,-0.01722,5.92598,-34.92372
NVDA261218C01830000,NVDA,2026-12-18,1830.00,call,111.54,118.38,117.00,1,119.75,24,0,19,2024-05-17,0.46853,0.36492,0.00054,-0.17026,5.59277,5.60632
NVDA261218P01830000,NVDA,2026-12-18,1830.00,put,0.00,916.98,908.10,38,925.85,15,0,0,2024-05-17,0.68315,-0.47836,0.00039,-0.01593,5.92766,-35.16328
NVDA261218C01840000,NVDA,2026-12-18,1840.00,call,108.63,117.05,115.80,12,118.30,19,0,98,2024-05-17,0.46853,0.36221,0.00054,-0.16972,5.57868,5.57181
NVDA261218P01840000,NVDA,2026-12-18,1840.00,put,979.00,926.62,918.25,41,935.00,11,0,0,2024-05-17,0.68315,-0.48034,0.00039,-0.01464,5.92918,-35.40285
NVDA261218C01850000,NVDA,2026-12-18,1850.00,call,127.61,116.25,115.05,6,117.45,3,0,36,2024-05-17,0.46853,0.35952,0.00054,-0.16917,5.56441,5.53746
NVDA261218P01850000,NVDA,2026-12-18,1850.00,put,968.73,934.78,926.45,10,943.10,14,0,0,2024-05-17,0.68315,-0.48230,0.00039,-0.01333,5.93055,-35.64243
NVDA261218C01860000,NVDA,2026-12-18,1860.00,call,120.00,115.15,113.80,5,116.50,11,1,30,2024-05-17,0.46853,0.35685,0.00053,-0.16862,5.54997,5.50328
NVDA261218P01860000,NVDA,2026-12-18,1860.00,put,974.00,945.02,936.05,48,954.00,54,0,0,2024-05-17,0.70267,-0.47236,0.00038,-0.01771,5.92214,-35.89663
NVDA261218C01870000,NVDA,2026-12-18,1870.00,call,123.50,113.75,112.45,1,115.05,16,0,64,2024-05-17,0.46853,0.35420,0.00053,-0.16807,5.53537,5.46927
NVDA261218P01870000,NVDA,2026-12-18,1870.00,put,0.00,955.08,946.15,40,964.00,34,0,0,2024-05-17,0.70267,-0.47425,0.00038,-0.01644,5.92402,-36.13494
NVDA261218C01880000,NVDA,2026-12-18,1880.00,call,120.90,112.53,111.30,12,113.75,1,0,47,2024-05-17,0.46853,0.35157,0.00053,-0.16751,5.52060,5.43542
NVDA261218P01880000,NVDA,2026-12-18,1880.00,put,1019.00,964.15,954.30,44,974.00,37,0,0,2024-05-17,0.70267,-0.47613,0.00038,-0.01516,5.92576,-36.37327
NVDA261218C01890000,NVDA,2026-12-18,1890.00,call,114.00,111.55,110.25,1,112.85,24,0,36,2024-05-17,0.46853,0.34896,0.00053,-0.16695,5.50568,5.40174
NVDA261218P01890000,NVDA,2026-12-18,1890.00,put,999.00,973.23,964.45,11,982.00,30,0,2,2024-05-17,0.70267,-0.47800,0.00038,-0.01387,5.92736,-36.61161
NVDA261218C01900000,NVDA,2026-12-18,1900.00,call,115.60,110.72,109.50,1,111.95,10,1,352,2024-05-17,0.46853,0.34637,0.00053,-0.16639,5.49061,5.36823
NVDA261218P01900000,NVDA,2026-12-18,1900.00,put,1064.00,983.15,974.30,11,992.00,33,0,0,2024-05-17,0.70267,-0.47986,0.00038,-0.01258,5.92883,-36.84996
NVDA261218C01910000,NVDA,2026-12-18,1910.00,call,109.03,109.67,108.35,1,111.00,11,1,18,2024-05-17,0.46853,0.34381,0.00053,-0.16582,5.47539,5.33489
NVDA261218P01910000,NVDA,2026-12-18,1910.00,put,1053.00,993.08,984.15,42,1002.00,40,0,0,2024-05-17,0.72218,-0.46987,0.00037,-0.01691,5.91945,-37.10417
NVDA261218C01920000,NVDA,2026-12-18,1920.00,call,107.95,108.40,107.30,6,109.50,17,3,72,2024-05-17,0.46853,0.34126,0.00053,-0.16526,5.46003,5.30172
NVDA261218P01920000,NVDA,2026-12-18,1920.00,put,1043.90,1002.25,992.50,42,1012.00,54,0,0,2024-05-17,0.72218,-0.47166,0.00037,-0.01565,5.92140,-37.34136
NVDA261218C01930000,NVDA,2026-12-18,1930.00,call,111.00,107.50,106.00,1,109.00,11,4,123,2024-05-17,0.46853,0.33874,0.00052,-0.16469,5.44453,5.26872
NVDA261218P01930000,NVDA,2026-12-18,1930.00,put,1060.61,1012.00,1002.00,30,1022.00,28,0,0,2024-05-17,0.72218,-0.47344,0.00037,-0.01438,5.92323,-37.57856
NVDA261218C01940000,NVDA,2026-12-18,1940.00,call,106.65,106.20,104.95,6,107.45,5,21,1973,2024-05-17,0.46853,0.33623,0.00052,-0.16411,5.42891,5.23590
NVDA261218P01940000,NVDA,2026-12-18,1940.00,put,1060.00,1021.00,1012.00,1,1030.00,13,0,0,2024-05-17,0.72218,-0.47521,0.00037,-0.01311,5.92493,-37.81577
